6.00000000000000 0.00000000000000 0.00000000000000 0.00000000000000 0.00000000000000
6.01603206412826 0.00229545253860 0.00000000000000 -0.00144804627308 0.00000000000000
6.03206412825651 0.00465117506427 0.00000000000000 -0.00293409210277 0.00000000000000
6.04809619238477 0.00712354539351 0.00000000000000 -0.00449368241522 0.00000000000000
6.06412825651303 0.00976599274176 0.00000000000000 -0.00616050030840 0.00000000000000
6.08016032064128 0.01263012934231 0.00000000000000 -0.00796707900406 0.00000000000000
6.09619238476954 0.01576661593559 0.00000000000000 -0.00994534634060 0.00000000000000
6.11222444889780 0.01922581169748 0.00000000000000 -0.01212703343905 0.00000000000000
6.12825651302605 0.02305824683148 0.00000000000000 -0.01454397153438 0.00000000000000
6.14428857715431 0.02731494689403 0.00000000000000 -0.01722829525606 0.00000000000000
6.16032064128257 0.03204763116239 0.00000000000000 -0.02021256640833 0.00000000000000
6.17635270541082 0.03730880240475 0.00000000000000 -0.02352982919520 0.00000000000000
6.19238476953908 0.04315174183866 0.00000000000000 -0.02721360559024 0.00000000000000
6.20841683366733 0.04963042053717 0.00000000000000 -0.03129783796343 0.00000000000000
6.22444889779559 0.05679933681335 0.00000000000000 -0.03581678499196 0.00000000000000
6.24048096192385 0.06471328798962 0.00000000000000 -0.04080487617577 0.00000000000000
6.25651302605210 0.07342708428814 0.00000000000000 -0.04629652985948 0.00000000000000
6.27254509018036 0.08299521224294 0.00000000000000 -0.05232593945304 0.00000000000000
6.28857715430862 0.09347145493836 0.00000000000000 -0.05892683248473 0.00000000000000
6.30460921843687 0.10490847644247 0.00000000000000 -0.06613220716280 0.00000000000000
6.32064128256513 0.11735737796612 0.00000000000000 -0.07397405122510 0.00000000000000
6.33667334669339 0.13086722903496 0.00000000000000 -0.08248304518342 0.00000000000000
6.35270541082164 0.14548451514402 0.00000000000000 -0.09168821311054 0.00000000000000
6.36873747494990 0.16125232668597 0.00000000000000 -0.10161641060407 0.00000000000000
6.38476953907816 0.17820967388214 0.00000000000000 -0.11229189248303 0.00000000000000
6.40080160320641 0.19639086666873 0.00000000000000 -0.12373592175755 0.00000000000000
6.41683366733467 0.21582490481811 0.00000000000000 -0.13596638541280 0.00000000000000
6.43286573146293 0.23653488222036 0.00000000000000 -0.14899741951370 0.00000000000000
6.44889779559118 0.25853741463619 0.00000000000000 -0.16283904952749 0.00000000000000
6.46492985971944 0.28184210016139 0.00000000000000 -0.17749685171206 0.00000000000000
6.48096192384770 0.30645102143287 0.00000000000000 -0.19297164127939 0.00000000000000
6.49699398797595 0.33235829825187 0.00000000000000 -0.20925919281382 0.00000000000000
6.51302605210421 0.35954969880081 0.00000000000000 -0.22634999810265 0.00000000000000
6.52905811623247 0.38800231698999 0.00000000000000 -0.24422906612559 0.00000000000000
6.54509018036072 0.41768432269593 0.00000000000000 -0.26287576945303 0.00000000000000
6.56112224448898 0.44855479075519 0.00000000000000 -0.28226374072889 0.00000000000000
6.57715430861724 0.48056361357020 0.00000000000000 -0.30236082227009 0.00000000000000
6.59318637274549 0.51365150108218 0.00000000000000 -0.32312907111206 0.00000000000000
6.60921843687375 0.54775007069103 0.00000000000000 -0.34452482108048 0.00000000000000
6.62525050100200 0.58278202847162 0.00000000000000 -0.36649880268556 0.00000000000000
6.64128256513026 0.61866144177386 0.00000000000000 -0.38899632083178 0.00000000000000
6.65731462925852 0.65529410202095 0.00000000000000 -0.41195748952635 0.00000000000000
6.67334669338677 0.69257797526029 0.00000000000000 -0.43531752196780 0.00000000000000
6.68937875751503 0.73040373679617 0.00000000000000 -0.45900707361719 0.00000000000000
6.70541082164329 0.76865538506443 0.00000000000000 -0.48295263511060 0.00000000000000
6.72144288577154 0.80721092881678 0.00000000000000 -0.50707697117606 0.00000000000000
6.73747494989980 0.84594314068516 0.00000000000000 -0.53129960108192 0.00000000000000
6.75350701402806 0.88472036931038 0.00000000000000 -0.55553731557700 0.00000000000000
6.76953907815631 0.92340740145910 0.00000000000000 -0.57970472479383 0.00000000000000
6.78557114228457 0.96186636492977 0.00000000000000 -0.60371483118090 0.00000000000000
6.80160320641283 0.99995766257063 0.00000000000000 -0.62747962121414 0.00000000000000
6.81763527054108 1.03754092740733 0.00000000000000 -0.65091066941212 0.00000000000000
6.83366733466934 1.07447598870691 0.00000000000000 -0.67391974804686 0.00000000000000
6.84969939879760 1.11062383878918 0.00000000000000 -0.69641943589877 0.00000000000000
6.86573146292585 1.14584759053458 0.00000000000000 -0.71832371944871 0.00000000000000
6.88176352705411 1.18001341582248 0.00000000000000 -0.73954858002565 0.00000000000000
6.89779559118237 1.21299145556159 0.00000000000000 -0.76001256062893 0.00000000000000
6.91382765531062 1.24465670083980 0.00000000000000 -0.77963731439471 0.00000000000000
6.92985971943888 1.27488991658561 0.00000000000000 -0.79834820577757 0.00000000000000
6.94589178356714 1.30357855557564 0.00000000000000 -0.81607492014013 0.00000000000000
6.96192384769539 1.33061749059347 0.00000000000000 -0.83275192304998 0.00000000000000
6.97795591182365 1.35590965581952 0.00000000000000 -0.84831885772503 0.00000000000000
6.99398797595190 1.37936661108447 0.00000000000000 -0.86272088888925 0.00000000000000
7.01002004008016 1.40090902618402 0.00000000000000 -0.87590899174695 0.00000000000000
7.02605210420842 1.42046708284680 0.00000000000000 -0.88784019917131 0.00000000000000
7.04208416833667 1.43798079256027 0.00000000000000 -0.89847779629977 0.00000000000000
7.05811623246493 1.45340022941000 0.00000000000000 -0.90779146101076 0.00000000000000
7.07414829659319 1.46668567808780 0.00000000000000 -0.91575735046393 0.00000000000000
7.09018036072144 1.47780769818294 0.00000000000000 -0.92235813448464 0.00000000000000
7.10621242484970 1.48674710677125 0.00000000000000 -0.92758297714141 0.00000000000000
7.12224448897796 1.49349488215099 0.00000000000000 -0.93142746839087 0.00000000000000
7.13827655310621 1.49805199233200 0.00000000000000 -0.93389350814232 0.00000000000000
7.15430861723447 1.50042915255987 0.00000000000000 -0.93498914551850 0.00000000000000
7.17034068136273 1.50064651674466 0.00000000000000 -0.93472837645836 0.00000000000000
7.18637274549098 1.49873330816024 0.00000000000000 -0.93313090311823 0.00000000000000
7.20240480961924 1.49472739518453 0.00000000000000 -0.93022185877958 0.00000000000000
7.21843687374750 1.48867481816197 0.00000000000000 -0.92603150216380 0.00000000000000
7.23446893787575 1.48062927368976 0.00000000000000 -0.92059488518914 0.00000000000000
7.25050100200401 1.47065156276002 0.00000000000000 -0.91395149828201 0.00000000000000
7.26653306613227 1.45880900923655 0.00000000000000 -0.90614489737904 0.00000000000000
7.28256513026052 1.44517485511044 0.00000000000000 -0.89722231672873 0.00000000000000
7.29859719438878 1.42982763887087 0.00000000000000 -0.88723427152728 0.00000000000000
7.31462925851704 1.41285056315073 0.00000000000000 -0.87623415430562 0.00000000000000
7.33066132264529 1.39433085756969 0.00000000000000 -0.86427782882882 0.00000000000000
7.34669338677355 1.37435914240637 0.00000000000000 -0.85142322507927 0.00000000000000
7.36272545090180 1.35302879839440 0.00000000000000 -0.83772993867605 0.00000000000000
7.37875751503006 1.33043534756185 0.00000000000000 -0.82325883784055 0.00000000000000
7.39478957915832 1.30667584962757 0.00000000000000 -0.80807168075599 0.00000000000000
7.41082164328657 1.28184831803871 0.00000000000000 -0.79223074589250 0.00000000000000
7.42685370741483 1.25605115928825 0.00000000000000 -0.77579847758321 0.00000000000000
7.44288577154309 1.22938263869705 0.00000000000000 -0.75883714884511 0.00000000000000
7.45891783567134 1.20194037538710 0.00000000000000 -0.74140854314560 0.00000000000000
7.47494989979960 1.17382086871871 0.00000000000000 -0.72357365652517 0.00000000000000
7.49098196392786 1.14511905801824 0.00000000000000 -0.70539242120159 0.00000000000000
7.50701402805611 1.11592791699031 0.00000000000000 -0.68692345150547 0.00000000000000
7.52304609218437 1.08633808379326 0.00000000000000 -0.66822381273216 0.00000000000000
7.53907815631263 1.05643752736222 0.00000000000000 -0.64934881324452 0.00000000000000
7.55511022044088 1.02631125019426 0.00000000000000 -0.63035181992587 0.00000000000000
7.57114228456914 0.99604102746577 0.00000000000000 -0.61128409686446 0.00000000000000
7.58717434869740 0.96570518203727 0.00000000000000 -0.59219466695099 0.00000000000000
7.60320641282565 0.93537839461431 0.00000000000000 -0.57313019589023 0.00000000000000
7.61923847695391 0.90513154807787 0.00000000000000 -0.55413489796644 0.00000000000000
7.63527054108217 0.87503160477250 0.00000000000000 -0.53525046276103 0.00000000000000
7.65130260521042 0.84514151534616 0.00000000000000 -0.51651600189893 0.00000000000000
7.66733466933868 0.81552015757114 0.00000000000000 -0.49796801479771 0.00000000000000
7.68336673346694 0.78622230344092 0.00000000000000 -0.47964037230950 0.00000000000000
7.69939879759519 0.75729861273024 0.00000000000000 -0.46156431708016 0.00000000000000
7.71543086172345 0.72879565112618 0.00000000000000 -0.44376847940098 0.00000000000000
7.73146292585171 0.70075593098278 0.00000000000000 -0.42627890729596 0.00000000000000
7.74749498997996 0.67321797272044 0.00000000000000 -0.40911910956965 0.00000000000000
7.76352705410822 0.64621638488189 0.00000000000000 -0.39231011053654 0.00000000000000
7.77955911823647 0.61978196086615 0.00000000000000 -0.37587051516188 0.00000000000000
7.79559118236473 0.59394179039016 0.00000000000000 -0.35981658336321 0.00000000000000
7.81162324649299 0.56871938377116 0.00000000000000 -0.34416231225174 0.00000000000000
7.82765531062124 0.54413480718039 0.00000000000000 -0.32891952513154 0.00000000000000
7.84368737474950 0.52020482708813 0.00000000000000 -0.31409796611988 0.00000000000000
7.85971943887776 0.49694306219929 0.00000000000000 -0.29970539930474 0.00000000000000
7.87575150300601 0.47436014126652 0.00000000000000 -0.28574771141262 0.00000000000000
7.89178356713427 0.45246386526180 0.00000000000000 -0.27222901702116 0.00000000000000
7.90781563126253 0.43125937248633 0.00000000000000 -0.25915176541536 0.00000000000000
7.92384769539078 0.41074930530110 0.00000000000000 -0.24651684825281 0.00000000000000
7.93987975951904 0.39093397726476 0.00000000000000 -0.23432370727047 0.00000000000000
7.95591182364730 0.37181153957078 0.00000000000000 -0.22257044133392 0.00000000000000
7.97194388777555 0.35337814578032 0.00000000000000 -0.21125391219727 0.00000000000000
7.98797595190381 0.33562811395125 0.00000000000000 -0.20036984840865 0.00000000000000
8.00400801603207 0.31855408536449 0.00000000000000 -0.18991294686138 0.00000000000000
8.02004008016032 0.30214717914732 0.00000000000000 -0.17987697155365 0.00000000000000
8.03607214428858 0.28639714218803 0.00000000000000 -0.17025484918067 0.00000000000000
8.05210420841683 0.27129249382635 0.00000000000000 -0.16103876124081 0.00000000000000
8.06813627254509 0.25682066489033 0.00000000000000 -0.15222023239219 0.00000000000000
8.08416833667334 0.24296813073099 0.00000000000000 -0.14379021484801 0.00000000000000
8.10020040080160 0.22972053798183 0.00000000000000 -0.13573916864706 0.00000000000000
8.11623246492985 0.21706282484083 0.00000000000000 -0.12805713768066 0.00000000000000
8.13226452905811 0.20497933473717 0.00000000000000 -0.12073382139866 0.00000000000000
8.14829659318637 0.19345392330479 0.00000000000000 -0.11375864215493 0.00000000000000
8.16432865731462 0.18247005863874 0.00000000000000 -0.10712080818687 0.00000000000000
8.18036072144288 0.17201091485906 0.00000000000000 -0.10080937225443 0.00000000000000
8.19639278557113 0.16205945905053 0.00000000000000 -0.09481328599169 0.00000000000000
8.21242484969939 0.15259853168521 0.00000000000000 -0.08912145004814 0.00000000000000
8.22845691382764 0.14361092066833 0.00000000000000 -0.08372276011788 0.00000000000000
8.24448897795590 0.13507942917711 0.00000000000000 -0.07860614897361 0.00000000000000
8.26052104208416 0.12698693748719 0.00000000000000 -0.07376062463693 0.00000000000000
8.27655310621241 0.11931645900161 0.00000000000000 -0.06917530483013 0.00000000000000
8.29258517034067 0.11205119071454 0.00000000000000 -0.06483944786413 0.00000000000000
8.30861723446892 0.10517455835497 0.00000000000000 -0.06074248012603 0.00000000000000
8.32464929859718 0.09867025646583 0.00000000000000 -0.05687402033520 0.00000000000000
8.34068136272543 0.09252228368105 0.00000000000000 -0.05322390074121 0.00000000000000
8.35671342685369 0.08671497346739 0.00000000000000 -0.04978218543919 0.00000000000000
8.37274549098194 0.08123302059988 0.00000000000000 -0.04653918597893 0.00000000000000
8.38877755511020 0.07606150363932 0.00000000000000 -0.04348547444358 0.00000000000000
8.40480961923846 0.07118590367836 0.00000000000000 -0.04061189417189 0.00000000000000
8.42084168336671 0.06659211961841 0.00000000000000 -0.03790956829512 0.00000000000000
8.43687374749497 0.06226648023472 0.00000000000000 -0.03536990625584 0.00000000000000
8.45290581162322 0.05819575327990 0.00000000000000 -0.03298460847140 0.00000000000000
8.46893787575148 0.05436715186882 0.00000000000000 -0.03074566929937 0.00000000000000
8.48496993987973 0.05076833837903 0.00000000000000 -0.02864537845660 0.00000000000000
8.50100200400799 0.04738742609177 0.00000000000000 -0.02667632103720 0.00000000000000
8.51703406813625 0.04421297878850 0.00000000000000 -0.02483137626817 0.00000000000000
8.53306613226450 0.04123400850805 0.00000000000000 -0.02310371513460 0.00000000000000
8.54909819639276 0.03843997165856 0.00000000000000 -0.02148679699925 0.00000000000000
8.56513026052101 0.03582076366794 0.00000000000000 -0.01997436533437 0.00000000000000
8.58116232464927 0.03336671234572 0.00000000000000 -0.01856044267640 0.00000000000000
8.59719438877752 0.03106857011848 0.00000000000000 -0.01723932490704 0.00000000000000
8.61322645290578 0.02891750529020 0.00000000000000 -0.01600557495741 0.00000000000000
8.62925851703404 0.02690509246881 0.00000000000000 -0.01485401602473 0.00000000000000
8.64529058116229 0.02502330228959 0.00000000000000 -0.01377972438483 0.00000000000000
8.66132264529055 0.02326449055628 0.00000000000000 -0.01277802187657 0.00000000000000
8.67735470941880 0.02162138691125 0.00000000000000 -0.01184446812860 0.00000000000000
8.69338677354706 0.02008708313655 0.00000000000000 -0.01097485259245 0.00000000000000
8.70941883767531 0.01865502117902 0.00000000000000 -0.01016518644019 0.00000000000000
8.72545090180357 0.01731898098409 0.00000000000000 -0.00941169437967 0.00000000000000
8.74148296593182 0.01607306821455 0.00000000000000 -0.00871080643459 0.00000000000000
8.75751503006008 0.01491170192363 0.00000000000000 -0.00805914973229 0.00000000000000
8.77354709418834 0.01382960224353 0.00000000000000 -0.00745354033699 0.00000000000000
8.78957915831659 0.01282177814481 0.00000000000000 -0.00689097516218 0.00000000000000
8.80561122244485 0.01188351531488 0.00000000000000 -0.00636862399147 0.00000000000000
8.82164328657310 0.01101036419827 0.00000000000000 -0.00588382163377 0.00000000000000
8.83767535070136 0.01019812823598 0.00000000000000 -0.00543406023470 0.00000000000000
8.85370741482961 0.00944285233565 0.00000000000000 -0.00501698176329 0.00000000000000
8.86973947895787 0.00874081160015 0.00000000000000 -0.00463037068960 0.00000000000000
8.88577154308613 0.00808850033719 0.00000000000000 -0.00427214686652 0.00000000000000
8.90180360721438 0.00748262136930 0.00000000000000 -0.00394035862624 0.00000000000000
8.91783567134264 0.00692007565914 0.00000000000000 -0.00363317609954 0.00000000000000
8.93386773547089 0.00639795226251 0.00000000000000 -0.00334888476424 0.00000000000000
8.94989979959915 0.00591351861771 0.00000000000000 -0.00308587922698 0.00000000000000
8.96593186372740 0.00546421117797 0.00000000000000 -0.00284265724090 0.00000000000000
8.98196392785566 0.00504762639047 0.00000000000000 -0.00261781396051 0.00000000000000
8.99799599198391 0.00466151202384 0.00000000000000 -0.00241003643316 0.00000000000000
9.01402805611217 0.00430375884400 0.00000000000000 -0.00221809832602 0.00000000000000
9.03006012024043 0.00397239263617 0.00000000000000 -0.00204085488588 0.00000000000000
9.04609218436868 0.00366556656987 0.00000000000000 -0.00187723812844 0.00000000000000
9.06212424849694 0.00338155390205 0.00000000000000 -0.00172625225304 0.00000000000000
9.07815631262519 0.00311874101259 0.00000000000000 -0.00158696927785 0.00000000000000
9.09418837675345 0.00287562076529 0.00000000000000 -0.00145852489030 0.00000000000000
9.11022044088170 0.00265078618672 0.00000000000000 -0.00134011450682 0.00000000000000
9.12625250500996 0.00244292445483 0.00000000000000 -0.00123098953578 0.00000000000000
9.14228456913822 0.00225081118812 0.00000000000000 -0.00113045383702 0.00000000000000
9.15831663326647 0.00207330502655 0.00000000000000 -0.00103786037133 0.00000000000000
9.17434869739473 0.00190934249408 0.00000000000000 -0.00095260803302 0.00000000000000
9.19038076152298 0.00175793313350 0.00000000000000 -0.00087413865843 0.00000000000000
9.20641282565124 0.00161815490305 0.00000000000000 -0.00080193420363 0.00000000000000
9.22244488977949 0.00148914982508 0.00000000000000 -0.00073551408396 0.00000000000000
9.23847695390775 0.00137011987646 0.00000000000000 -0.00067443266863 0.00000000000000
9.25450901803601 0.00126032311066 0.00000000000000 -0.00061827692331 0.00000000000000
9.27054108216426 0.00115907000147 0.00000000000000 -0.00056666419393 0.00000000000000
9.28657314629252 0.00106571999853 0.00000000000000 -0.00051924012489 0.00000000000000
9.30260521042077 0.00097967828485 0.00000000000000 -0.00047567670527 0.00000000000000
9.31863727454903 0.00090039272691 0.00000000000000 -0.00043567043632 0.00000000000000
9.33466933867728 0.00082735100779 0.00000000000000 -0.00039894061435 0.00000000000000
9.35070140280554 0.00076007793457 0.00000000000000 -0.00036522772267 0.00000000000000
9.36673346693379 0.00069813291088 0.00000000000000 -0.00033429192693 0.00000000000000
9.38276553106205 0.00064110756626 0.00000000000000 -0.00030591166799 0.00000000000000
9.39879759519031 0.00058862353393 0.00000000000000 -0.00027988234719 0.00000000000000
9.41482965931856 0.00054033036912 0.00000000000000 -0.00025601509847 0.00000000000000
9.43086172344682 0.00049590360019 0.00000000000000 -0.00023413564257 0.00000000000000
9.44689378757507 0.00045504290524 0.00000000000000 -0.00021408321832 0.00000000000000
9.46292585170333 0.00041747040706 0.00000000000000 -0.00019570958665 0.00000000000000
9.47895791583158 0.00038292907975 0.00000000000000 -0.00017887810270 0.00000000000000
9.49498997995984 0.00035118126046 0.00000000000000 -0.00016346285210 0.00000000000000
9.51102204408810 0.00032200726009 0.00000000000000 -0.00014934784731 0.00000000000000
9.52705410821635 0.00029520406707 0.00000000000000 -0.00013642628025 0.00000000000000
9.54308617234461 0.00027058413863 0.00000000000000 -0.00012459982777 0.00000000000000
9.55911823647286 0.00024797427420 0.00000000000000 -0.00011377800649 0.00000000000000
9.57515030060112 0.00022721456589 0.00000000000000 -0.00010387757377 0.00000000000000
9.59118236472937 0.00020815742122 0.00000000000000 -0.00009482197194 0.00000000000000
9.60721442885763 0.00019066665369 0.00000000000000 -0.00008654081279 0.00000000000000
9.62324649298588 0.00017461663667 0.00000000000000 -0.00007896939965 0.00000000000000
9.63927855711414 0.00015989151669 0.00000000000000 -0.00007204828462 0.00000000000000
9.65531062124240 0.00014638448234 0.00000000000000 -0.00006572285851 0.00000000000000
9.67134268537065 0.00013399708492 0.00000000000000 -0.00005994297117 0.00000000000000
9.68737474949891 0.00012263860771 0.00000000000000 -0.00005466258023 0.00000000000000
9.70340681362716 0.00011222548049 0.00000000000000 -0.00004983942624 0.00000000000000
9.71943887775542 0.00010268073619 0.00000000000000 -0.00004543473227 0.00000000000000
9.73547094188367 0.00009393350712 0.00000000000000 -0.00004141292639 0.00000000000000
9.75150300601193 0.00008591855774 0.00000000000000 -0.00003774138525 0.00000000000000
9.76753507014019 0.00007857585181 0.00000000000000 -0.00003439019735 0.00000000000000
9.78356713426844 0.00007185015125 0.00000000000000 -0.00003133194450 0.00000000000000
9.79959919839670 0.00006569064475 0.00000000000000 -0.00002854150027 0.00000000000000
9.81563126252495 0.00006005060392 0.00000000000000 -0.00002599584401 0.00000000000000
9.83166332665321 0.00005488706513 0.00000000000000 -0.00002367388944 0.00000000000000
9.84769539078146 0.00005016053511 0.00000000000000 -0.00002155632668 0.00000000000000
9.86372745490972 0.00004583471875 0.00000000000000 -0.00001962547667 0.00000000000000
9.87975951903798 0.00004187626750 0.00000000000000 -0.00001786515720 0.00000000000000
9.89579158316623 0.00003825454674 0.00000000000000 -0.00001626055943 0.00000000000000
9.91182364729449 0.00003494142099 0.00000000000000 -0.00001479813438 0.00000000000000
9.92785571142274 0.00003191105542 0.00000000000000 -0.00001346548842 0.00000000000000
9.94388777555100 0.00002913973270 0.00000000000000 -0.00001225128720 0.00000000000000
9.95991983967925 0.00002660568387 0.00000000000000 -0.00001114516727 0.00000000000000
9.97595190380751 0.00002428893231 0.00000000000000 -0.00001013765488 0.00000000000000
9.99198396793576 0.00002217114982 0.00000000000000 -0.00000922009140 0.00000000000000
10.00801603206402 0.00002023552389 0.00000000000000 -0.00000838456472 0.00000000000000
10.02404809619228 0.00001846663533 0.00000000000000 -0.00000762384636 0.00000000000000
10.04008016032053 0.00001685034551 0.00000000000000 -0.00000693133366 0.00000000000000
10.05611222444879 0.00001537369242 0.00000000000000 -0.00000630099677 0.00000000000000
10.07214428857704 0.00001402479496 0.00000000000000 -0.00000572732997 0.00000000000000
10.08817635270530 0.00001279276481 0.00000000000000 -0.00000520530706 0.00000000000000
10.10420841683355 0.00001166762523 0.00000000000000 -0.00000473034043 0.00000000000000
10.12024048096181 0.00001064023640 0.00000000000000 -0.00000429824352 0.00000000000000
10.13627254509007 0.00000970222666 0.00000000000000 -0.00000390519648 0.00000000000000
10.15230460921832 0.00000884592929 0.00000000000000 -0.00000354771460 0.00000000000000
10.16833667334658 0.00000806432432 0.00000000000000 -0.00000322261949 0.00000000000000
10.18436873747483 0.00000735098508 0.00000000000000 -0.00000292701261 0.00000000000000
10.20040080160309 0.00000670002901 0.00000000000000 -0.00000265825110 0.00000000000000
10.21643286573134 0.00000610607248 0.00000000000000 -0.00000241392559 0.00000000000000
10.23246492985960 0.00000556418927 0.00000000000000 -0.00000219183996 0.00000000000000
10.24849699398785 0.00000506987242 0.00000000000000 -0.00000198999273 0.00000000000000
10.26452905811611 0.00000461899921 0.00000000000000 -0.00000180656014 0.00000000000000
10.28056112224437 0.00000420779896 0.00000000000000 -0.00000163988062 0.00000000000000
10.29659318637262 0.00000383282351 0.00000000000000 -0.00000148844055 0.00000000000000
10.31262525050088 0.00000349092011 0.00000000000000 -0.00000135086134 0.00000000000000
10.32865731462913 0.00000317920653 0.00000000000000 -0.00000122588755 0.00000000000000
10.34468937875739 0.00000289504826 0.00000000000000 -0.00000111237606 0.00000000000000
10.36072144288564 0.00000263603753 0.00000000000000 -0.00000100928614 0.00000000000000
10.37675350701390 0.00000239997416 0.00000000000000 -0.00000091567046 0.00000000000000
10.39278557114216 0.00000218484788 0.00000000000000 -0.00000083066678 0.00000000000000
10.40881763527041 0.00000198882225 0.00000000000000 -0.00000075349044 0.00000000000000
10.42484969939867 0.00000181021985 0.00000000000000 -0.00000068342746 0.00000000000000
10.44088176352692 0.00000164750869 0.00000000000000 -0.00000061982827 0.00000000000000
10.45691382765518 0.00000149928981 0.00000000000000 -0.00000056210198 0.00000000000000
10.47294589178343 0.00000136428590 0.00000000000000 -0.00000050971114 0.00000000000000
10.48897795591169 0.00000124133086 0.00000000000000 -0.00000046216694 0.00000000000000
10.50501002003995 0.00000112936026 0.00000000000000 -0.00000041902492 0.00000000000000
10.52104208416820 0.00000102740261 0.00000000000000 -0.00000037988095 0.00000000000000
10.53707414829646 0.00000093457134 0.00000000000000 -0.00000034436764 0.00000000000000
10.55310621242471 0.00000085005749 0.00000000000000 -0.00000031215102 0.00000000000000
10.56913827655297 0.00000077312299 0.00000000000000 -0.00000028292755 0.00000000000000
10.58517034068122 0.00000070309455 0.00000000000000 -0.00000025642136 0.00000000000000
10.60120240480948 0.00000063935803 0.00000000000000 -0.00000023238179 0.00000000000000
10.61723446893773 0.00000058135333 0.00000000000000 -0.00000021058107 0.00000000000000
10.63326653306599 0.00000052856966 0.00000000000000 -0.00000019081229 0.00000000000000
10.64929859719425 0.00000048054129 0.00000000000000 -0.00000017288748 0.00000000000000
10.66533066132250 0.00000043684360 0.00000000000000 -0.00000015663591 0.00000000000000
10.68136272545076 0.00000039708951 0.00000000000000 -0.00000014190252 0.00000000000000
10.69739478957901 0.00000036092617 0.00000000000000 -0.00000012854651 0.00000000000000
10.71342685370727 0.00000032803201 0.00000000000000 -0.00000011644001 0.00000000000000
10.72945891783552 0.00000029811398 0.00000000000000 -0.00000010546694 0.00000000000000
10.74549098196378 0.00000027090502 0.00000000000000 -0.00000009552191 0.00000000000000
10.76152304609204 0.00000024616183 0.00000000000000 -0.00000008650925 0.00000000000000
10.77755511022029 0.00000022366276 0.00000000000000 -0.00000007834213 0.00000000000000
10.79358717434855 0.00000020320589 0.00000000000000 -0.00000007094175 0.00000000000000
10.80961923847680 0.00000018460730 0.00000000000000 -0.00000006423657 0.00000000000000
10.82565130260506 0.00000016769950 0.00000000000000 -0.00000005816171 0.00000000000000
10.84168336673331 0.00000015232995 0.00000000000000 -0.00000005265828 0.00000000000000
10.85771543086157 0.00000013835976 0.00000000000000 -0.00000004767286 0.00000000000000
10.87374749498982 0.00000012566246 0.00000000000000 -0.00000004315699 0.00000000000000
10.88977955911808 0.00000011412294 0.00000000000000 -0.00000003906670 0.00000000000000
10.90581162324634 0.00000010363638 0.00000000000000 -0.00000003536213 0.00000000000000
10.92184368737459 0.00000009410739 0.00000000000000 -0.00000003200710 0.00000000000000
10.93787575150285 0.00000008544915 0.00000000000000 -0.00000002896883 0.00000000000000
10.95390781563110 0.00000007758264 0.00000000000000 -0.00000002621757 0.00000000000000
10.96993987975936 0.00000007043598 0.00000000000000 -0.00000002372637 0.00000000000000
10.98597194388761 0.00000006394372 0.00000000000000 -0.00000002147078 0.00000000000000
11.00200400801587 0.00000005804636 0.00000000000000 -0.00000001942863 0.00000000000000
11.01803607214413 0.00000005268974 0.00000000000000 -0.00000001757982 0.00000000000000
11.03406813627238 0.00000004782460 0.00000000000000 -0.00000001590616 0.00000000000000
11.05010020040064 0.00000004340615 0.00000000000000 -0.00000001439114 0.00000000000000
11.06613226452889 0.00000003939363 0.00000000000000 -0.00000001301978 0.00000000000000
11.08216432865715 0.00000003574998 0.00000000000000 -0.00000001177854 0.00000000000000
11.09819639278540 0.00000003244150 0.00000000000000 -0.00000001065514 0.00000000000000
11.11422845691366 0.00000002943756 0.00000000000000 -0.00000000963843 0.00000000000000
11.13026052104192 0.00000002671028 0.00000000000000 -0.00000000871834 0.00000000000000
11.14629258517017 0.00000002423435 0.00000000000000 -0.00000000788573 0.00000000000000
11.16232464929843 0.00000002198673 0.00000000000000 -0.00000000713231 0.00000000000000
11.17835671342668 0.00000001994649 0.00000000000000 -0.00000000645059 0.00000000000000
11.19438877755494 0.00000001809461 0.00000000000000 -0.00000000583377 0.00000000000000
11.21042084168319 0.00000001641381 0.00000000000000 -0.00000000527571 0.00000000000000
11.22645290581145 0.00000001488835 0.00000000000000 -0.00000000477084 0.00000000000000
11.24248496993970 0.00000001350398 0.00000000000000 -0.00000000431409 0.00000000000000
11.25851703406796 0.00000001224770 0.00000000000000 -0.00000000390092 0.00000000000000
11.27454909819622 0.00000001110774 0.00000000000000 -0.00000000352717 0.00000000000000
11.29058116232447 0.00000001007338 0.00000000000000 -0.00000000318910 0.00000000000000
11.30661322645273 0.00000000913488 0.00000000000000 -0.00000000288332 0.00000000000000
11.32264529058098 0.00000000828342 0.00000000000000 -0.00000000260676 0.00000000000000
11.33867735470924 0.00000000751096 0.00000000000000 -0.00000000235663 0.00000000000000
11.35470941883749 0.00000000681021 0.00000000000000 -0.00000000213042 0.00000000000000
11.37074148296575 0.00000000617455 0.00000000000000 -0.00000000192586 0.00000000000000
11.38677354709401 0.00000000559795 0.00000000000000 -0.00000000174087 0.00000000000000
11.40280561122226 0.00000000507497 0.00000000000000 -0.00000000157359 0.00000000000000
11.41883767535052 0.00000000460063 0.00000000000000 -0.00000000142233 0.00000000000000
11.43486973947877 0.00000000417044 0.00000000000000 -0.00000000128557 0.00000000000000
11.45090180360703 0.00000000378031 0.00000000000000 -0.00000000116192 0.00000000000000
11.46693386773528 0.00000000342652 0.00000000000000 -0.00000000105012 0.00000000000000
11.48296593186354 0.00000000310570 0.00000000000000 -0.00000000094905 0.00000000000000
11.49899799599179 0.00000000281480 0.00000000000000 -0.00000000085767 0.00000000000000
11.51503006012005 0.00000000255104 0.00000000000000 -0.00000000077507 0.00000000000000
11.53106212424831 0.00000000231189 0.00000000000000 -0.00000000070040 0.00000000000000
11.54709418837656 0.00000000209507 0.00000000000000 -0.00000000063290 0.00000000000000
11.56312625250482 0.00000000189851 0.00000000000000 -0.00000000057189 0.00000000000000
11.57915831663307 0.00000000172032 0.00000000000000 -0.00000000051675 0.00000000000000
11.59519038076133 0.00000000155879 0.00000000000000 -0.00000000046690 0.00000000000000
11.61122244488958 0.00000000141237 0.00000000000000 -0.00000000042185 0.00000000000000
11.62725450901784 0.00000000127966 0.00000000000000 -0.00000000038114 0.00000000000000
11.64328657314610 0.00000000115936 0.00000000000000 -0.00000000034434 0.00000000000000
11.65931863727435 0.00000000105034 0.00000000000000 -0.00000000031109 0.00000000000000
11.67535070140261 0.00000000095153 0.00000000000000 -0.00000000028104 0.00000000000000
11.69138276553086 0.00000000086198 0.00000000000000 -0.00000000025389 0.00000000000000
11.70741482965912 0.00000000078083 0.00000000000000 -0.00000000022935 0.00000000000000
11.72344689378737 0.00000000070730 0.00000000000000 -0.00000000020718 0.00000000000000
11.73947895791563 0.00000000064066 0.00000000000000 -0.00000000018714 0.00000000000000
11.75551102204389 0.00000000058028 0.00000000000000 -0.00000000016904 0.00000000000000
11.77154308617214 0.00000000052557 0.00000000000000 -0.00000000015269 0.00000000000000
11.78757515030040 0.00000000047601 0.00000000000000 -0.00000000013791 0.00000000000000
11.80360721442865 0.00000000043110 0.00000000000000 -0.00000000012456 0.00000000000000
11.81963927855691 0.00000000039041 0.00000000000000 -0.00000000011250 0.00000000000000
11.83567134268516 0.00000000035356 0.00000000000000 -0.00000000010161 0.00000000000000
11.85170340681342 0.00000000032017 0.00000000000000 -0.00000000009177 0.00000000000000
11.86773547094167 0.00000000028992 0.00000000000000 -0.00000000008287 0.00000000000000
11.88376753506993 0.00000000026252 0.00000000000000 -0.00000000007484 0.00000000000000
11.89979959919819 0.00000000023771 0.00000000000000 -0.00000000006759 0.00000000000000
11.91583166332644 0.00000000021523 0.00000000000000 -0.00000000006103 0.00000000000000
11.93186372745470 0.00000000019487 0.00000000000000 -0.00000000005511 0.00000000000000
11.94789579158295 0.00000000017643 0.00000000000000 -0.00000000004977 0.00000000000000
11.96392785571121 0.00000000015973 0.00000000000000 -0.00000000004494 0.00000000000000
11.97995991983946 0.00000000014461 0.00000000000000 -0.00000000004058 0.00000000000000
11.99599198396772 0.00000000013092 0.00000000000000 -0.00000000003664 0.00000000000000
12.01202404809598 0.00000000011851 0.00000000000000 -0.00000000003308 0.00000000000000
12.02805611222423 0.00000000010728 0.00000000000000 -0.00000000002987 0.00000000000000
12.04408817635249 0.00000000009711 0.00000000000000 -0.00000000002697 0.00000000000000
12.06012024048074 0.00000000008791 0.00000000000000 -0.00000000002435 0.00000000000000
12.07615230460900 0.00000000007957 0.00000000000000 -0.00000000002198 0.00000000000000
12.09218436873725 0.00000000007202 0.00000000000000 -0.00000000001985 0.00000000000000
12.10821643286551 0.00000000006518 0.00000000000000 -0.00000000001792 0.00000000000000
12.12424849699376 0.00000000005900 0.00000000000000 -0.00000000001618 0.00000000000000
12.14028056112202 0.00000000005340 0.00000000000000 -0.00000000001460 0.00000000000000
12.15631262525028 0.00000000004832 0.00000000000000 -0.00000000001318 0.00000000000000
12.17234468937853 0.00000000004373 0.00000000000000 -0.00000000001190 0.00000000000000
12.18837675350679 0.00000000003958 0.00000000000000 -0.00000000001074 0.00000000000000
12.20440881763504 0.00000000003582 0.00000000000000 -0.00000000000970 0.00000000000000
12.22044088176330 0.00000000003241 0.00000000000000 -0.00000000000875 0.00000000000000
12.23647294589155 0.00000000002933 0.00000000000000 -0.00000000000790 0.00000000000000
12.25250501001981 0.00000000002654 0.00000000000000 -0.00000000000713 0.00000000000000
12.26853707414807 0.00000000002401 0.00000000000000 -0.00000000000644 0.00000000000000
12.28456913827632 0.00000000002173 0.00000000000000 -0.00000000000581 0.00000000000000
12.30060120240458 0.00000000001966 0.00000000000000 -0.00000000000524 0.00000000000000
12.31663326653283 0.00000000001779 0.00000000000000 -0.00000000000473 0.00000000000000
12.33266533066109 0.00000000001609 0.00000000000000 -0.00000000000427 0.00000000000000
12.34869739478934 0.00000000001456 0.00000000000000 -0.00000000000386 0.00000000000000
12.36472945891760 0.00000000001317 0.00000000000000 -0.00000000000348 0.00000000000000
12.38076152304586 0.00000000001192 0.00000000000000 -0.00000000000314 0.00000000000000
12.39679358717411 0.00000000001078 0.00000000000000 -0.00000000000283 0.00000000000000
12.41282565130237 0.00000000000975 0.00000000000000 -0.00000000000256 0.00000000000000
12.42885771543062 0.00000000000882 0.00000000000000 -0.00000000000231 0.00000000000000
12.44488977955888 0.00000000000798 0.00000000000000 -0.00000000000208 0.00000000000000
12.46092184368713 0.00000000000722 0.00000000000000 -0.00000000000188 0.00000000000000
12.47695390781539 0.00000000000653 0.00000000000000 -0.00000000000170 0.00000000000000
12.49298597194364 0.00000000000591 0.00000000000000 -0.00000000000153 0.00000000000000
12.50901803607190 0.00000000000534 0.00000000000000 -0.00000000000138 0.00000000000000
12.52505010020016 0.00000000000483 0.00000000000000 -0.00000000000125 0.00000000000000
12.54108216432841 0.00000000000437 0.00000000000000 -0.00000000000112 0.00000000000000
12.55711422845667 0.00000000000395 0.00000000000000 -0.00000000000101 0.00000000000000
12.57314629258492 0.00000000000358 0.00000000000000 -0.00000000000092 0.00000000000000
12.58917835671318 0.00000000000323 0.00000000000000 -0.00000000000083 0.00000000000000
12.60521042084143 0.00000000000292 0.00000000000000 -0.00000000000075 0.00000000000000
12.62124248496969 0.00000000000264 0.00000000000000 -0.00000000000067 0.00000000000000
12.63727454909795 0.00000000000239 0.00000000000000 -0.00000000000061 0.00000000000000
12.65330661322620 0.00000000000216 0.00000000000000 -0.00000000000055 0.00000000000000
12.66933867735446 0.00000000000196 0.00000000000000 -0.00000000000049 0.00000000000000
12.68537074148271 0.00000000000177 0.00000000000000 -0.00000000000045 0.00000000000000
12.70140280561097 0.00000000000160 0.00000000000000 -0.00000000000040 0.00000000000000
12.71743486973922 0.00000000000145 0.00000000000000 -0.00000000000036 0.00000000000000
12.73346693386748 0.00000000000131 0.00000000000000 -0.00000000000033 0.00000000000000
12.74949899799573 0.00000000000118 0.00000000000000 -0.00000000000030 0.00000000000000
12.76553106212399 0.00000000000107 0.00000000000000 -0.00000000000027 0.00000000000000
12.78156312625225 0.00000000000097 0.00000000000000 -0.00000000000024 0.00000000000000
12.79759519038050 0.00000000000087 0.00000000000000 -0.00000000000022 0.00000000000000
12.81362725450876 0.00000000000079 0.00000000000000 -0.00000000000020 0.00000000000000
12.82965931863701 0.00000000000071 0.00000000000000 -0.00000000000018 0.00000000000000
12.84569138276527 0.00000000000065 0.00000000000000 -0.00000000000016 0.00000000000000
12.86172344689352 0.00000000000058 0.00000000000000 -0.00000000000014 0.00000000000000
12.87775551102178 0.00000000000053 0.00000000000000 -0.00000000000013 0.00000000000000
12.89378757515004 0.00000000000048 0.00000000000000 -0.00000000000012 0.00000000000000
12.90981963927829 0.00000000000043 0.00000000000000 -0.00000000000011 0.00000000000000
12.92585170340655 0.00000000000039 0.00000000000000 -0.00000000000010 0.00000000000000
12.94188376753480 0.00000000000035 0.00000000000000 -0.00000000000009 0.00000000000000
12.95791583166306 0.00000000000032 0.00000000000000 -0.00000000000008 0.00000000000000
12.97394789579131 0.00000000000029 0.00000000000000 -0.00000000000007 0.00000000000000
12.98997995991957 0.00000000000026 0.00000000000000 -0.00000000000006 0.00000000000000
13.00601202404783 0.00000000000024 0.00000000000000 -0.00000000000006 0.00000000000000
13.02204408817608 0.00000000000021 0.00000000000000 -0.00000000000005 0.00000000000000
13.03807615230434 0.00000000000019 0.00000000000000 -0.00000000000005 0.00000000000000
13.05410821643259 0.00000000000017 0.00000000000000 -0.00000000000004 0.00000000000000
13.07014028056085 0.00000000000016 0.00000000000000 -0.00000000000004 0.00000000000000
13.08617234468910 0.00000000000014 0.00000000000000 -0.00000000000003 0.00000000000000
13.10220440881736 0.00000000000013 0.00000000000000 -0.00000000000003 0.00000000000000
13.11823647294561 0.00000000000012 0.00000000000000 -0.00000000000003 0.00000000000000
13.13426853707387 0.00000000000010 0.00000000000000 -0.00000000000002 0.00000000000000
13.15030060120213 0.00000000000009 0.00000000000000 -0.00000000000002 0.00000000000000
13.16633266533038 0.00000000000009 0.00000000000000 -0.00000000000002 0.00000000000000
13.18236472945864 0.00000000000008 0.00000000000000 -0.00000000000002 0.00000000000000
13.19839679358689 0.00000000000007 0.00000000000000 -0.00000000000002 0.00000000000000
13.21442885771515 0.00000000000006 0.00000000000000 -0.00000000000001 0.00000000000000
13.23046092184340 0.00000000000006 0.00000000000000 -0.00000000000001 0.00000000000000
13.24649298597166 0.00000000000005 0.00000000000000 -0.00000000000001 0.00000000000000
13.26252505009992 0.00000000000005 0.00000000000000 -0.00000000000001 0.00000000000000
13.27855711422817 0.00000000000004 0.00000000000000 -0.00000000000001 0.00000000000000
13.29458917835643 0.00000000000004 0.00000000000000 -0.00000000000001 0.00000000000000
13.31062124248468 0.00000000000003 0.00000000000000 -0.00000000000001 0.00000000000000
13.32665330661294 0.00000000000003 0.00000000000000 -0.00000000000001 0.00000000000000
13.34268537074119 0.00000000000003 0.00000000000000 -0.00000000000001 0.00000000000000
13.35871743486945 0.00000000000003 0.00000000000000 -0.00000000000001 0.00000000000000
13.37474949899770 0.00000000000002 0.00000000000000 -0.00000000000001 0.00000000000000
13.39078156312596 0.00000000000002 0.00000000000000 -0.00000000000000 0.00000000000000
13.40681362725422 0.00000000000002 0.00000000000000 -0.00000000000000 0.00000000000000
13.42284569138247 0.00000000000002 0.00000000000000 -0.00000000000000 0.00000000000000
13.43887775551073 0.00000000000002 0.00000000000000 -0.00000000000000 0.00000000000000
13.45490981963898 0.00000000000001 0.00000000000000 -0.00000000000000 0.00000000000000
13.47094188376724 0.00000000000001 0.00000000000000 -0.00000000000000 0.00000000000000
13.48697394789549 0.00000000000001 0.00000000000000 -0.00000000000000 0.00000000000000
13.50300601202375 0.00000000000001 0.00000000000000 -0.00000000000000 0.00000000000000
13.51903807615201 0.00000000000001 0.00000000000000 -0.00000000000000 0.00000000000000
13.53507014028026 0.00000000000001 0.00000000000000 -0.00000000000000 0.00000000000000
13.55110220440852 0.00000000000001 0.00000000000000 -0.00000000000000 0.00000000000000
13.56713426853677 0.00000000000001 0.00000000000000 -0.00000000000000 0.00000000000000
13.58316633266503 0.00000000000001 0.00000000000000 -0.00000000000000 0.00000000000000
13.59919839679328 0.00000000000001 0.00000000000000 -0.00000000000000 0.00000000000000
13.61523046092154 0.00000000000000 0.00000000000000 -0.00000000000000 0.00000000000000
13.63126252504980 0.00000000000000 0.00000000000000 -0.00000000000000 0.00000000000000
13.64729458917805 0.00000000000000 0.00000000000000 -0.00000000000000 0.00000000000000
13.66332665330631 0.00000000000000 0.00000000000000 -0.00000000000000 0.00000000000000
13.67935871743456 0.00000000000000 0.00000000000000 -0.00000000000000 0.00000000000000
13.69539078156282 0.00000000000000 0.00000000000000 -0.00000000000000 0.00000000000000
13.71142284569107 0.00000000000000 0.00000000000000 -0.00000000000000 0.00000000000000
13.72745490981933 0.00000000000000 0.00000000000000 -0.00000000000000 0.00000000000000
13.74348697394758 0.00000000000000 0.00000000000000 -0.00000000000000 0.00000000000000
13.75951903807584 0.00000000000000 0.00000000000000 -0.00000000000000 0.00000000000000
13.77555110220410 0.00000000000000 0.00000000000000 -0.00000000000000 0.00000000000000
13.79158316633235 0.00000000000000 0.00000000000000 -0.00000000000000 0.00000000000000
13.80761523046061 0.00000000000000 0.00000000000000 -0.00000000000000 0.00000000000000
13.82364729458886 0.00000000000000 0.00000000000000 -0.00000000000000 0.00000000000000
13.83967935871712 0.00000000000000 0.00000000000000 -0.00000000000000 0.00000000000000
13.85571142284537 0.00000000000000 0.00000000000000 -0.00000000000000 0.00000000000000
13.87174348697363 0.00000000000000 0.00000000000000 -0.00000000000000 0.00000000000000
13.88777555110189 0.00000000000000 0.00000000000000 -0.00000000000000 0.00000000000000
13.90380761523014 0.00000000000000 0.00000000000000 -0.00000000000000 0.00000000000000
13.91983967935840 0.00000000000000 0.00000000000000 -0.00000000000000 0.00000000000000
13.93587174348665 0.00000000000000 0.00000000000000 -0.00000000000000 0.00000000000000
13.95190380761491 0.00000000000000 0.00000000000000 -0.00000000000000 0.00000000000000
13.96793587174316 0.00000000000000 0.00000000000000 -0.00000000000000 0.00000000000000
13.98396793587142 0.00000000000000 0.00000000000000 -0.00000000000000 0.00000000000000
13.99999999999967 0.00000000000000 0.00000000000000 0.00000000000000 0.00000000000000
