6.00000000000000 0.00000000000000 0.00000000000000 0.00000000000000 0.00000000000000
6.01603206412826 0.00451804562896 0.00000000000000 -0.00285013090559 0.00000000000000
6.03206412825651 0.00914266357213 0.00000000000000 -0.00576745064303 0.00000000000000
6.04809619238477 0.01397218477182 0.00000000000000 -0.00881395080329 0.00000000000000
6.06412825651303 0.01909803590592 0.00000000000000 -0.01204726479696 0.00000000000000
6.08016032064128 0.02460649692642 0.00000000000000 -0.01552177320276 0.00000000000000
6.09619238476954 0.03057997109167 0.00000000000000 -0.01928940248950 0.00000000000000
6.11222444889780 0.03709785757817 0.00000000000000 -0.02340017343754 0.00000000000000
6.12825651302605 0.04423709615049 0.00000000000000 -0.02790254287296 0.00000000000000
6.14428857715431 0.05207243822477 0.00000000000000 -0.03284357290351 0.00000000000000
6.16032064128257 0.06067648761587 0.00000000000000 -0.03826895493913 0.00000000000000
6.17635270541082 0.07011954629714 0.00000000000000 -0.04422291078916 0.00000000000000
6.19238476953908 0.08046929486327 0.00000000000000 -0.05074798958880 0.00000000000000
6.20841683366733 0.09179033348956 0.00000000000000 -0.05788477686025 0.00000000000000
6.22444889779559 0.10414360657802 0.00000000000000 -0.06567153037870 0.00000000000000
6.24048096192385 0.11758573262122 0.00000000000000 -0.07414375647163 0.00000000000000
6.25651302605210 0.13216825982262 0.00000000000000 -0.08333373975690 0.00000000000000
6.27254509018036 0.14793686746660 0.00000000000000 -0.09327003898246 0.00000000000000
6.28857715430862 0.16493053275378 0.00000000000000 -0.10397696145538 0.00000000000000
6.30460921843687 0.18318068266561 0.00000000000000 -0.11547402845128 0.00000000000000
6.32064128256513 0.20271035027956 0.00000000000000 -0.12777544390260 0.00000000000000
6.33667334669339 0.22353334713195 0.00000000000000 -0.14088957372998 0.00000000000000
6.35270541082164 0.24565335781123 0.00000000000000 -0.15481837674008 0.00000000000000
6.36873747494990 0.26906267195882 0.00000000000000 -0.16955660766298 0.00000000000000
6.38476953907816 0.29374122591295 0.00000000000000 -0.18509121611587 0.00000000000000
6.40080160320641 0.31965584648125 0.00000000000000 -0.20140087372069 0.00000000000000
6.41683366733467 0.34675960492233 0.00000000000000 -0.21845557144657 0.00000000000000
6.43286573146293 0.37499128981930 0.00000000000000 -0.23621629265141 0.00000000000000
6.44889779559118 0.40427501536243 0.00000000000000 -0.25463477222081 0.00000000000000
6.46492985971944 0.43451997987467 0.00000000000000 -0.27365335112512 0.00000000000000
6.48096192384770 0.46562038742283 0.00000000000000 -0.29320493444454 0.00000000000000
6.49699398797595 0.49745554308146 0.00000000000000 -0.31321305945993 0.00000000000000
6.51302605210421 0.52989012988800 0.00000000000000 -0.33359207879702 0.00000000000000
6.52905811623247 0.56277467278735 0.00000000000000 -0.35424746186730 0.00000000000000
6.54509018036072 0.59594619195729 0.00000000000000 -0.37507621600149 0.00000000000000
6.56112224448898 0.62922904488661 0.00000000000000 -0.39596742675348 0.00000000000000
6.57715430861724 0.66243595350074 0.00000000000000 -0.41680291490081 0.00000000000000
6.59318637274549 0.69536920955442 0.00000000000000 -0.43745800571817 0.00000000000000
6.60921843687375 0.72782204849640 0.00000000000000 -0.45780240419235 0.00000000000000
6.62525050100200 0.75958017911746 0.00000000000000 -0.47770116801690 0.00000000000000
6.64128256513026 0.79042345357611 0.00000000000000 -0.49701576848941 0.00000000000000
6.65731462925852 0.82012765991020 0.00000000000000 -0.51560522786666 0.00000000000000
6.67334669338677 0.84846641693615 0.00000000000000 -0.53332732034520 0.00000000000000
6.68937875751503 0.87521314955295 0.00000000000000 -0.55003982265212 0.00000000000000
6.70541082164329 0.90014312094173 0.00000000000000 -0.56560179927713 0.00000000000000
6.72144288577154 0.92303549701212 0.00000000000000 -0.57987490666927 0.00000000000000
6.73747494989980 0.94367541771274 0.00000000000000 -0.59272470027205 0.00000000000000
6.75350701402806 0.96185604950842 0.00000000000000 -0.60402192808656 0.00000000000000
6.76953907815631 0.97738059343209 0.00000000000000 -0.61364379453449 0.00000000000000
6.78557114228457 0.99006422364087 0.00000000000000 -0.62147517873765 0.00000000000000
6.80160320641283 0.99973593232854 0.00000000000000 -0.62740979192831 0.00000000000000
6.81763527054108 1.00624025815026 0.00000000000000 -0.63135125954103 0.00000000000000
6.83366733466934 1.00943887697012 0.00000000000000 -0.63321411459294 0.00000000000000
6.84969939879760 1.00921203571483 0.00000000000000 -0.63292469021225 0.00000000000000
6.86573146292585 1.00545981236644 0.00000000000000 -0.63042190059900 0.00000000000000
6.88176352705411 0.99810318760994 0.00000000000000 -0.62565790126721 0.00000000000000
6.89779559118237 0.98708491632084 0.00000000000000 -0.61859862109409 0.00000000000000
6.91382765531062 0.97237019637365 0.00000000000000 -0.60922416669185 0.00000000000000
6.92985971943888 0.95394718948442 0.00000000000000 -0.59752915390515 0.00000000000000
6.94589178356714 0.93182734341200 0.00000000000000 -0.58352292185254 0.00000000000000
6.96192384769539 0.90604538822009 0.00000000000000 -0.56722951085070 0.00000000000000
6.97795591182365 0.87665909420148 0.00000000000000 -0.54868748647806 0.00000000000000
6.99398797595190 0.84374881296776 0.00000000000000 -0.52794962421440 0.00000000000000
7.01002004008016 0.80741681109731 0.00000000000000 -0.50508246182664 0.00000000000000
7.02605210420842 0.76778640756997 0.00000000000000 -0.48016573596083 0.00000000000000
7.04208416833667 0.72500092809543 0.00000000000000 -0.45329170431705 0.00000000000000
7.05811623246493 0.67922249132657 0.00000000000000 -0.42456436229650 0.00000000000000
7.07414829659319 0.63063064361128 0.00000000000000 -0.39409856482563 0.00000000000000
7.09018036072144 0.57942086030754 0.00000000000000 -0.36201906491319 0.00000000000000
7.10621242484970 0.52580293275345 0.00000000000000 -0.32845948115796 0.00000000000000
7.12224448897796 0.46999926074566 0.00000000000000 -0.29356120689123 0.00000000000000
7.13827655310621 0.41224307083696 0.00000000000000 -0.25747227391062 0.00000000000000
7.15430861723447 0.35277658092570 0.00000000000000 -0.22034618384613 0.00000000000000
7.17034068136273 0.29184913148811 0.00000000000000 -0.18234072010370 0.00000000000000
7.18637274549098 0.22971530341497 0.00000000000000 -0.14361675306556 0.00000000000000
7.20240480961924 0.16663304177819 0.00000000000000 -0.10433705080443 0.00000000000000
7.21843687374750 0.10286180399102 0.00000000000000 -0.06466510700446 0.00000000000000
7.23446893787575 0.03866074976506 0.00000000000000 -0.02476399709082 0.00000000000000
7.25050100200401 -0.02571301096659 0.00000000000000 0.01520472722879 0.00000000000000
7.26653306613227 -0.09000609736952 0.00000000000000 0.05508209569775 0.00000000000000
7.28256513026052 -0.15397045097646 0.00000000000000 0.09471272116914 0.00000000000000
7.29859719438878 -0.21736483119260 0.00000000000000 0.13394573785657 0.00000000000000
7.31462925851704 -0.27995620297059 0.00000000000000 0.17263566989856 0.00000000000000
7.33066132264529 -0.34152100826593 0.00000000000000 0.21064322503213 0.00000000000000
7.34669338677355 -0.40184631456890 0.00000000000000 0.24783600924808 0.00000000000000
7.36272545090180 -0.46073083547950 0.00000000000000 0.28408915936648 0.00000000000000
7.37875751503006 -0.51798581992363 0.00000000000000 0.31928589151056 0.00000000000000
7.39478957915832 -0.57343580818362 0.00000000000000 0.35331796445926 0.00000000000000
7.41082164328657 -0.62691925441588 0.00000000000000 0.38608605781110 0.00000000000000
7.42685370741483 -0.67828901673814 0.00000000000000 0.41750006578627 0.00000000000000
7.44288577154309 -0.72741271727628 0.00000000000000 0.44747930832156 0.00000000000000
7.45891783567134 -0.77417297575551 0.00000000000000 0.47595266186738 0.00000000000000
7.47494989979960 -0.81846752129553 0.00000000000000 0.50285861297397 0.00000000000000
7.49098196392786 -0.86020918801889 0.00000000000000 0.52814523835050 0.00000000000000
7.50701402805611 -0.89932580090255 0.00000000000000 0.55177011559527 0.00000000000000
7.52304609218437 -0.93575995899483 0.00000000000000 0.57370016922685 0.00000000000000
7.53907815631263 -0.96946872368285 0.00000000000000 0.59391145699500 0.00000000000000
7.55511022044088 -1.00042322013358 0.00000000000000 0.61238890171973 0.00000000000000
7.57114228456914 -1.02860816034774 0.00000000000000 0.62912597409794 0.00000000000000
7.58717434869740 -1.05402129646600 0.00000000000000 0.64412433203514 0.00000000000000
7.60320641282565 -1.07667281305836 0.00000000000000 0.65739342210765 0.00000000000000
7.61923847695391 -1.09658466711672 0.00000000000000 0.66895004874478 0.00000000000000
7.63527054108217 -1.11378988436717 0.00000000000000 0.67881791664454 0.00000000000000
7.65130260521042 -1.12833182033039 0.00000000000000 0.68702715180822 0.00000000000000
7.66733466933868 -1.14026339429483 0.00000000000000 0.69361380640208 0.00000000000000
7.68336673346694 -1.14964630403847 0.00000000000000 0.69861935243744 0.00000000000000
7.69939879759519 -1.15655022874915 0.00000000000000 0.70209016900642 0.00000000000000
7.71543086172345 -1.16105202716081 0.00000000000000 0.70407702752860 0.00000000000000
7.73146292585171 -1.16323493745187 0.00000000000000 0.70463457915708 0.00000000000000
7.74749498997996 -1.16318778495237 0.00000000000000 0.70382084816825 0.00000000000000
7.76352705410822 -1.16100420318461 0.00000000000000 0.70169673482218 0.00000000000000
7.77955911823647 -1.15678187322806 0.00000000000000 0.69832553083558 0.00000000000000
7.79559118236473 -1.15062178585852 0.00000000000000 0.69377245026075 0.00000000000000
7.81162324649299 -1.14262753037152 0.00000000000000 0.68810417821677 0.00000000000000
7.82765531062124 -1.13290461346646 0.00000000000000 0.68138843957604 0.00000000000000
7.84368737474950 -1.12155981104640 0.00000000000000 0.67369358937514 0.00000000000000
7.85971943887776 -1.10870055528321 0.00000000000000 0.66508822639476 0.00000000000000
7.87575150300601 -1.09443435881303 0.00000000000000 0.65564083104392 0.00000000000000
7.89178356713427 -1.07886827746629 0.00000000000000 0.64541942838878 0.00000000000000
7.90781563126253 -1.06210841250229 0.00000000000000 0.63449127688942 0.00000000000000
7.92384769539078 -1.04425945291283 0.00000000000000 0.62292258314969 0.00000000000000
7.93987975951904 -1.02542425798441 0.00000000000000 0.61077824274618 0.00000000000000
7.95591182364730 -1.00570347996457 0.00000000000000 0.59812160698436 0.00000000000000
7.97194388777555 -0.98519522636678 0.00000000000000 0.58501427523207 0.00000000000000
7.98797595190381 -0.96399476116840 0.00000000000000 0.57151591230365 0.00000000000000
8.00400801603207 -0.94219424390921 0.00000000000000 0.55768409021179 0.00000000000000
8.02004008016032 -0.91988250548191 0.00000000000000 0.54357415346812 0.00000000000000
8.03607214428858 -0.89714485922058 0.00000000000000 0.52923910699727 0.00000000000000
8.05210420841683 -0.87406294573727 0.00000000000000 0.51472952563144 0.00000000000000
8.06813627254509 -0.85071460982921 0.00000000000000 0.50009348407336 0.00000000000000
8.08416833667334 -0.82717380767788 0.00000000000000 0.48537650615311 0.00000000000000
8.10020040080160 -0.80351054248505 0.00000000000000 0.47062153215790 0.00000000000000
8.11623246492985 -0.77979082663820 0.00000000000000 0.45586890298259 0.00000000000000
8.13226452905811 -0.75607666846621 0.00000000000000 0.44115635983096 0.00000000000000
8.14829659318637 -0.73242608163425 0.00000000000000 0.42651905819250 0.00000000000000
8.16432865731462 -0.70889311523300 0.00000000000000 0.41198959482582 0.00000000000000
8.18036072144288 -0.68552790263877 0.00000000000000 0.39759804649575 0.00000000000000
8.19639278557113 -0.66237672725721 0.00000000000000 0.38337201923673 0.00000000000000
8.21242484969939 -0.63948210331110 0.00000000000000 0.36933670694791 0.00000000000000
8.22845691382764 -0.61688286989171 0.00000000000000 0.35551495816510 0.00000000000000
8.24448897795590 -0.59461429656047 0.00000000000000 0.34192734990044 0.00000000000000
8.26052104208416 -0.57270819886292 0.00000000000000 0.32859226749028 0.00000000000000
8.27655310621241 -0.55119306219779 0.00000000000000 0.31552598944597 0.00000000000000
8.29258517034067 -0.53009417256937 0.00000000000000 0.30274277635878 0.00000000000000
8.30861723446892 -0.50943375284036 0.00000000000000 0.29025496296879 0.00000000000000
8.32464929859718 -0.48923110319324 0.00000000000000 0.27807305256800 0.00000000000000
8.34068136272543 -0.46950274460032 0.00000000000000 0.26620581296825 0.00000000000000
8.35671342685369 -0.45026256419510 0.00000000000000 0.25466037332553 0.00000000000000
8.37274549098194 -0.43152196152897 0.00000000000000 0.24344232117251 0.00000000000000
8.38877755511020 -0.41328999478786 0.00000000000000 0.23255579907040 0.00000000000000
8.40480961923846 -0.39557352613172 0.00000000000000 0.22200360034916 0.00000000000000
8.42084168336671 -0.37837736540513 0.00000000000000 0.21178726346149 0.00000000000000
8.43687374749497 -0.36170441155069 0.00000000000000 0.20190716452995 0.00000000000000
8.45290581162322 -0.34555579113552 0.00000000000000 0.19236260771877 0.00000000000000
8.46893787575148 -0.32993099347727 0.00000000000000 0.18315191311112 0.00000000000000
8.48496993987973 -0.31482800192763 0.00000000000000 0.17427250181984 0.00000000000000
8.50100200400799 -0.30024342093878 0.00000000000000 0.16572097810317 0.00000000000000
8.51703406813625 -0.28617259860185 0.00000000000000 0.15749320829908 0.00000000000000
8.53306613226450 -0.27260974440527 0.00000000000000 0.14958439642959 0.00000000000000
8.54909819639276 -0.25954804201590 0.00000000000000 0.14198915636265 0.00000000000000
8.56513026052101 -0.24697975693625 0.00000000000000 0.13470158045165 0.00000000000000
8.58116232464927 -0.23489633893739 0.00000000000000 0.12771530460264 0.00000000000000
8.59719438877752 -0.22328851920930 0.00000000000000 0.12102356974698 0.00000000000000
8.61322645290578 -0.21214640220883 0.00000000000000 0.11461927972126 0.00000000000000
8.62925851703404 -0.20145955221934 0.00000000000000 0.10849505557880 0.00000000000000
8.64529058116229 -0.19121707466720 0.00000000000000 0.10264328637657 0.00000000000000
8.66132264529055 -0.18140769226687 0.00000000000000 0.09705617649844 0.00000000000000
8.67735470941880 -0.17201981609061 0.00000000000000 0.09172578959118 0.00000000000000
8.69338677354706 -0.16304161167890 0.00000000000000 0.08664408920200 0.00000000000000
8.70941883767531 -0.15446106032563 0.00000000000000 0.08180297621805 0.00000000000000
8.72545090180357 -0.14626601568671 0.00000000000000 0.07719432321695 0.00000000000000
8.74148296593182 -0.13844425587327 0.00000000000000 0.07281000584518 0.00000000000000
8.75751503006008 -0.13098353120029 0.00000000000000 0.06864193134703 0.00000000000000
8.77354709418834 -0.12387160776925 0.00000000000000 0.06468206437110 0.00000000000000
8.78957915831659 -0.11709630706935 0.00000000000000 0.06092245018475 0.00000000000000
8.80561122244485 -0.11064554178531 0.00000000000000 0.05735523542851 0.00000000000000
8.82164328657310 -0.10450734800254 0.00000000000000 0.05397268654364 0.00000000000000
8.83767535070136 -0.09866991400087 0.00000000000000 0.05076720600580 0.00000000000000
8.85370741482961 -0.09312160582766 0.00000000000000 0.04773134649682 0.00000000000000
8.86973947895787 -0.08785098983967 0.00000000000000 0.04485782314478 0.00000000000000
8.88577154308613 -0.08284685239999 0.00000000000000 0.04213952396065 0.00000000000000
8.90180360721438 -0.07809821691305 0.00000000000000 0.03956951859617 0.00000000000000
8.91783567134264 -0.07359435837651 0.00000000000000 0.03714106554487 0.00000000000000
8.93386773547089 -0.06932481562350 0.00000000000000 0.03484761790388 0.00000000000000
8.94989979959915 -0.06527940142365 0.00000000000000 0.03268282781027 0.00000000000000
8.96593186372740 -0.06144821060518 0.00000000000000 0.03064054966118 0.00000000000000
8.98196392785566 -0.05782162635407 0.00000000000000 0.02871484222235 0.00000000000000
8.99799599198391 -0.05439032483999 0.00000000000000 0.02689996972491 0.00000000000000
9.01402805611217 -0.05114527831175 0.00000000000000 0.02519040204551 0.00000000000000
9.03006012024043 -0.04807775679841 0.00000000000000 0.02358081405988 0.00000000000000
9.04609218436868 -0.04517932854513 0.00000000000000 0.02206608425482 0.00000000000000
9.06212424849694 -0.04244185930613 0.00000000000000 0.02064129267915 0.00000000000000
9.07815631262519 -0.03985751061010 0.00000000000000 0.01930171830866 0.00000000000000
9.09418837675345 -0.03741873710676 0.00000000000000 0.01804283589595 0.00000000000000
9.11022044088170 -0.03511828309652 0.00000000000000 0.01686031237088 0.00000000000000
9.12625250500996 -0.03294917833878 0.00000000000000 0.01575000285298 0.00000000000000
9.14228456913822 -0.03090473322788 0.00000000000000 0.01470794633286 0.00000000000000
9.15831663326647 -0.02897853341981 0.00000000000000 0.01373036107507 0.00000000000000
9.17434869739473 -0.02716443398657 0.00000000000000 0.01281363979112 0.00000000000000
9.19038076152298 -0.02545655316956 0.00000000000000 0.01195434462708 0.00000000000000
9.20641282565124 -0.02384926579774 0.00000000000000 0.01114920200661 0.00000000000000
9.22244488977949 -0.02233719643115 0.00000000000000 0.01039509736675 0.00000000000000
9.23847695390775 -0.02091521228525 0.00000000000000 0.00968906982010 0.00000000000000
9.25450901803601 -0.01957841598695 0.00000000000000 0.00902830677411 0.00000000000000
9.27054108216426 -0.01832213820848 0.00000000000000 0.00841013853501 0.00000000000000
9.28657314629252 -0.01714193022108 0.00000000000000 0.00783203292105 0.00000000000000
9.30260521042077 -0.01603355640661 0.00000000000000 0.00729158990703 0.00000000000000
9.31863727454903 -0.01499298676105 0.00000000000000 0.00678653631984 0.00000000000000
9.33466933867728 -0.01401638942069 0.00000000000000 0.00631472060182 0.00000000000000
9.35070140280554 -0.01310012323816 0.00000000000000 0.00587410765733 0.00000000000000
9.36673346693379 -0.01224073043272 0.00000000000000 0.00546277379531 0.00000000000000
9.38276553106205 -0.01143492933588 0.00000000000000 0.00507890177897 0.00000000000000
9.39879759519031 -0.01067960725122 0.00000000000000 0.00472077599218 0.00000000000000
9.41482965931856 -0.00997181344453 0.00000000000000 0.00438677773024 0.00000000000000
9.43086172344682 -0.00930875227807 0.00000000000000 0.00407538062164 0.00000000000000
9.44689378757507 -0.00868777650090 0.00000000000000 0.00378514618577 0.00000000000000
9.46292585170333 -0.00810638070500 0.00000000000000 0.00351471953058 0.00000000000000
9.47895791583158 -0.00756219495539 0.00000000000000 0.00326282519300 0.00000000000000
9.49498997995984 -0.00705297860065 0.00000000000000 0.00302826312406 0.00000000000000
9.51102204408810 -0.00657661426887 0.00000000000000 0.00280990481959 0.00000000000000
9.52705410821635 -0.00613110205277 0.00000000000000 0.00260668959687 0.00000000000000
9.54308617234461 -0.00571455388633 0.00000000000000 0.00241762101659 0.00000000000000
9.55911823647286 -0.00532518811454 0.00000000000000 0.00224176344924 0.00000000000000
9.57515030060112 -0.00496132425651 0.00000000000000 0.00207823878409 0.00000000000000
9.59118236472937 -0.00462137796160 0.00000000000000 0.00192622327884 0.00000000000000
9.60721442885763 -0.00430385615737 0.00000000000000 0.00178494454738 0.00000000000000
9.62324649298588 -0.00400735238746 0.00000000000000 0.00165367868282 0.00000000000000
9.63927855711414 -0.00373054233692 0.00000000000000 0.00153174751263 0.00000000000000
9.65531062124240 -0.00347217954204 0.00000000000000 0.00141851598262 0.00000000000000
9.67134268537065 -0.00323109128128 0.00000000000000 0.00131338966608 0.00000000000000
9.68737474949891 -0.00300617464334 0.00000000000000 0.00121581239435 0.00000000000000
9.70340681362716 -0.00279639276850 0.00000000000000 0.00112526400503 0.00000000000000
9.71943887775542 -0.00260077125861 0.00000000000000 0.00104125820388 0.00000000000000
9.73547094188367 -0.00241839475126 0.00000000000000 0.00096334053635 0.00000000000000
9.75150300601193 -0.00224840365325 0.00000000000000 0.00089108646474 0.00000000000000
9.76753507014019 -0.00208999102861 0.00000000000000 0.00082409954690 0.00000000000000
9.78356713426844 -0.00194239963596 0.00000000000000 0.00076200971261 0.00000000000000
9.79959919839670 -0.00180491911036 0.00000000000000 0.00070447163334 0.00000000000000
9.81563126252495 -0.00167688328437 0.00000000000000 0.00065116318170 0.00000000000000
9.83166332665321 -0.00155766764339 0.00000000000000 0.00060178397654 0.00000000000000
9.84769539078146 -0.00144668691007 0.00000000000000 0.00055605400990 0.00000000000000
9.86372745490972 -0.00134339275277 0.00000000000000 0.00051371235208 0.00000000000000
9.87975951903798 -0.00124727161321 0.00000000000000 0.00047451593116 0.00000000000000
9.89579158316623 -0.00115784264821 0.00000000000000 0.00043823838338 0.00000000000000
9.91182364729449 -0.00107465578080 0.00000000000000 0.00040466897101 0.00000000000000
9.92785571142274 -0.00099728985597 0.00000000000000 0.00037361156419 0.00000000000000
9.94388777555100 -0.00092535089643 0.00000000000000 0.00034488368372 0.00000000000000
9.95991983967925 -0.00085847045378 0.00000000000000 0.00031831560145 0.00000000000000
9.97595190380751 -0.00079630405088 0.00000000000000 0.00029374949543 0.00000000000000
9.99198396793576 -0.00073852971094 0.00000000000000 0.00027103865676 0.00000000000000
10.00801603206402 -0.00068484656938 0.00000000000000 0.00025004674551 0.00000000000000
10.02404809619228 -0.00063497356442 0.00000000000000 0.00023064709290 0.00000000000000
10.04008016032053 -0.00058864820238 0.00000000000000 0.00021272204726 0.00000000000000
10.05611222444879 -0.00054562539423 0.00000000000000 0.00019616236129 0.00000000000000
10.07214428857704 -0.00050567635957 0.00000000000000 0.00018086661828 0.00000000000000
10.08817635270530 -0.00046858759467 0.00000000000000 0.00016674069508 0.00000000000000
10.10420841683355 -0.00043415990135 0.00000000000000 0.00015369725966 0.00000000000000
10.12024048096181 -0.00040220747328 0.00000000000000 0.00014165530124 0.00000000000000
10.13627254509007 -0.00037255703690 0.00000000000000 0.00013053969112 0.00000000000000
10.15230460921832 -0.00034504704391 0.00000000000000 0.00012028077229 0.00000000000000
10.16833667334658 -0.00031952691246 0.00000000000000 0.00011081397612 0.00000000000000
10.18436873747483 -0.00029585631463 0.00000000000000 0.00010207946457 0.00000000000000
10.20040080160309 -0.00027390450729 0.00000000000000 0.00009402179619 0.00000000000000
10.21643286573134 -0.00025354970431 0.00000000000000 0.00008658961458 0.00000000000000
10.23246492985960 -0.00023467848742 0.00000000000000 0.00007973535787 0.00000000000000
10.24849699398785 -0.00021718525383 0.00000000000000 0.00007341498785 0.00000000000000
10.26452905811611 -0.00020097169831 0.00000000000000 0.00006758773760 0.00000000000000
10.28056112224437 -0.00018594632784 0.00000000000000 0.00006221587636 0.00000000000000
10.29659318637262 -0.00017202400688 0.00000000000000 0.00005726449056 0.00000000000000
10.31262525050088 -0.00015912553156 0.00000000000000 0.00005270128005 0.00000000000000
10.32865731462913 -0.00014717723096 0.00000000000000 0.00004849636831 0.00000000000000
10.34468937875739 -0.00013611059394 0.00000000000000 0.00004462212607 0.00000000000000
10.36072144288564 -0.00012586192002 0.00000000000000 0.00004105300714 0.00000000000000
10.37675350701390 -0.00011637199278 0.00000000000000 0.00003776539580 0.00000000000000
10.39278557114216 -0.00010758577451 0.00000000000000 0.00003473746499 0.00000000000000
10.40881763527041 -0.00009945212070 0.00000000000000 0.00003194904451 0.00000000000000
10.42484969939867 -0.00009192351331 0.00000000000000 0.00002938149859 0.00000000000000
10.44088176352692 -0.00008495581145 0.00000000000000 0.00002701761217 0.00000000000000
10.45691382765518 -0.00007850801868 0.00000000000000 0.00002484148541 0.00000000000000
10.47294589178343 -0.00007254206554 0.00000000000000 0.00002283843564 0.00000000000000
10.48897795591169 -0.00006702260665 0.00000000000000 0.00002099490652 0.00000000000000
10.50501002003995 -0.00006191683134 0.00000000000000 0.00001929838367 0.00000000000000
10.52104208416820 -0.00005719428697 0.00000000000000 0.00001773731644 0.00000000000000
10.53707414829646 -0.00005282671403 0.00000000000000 0.00001630104546 0.00000000000000
10.55310621242471 -0.00004878789252 0.00000000000000 0.00001497973534 0.00000000000000
10.56913827655297 -0.00004505349861 0.00000000000000 0.00001376431242 0.00000000000000
10.58517034068122 -0.00004160097103 0.00000000000000 0.00001264640702 0.00000000000000
10.60120240480948 -0.00003840938669 0.00000000000000 0.00001161830002 0.00000000000000
10.61723446893773 -0.00003545934460 0.00000000000000 0.00001067287329 0.00000000000000
10.63326653306599 -0.00003273285794 0.00000000000000 0.00000980356388 0.00000000000000
10.64929859719425 -0.00003021325343 0.00000000000000 0.00000900432156 0.00000000000000
10.66533066132250 -0.00002788507768 0.00000000000000 0.00000826956958 0.00000000000000
10.68136272545076 -0.00002573401001 0.00000000000000 0.00000759416828 0.00000000000000
10.69739478957901 -0.00002374678136 0.00000000000000 0.00000697338150 0.00000000000000
10.71342685370727 -0.00002191109874 0.00000000000000 0.00000640284549 0.00000000000000
10.72945891783552 -0.00002021557509 0.00000000000000 0.00000587854014 0.00000000000000
10.74549098196378 -0.00001864966390 0.00000000000000 0.00000539676242 0.00000000000000
10.76152304609204 -0.00001720359856 0.00000000000000 0.00000495410176 0.00000000000000
10.77755511022029 -0.00001586833582 0.00000000000000 0.00000454741740 0.00000000000000
10.79358717434855 -0.00001463550340 0.00000000000000 0.00000417381737 0.00000000000000
10.80961923847680 -0.00001349735116 0.00000000000000 0.00000383063911 0.00000000000000
10.82565130260506 -0.00001244670581 0.00000000000000 0.00000351543155 0.00000000000000
10.84168336673331 -0.00001147692885 0.00000000000000 0.00000322593863 0.00000000000000
10.85771543086157 -0.00001058187741 0.00000000000000 0.00000296008395 0.00000000000000
10.87374749498982 -0.00000975586802 0.00000000000000 0.00000271595674 0.00000000000000
10.88977955911808 -0.00000899364284 0.00000000000000 0.00000249179882 0.00000000000000
10.90581162324634 -0.00000829033838 0.00000000000000 0.00000228599258 0.00000000000000
10.92184368737459 -0.00000764145651 0.00000000000000 0.00000209704994 0.00000000000000
10.93787575150285 -0.00000704283743 0.00000000000000 0.00000192360209 0.00000000000000
10.95390781563110 -0.00000649063472 0.00000000000000 0.00000176439009 0.00000000000000
10.96993987975936 -0.00000598129212 0.00000000000000 0.00000161825614 0.00000000000000
10.98597194388761 -0.00000551152201 0.00000000000000 0.00000148413558 0.00000000000000
11.00200400801587 -0.00000507828549 0.00000000000000 0.00000136104952 0.00000000000000
11.01803607214413 -0.00000467877382 0.00000000000000 0.00000124809796 0.00000000000000
11.03406813627238 -0.00000431039130 0.00000000000000 0.00000114445359 0.00000000000000
11.05010020040064 -0.00000397073938 0.00000000000000 0.00000104935591 0.00000000000000
11.06613226452889 -0.00000365760191 0.00000000000000 0.00000096210597 0.00000000000000
11.08216432865715 -0.00000336893148 0.00000000000000 0.00000088206140 0.00000000000000
11.09819639278540 -0.00000310283677 0.00000000000000 0.00000080863191 0.00000000000000
11.11422845691366 -0.00000285757084 0.00000000000000 0.00000074127512 0.00000000000000
11.13026052104192 -0.00000263152025 0.00000000000000 0.00000067949269 0.00000000000000
11.14629258517017 -0.00000242319504 0.00000000000000 0.00000062282681 0.00000000000000
11.16232464929843 -0.00000223121938 0.00000000000000 0.00000057085691 0.00000000000000
11.17835671342668 -0.00000205432297 0.00000000000000 0.00000052319672 0.00000000000000
11.19438877755494 -0.00000189133306 0.00000000000000 0.00000047949142 0.00000000000000
11.21042084168319 -0.00000174116705 0.00000000000000 0.00000043941520 0.00000000000000
11.22645290581145 -0.00000160282568 0.00000000000000 0.00000040266881 0.00000000000000
11.24248496993970 -0.00000147538666 0.00000000000000 0.00000036897752 0.00000000000000
11.25851703406796 -0.00000135799887 0.00000000000000 0.00000033808905 0.00000000000000
11.27454909819622 -0.00000124987687 0.00000000000000 0.00000030977180 0.00000000000000
11.29058116232447 -0.00000115029598 0.00000000000000 0.00000028381315 0.00000000000000
11.30661322645273 -0.00000105858757 0.00000000000000 0.00000026001792 0.00000000000000
11.32264529058098 -0.00000097413481 0.00000000000000 0.00000023820697 0.00000000000000
11.33867735470924 -0.00000089636871 0.00000000000000 0.00000021821587 0.00000000000000
11.35470941883749 -0.00000082476444 0.00000000000000 0.00000019989372 0.00000000000000
11.37074148296575 -0.00000075883795 0.00000000000000 0.00000018310204 0.00000000000000
11.38677354709401 -0.00000069814283 0.00000000000000 0.00000016771376 0.00000000000000
11.40280561122226 -0.00000064226743 0.00000000000000 0.00000015361228 0.00000000000000
11.41883767535052 -0.00000059083219 0.00000000000000 0.00000014069063 0.00000000000000
11.43486973947877 -0.00000054348715 0.00000000000000 0.00000012885065 0.00000000000000
11.45090180360703 -0.00000049990966 0.00000000000000 0.00000011800232 0.00000000000000
11.46693386773528 -0.00000045980229 0.00000000000000 0.00000010806305 0.00000000000000
11.48296593186354 -0.00000042289090 0.00000000000000 0.00000009895707 0.00000000000000
11.49899799599179 -0.00000038892278 0.00000000000000 0.00000009061490 0.00000000000000
11.51503006012005 -0.00000035766504 0.00000000000000 0.00000008297282 0.00000000000000
11.53106212424831 -0.00000032890305 0.00000000000000 0.00000007597238 0.00000000000000
11.54709418837656 -0.00000030243902 0.00000000000000 0.00000006955999 0.00000000000000
11.56312625250482 -0.00000027809072 0.00000000000000 0.00000006368650 0.00000000000000
11.57915831663307 -0.00000025569023 0.00000000000000 0.00000005830684 0.00000000000000
11.59519038076133 -0.00000023508286 0.00000000000000 0.00000005337971 0.00000000000000
11.61122244488958 -0.00000021612609 0.00000000000000 0.00000004886722 0.00000000000000
11.62725450901784 -0.00000019868864 0.00000000000000 0.00000004473465 0.00000000000000
11.64328657314610 -0.00000018264959 0.00000000000000 0.00000004095016 0.00000000000000
11.65931863727435 -0.00000016789757 0.00000000000000 0.00000003748457 0.00000000000000
11.67535070140261 -0.00000015433000 0.00000000000000 0.00000003431113 0.00000000000000
11.69138276553086 -0.00000014185242 0.00000000000000 0.00000003140532 0.00000000000000
11.70741482965912 -0.00000013037785 0.00000000000000 0.00000002874467 0.00000000000000
11.72344689378737 -0.00000011982617 0.00000000000000 0.00000002630860 0.00000000000000
11.73947895791563 -0.00000011012366 0.00000000000000 0.00000002407822 0.00000000000000
11.75551102204389 -0.00000010120240 0.00000000000000 0.00000002203624 0.00000000000000
11.77154308617214 -0.00000009299988 0.00000000000000 0.00000002016682 0.00000000000000
11.78757515030040 -0.00000008545857 0.00000000000000 0.00000001845543 0.00000000000000
11.80360721442865 -0.00000007852548 0.00000000000000 0.00000001688877 0.00000000000000
11.81963927855691 -0.00000007215188 0.00000000000000 0.00000001545464 0.00000000000000
11.83567134268516 -0.00000006629287 0.00000000000000 0.00000001414189 0.00000000000000
11.85170340681342 -0.00000006090716 0.00000000000000 0.00000001294027 0.00000000000000
11.86773547094167 -0.00000005595675 0.00000000000000 0.00000001184042 0.00000000000000
11.88376753506993 -0.00000005140664 0.00000000000000 0.00000001083375 0.00000000000000
11.89979959919819 -0.00000004722467 0.00000000000000 0.00000000991240 0.00000000000000
11.91583166332644 -0.00000004338121 0.00000000000000 0.00000000906915 0.00000000000000
11.93186372745470 -0.00000003984902 0.00000000000000 0.00000000829742 0.00000000000000
11.94789579158295 -0.00000003660303 0.00000000000000 0.00000000759116 0.00000000000000
11.96392785571121 -0.00000003362017 0.00000000000000 0.00000000694483 0.00000000000000
11.97995991983946 -0.00000003087924 0.00000000000000 0.00000000635337 0.00000000000000
11.99599198396772 -0.00000002836072 0.00000000000000 0.00000000581214 0.00000000000000
12.01202404809598 -0.00000002604665 0.00000000000000 0.00000000531688 0.00000000000000
12.02805611222423 -0.00000002392052 0.00000000000000 0.00000000486370 0.00000000000000
12.04408817635249 -0.00000002196716 0.00000000000000 0.00000000444904 0.00000000000000
12.06012024048074 -0.00000002017259 0.00000000000000 0.00000000406963 0.00000000000000
12.07615230460900 -0.00000001852397 0.00000000000000 0.00000000372249 0.00000000000000
12.09218436873725 -0.00000001700949 0.00000000000000 0.00000000340489 0.00000000000000
12.10821643286551 -0.00000001561829 0.00000000000000 0.00000000311431 0.00000000000000
12.12424849699376 -0.00000001434039 0.00000000000000 0.00000000284846 0.00000000000000
12.14028056112202 -0.00000001316660 0.00000000000000 0.00000000260525 0.00000000000000
12.15631262525028 -0.00000001208848 0.00000000000000 0.00000000238275 0.00000000000000
12.17234468937853 -0.00000001109827 0.00000000000000 0.00000000217921 0.00000000000000
12.18837675350679 -0.00000001018884 0.00000000000000 0.00000000199301 0.00000000000000
12.20440881763504 -0.00000000935363 0.00000000000000 0.00000000182268 0.00000000000000
12.22044088176330 -0.00000000858660 0.00000000000000 0.00000000166688 0.00000000000000
12.23647294589155 -0.00000000788222 0.00000000000000 0.00000000152436 0.00000000000000
12.25250501001981 -0.00000000723540 0.00000000000000 0.00000000139400 0.00000000000000
12.26853707414807 -0.00000000664144 0.00000000000000 0.00000000127476 0.00000000000000
12.28456913827632 -0.00000000609606 0.00000000000000 0.00000000116569 0.00000000000000
12.30060120240458 -0.00000000559529 0.00000000000000 0.00000000106594 0.00000000000000
12.31663326653283 -0.00000000513550 0.00000000000000 0.00000000097471 0.00000000000000
12.33266533066109 -0.00000000471335 0.00000000000000 0.00000000089126 0.00000000000000
12.34869739478934 -0.00000000432577 0.00000000000000 0.00000000081495 0.00000000000000
12.36472945891760 -0.00000000396995 0.00000000000000 0.00000000074515 0.00000000000000
12.38076152304586 -0.00000000364329 0.00000000000000 0.00000000068133 0.00000000000000
12.39679358717411 -0.00000000334341 0.00000000000000 0.00000000062295 0.00000000000000
12.41282565130237 -0.00000000306812 0.00000000000000 0.00000000056957 0.00000000000000
12.42885771543062 -0.00000000281542 0.00000000000000 0.00000000052075 0.00000000000000
12.44488977955888 -0.00000000258347 0.00000000000000 0.00000000047611 0.00000000000000
12.46092184368713 -0.00000000237055 0.00000000000000 0.00000000043529 0.00000000000000
12.47695390781539 -0.00000000217513 0.00000000000000 0.00000000039796 0.00000000000000
12.49298597194364 -0.00000000199576 0.00000000000000 0.00000000036383 0.00000000000000
12.50901803607190 -0.00000000183113 0.00000000000000 0.00000000033262 0.00000000000000
12.52505010020016 -0.00000000168004 0.00000000000000 0.00000000030408 0.00000000000000
12.54108216432841 -0.00000000154137 0.00000000000000 0.00000000027799 0.00000000000000
12.55711422845667 -0.00000000141411 0.00000000000000 0.00000000025413 0.00000000000000
12.57314629258492 -0.00000000129733 0.00000000000000 0.00000000023231 0.00000000000000
12.58917835671318 -0.00000000119015 0.00000000000000 0.00000000021237 0.00000000000000
12.60521042084143 -0.00000000109181 0.00000000000000 0.00000000019413 0.00000000000000
12.62124248496969 -0.00000000100156 0.00000000000000 0.00000000017746 0.00000000000000
12.63727454909795 -0.00000000091876 0.00000000000000 0.00000000016221 0.00000000000000
12.65330661322620 -0.00000000084277 0.00000000000000 0.00000000014828 0.00000000000000
12.66933867735446 -0.00000000077305 0.00000000000000 0.00000000013554 0.00000000000000
12.68537074148271 -0.00000000070909 0.00000000000000 0.00000000012389 0.00000000000000
12.70140280561097 -0.00000000065040 0.00000000000000 0.00000000011324 0.00000000000000
12.71743486973922 -0.00000000059655 0.00000000000000 0.00000000010351 0.00000000000000
12.73346693386748 -0.00000000054715 0.00000000000000 0.00000000009461 0.00000000000000
12.74949899799573 -0.00000000050183 0.00000000000000 0.00000000008647 0.00000000000000
12.76553106212399 -0.00000000046025 0.00000000000000 0.00000000007904 0.00000000000000
12.78156312625225 -0.00000000042210 0.00000000000000 0.00000000007224 0.00000000000000
12.79759519038050 -0.00000000038711 0.00000000000000 0.00000000006602 0.00000000000000
12.81362725450876 -0.00000000035501 0.00000000000000 0.00000000006034 0.00000000000000
12.82965931863701 -0.00000000032557 0.00000000000000 0.00000000005515 0.00000000000000
12.84569138276527 -0.00000000029856 0.00000000000000 0.00000000005041 0.00000000000000
12.86172344689352 -0.00000000027379 0.00000000000000 0.00000000004607 0.00000000000000
12.87775551102178 -0.00000000025106 0.00000000000000 0.00000000004210 0.00000000000000
12.89378757515004 -0.00000000023022 0.00000000000000 0.00000000003848 0.00000000000000
12.90981963927829 -0.00000000021110 0.00000000000000 0.00000000003516 0.00000000000000
12.92585170340655 -0.00000000019357 0.00000000000000 0.00000000003214 0.00000000000000
12.94188376753480 -0.00000000017749 0.00000000000000 0.00000000002937 0.00000000000000
12.95791583166306 -0.00000000016274 0.00000000000000 0.00000000002684 0.00000000000000
12.97394789579131 -0.00000000014921 0.00000000000000 0.00000000002453 0.00000000000000
12.98997995991957 -0.00000000013681 0.00000000000000 0.00000000002241 0.00000000000000
13.00601202404783 -0.00000000012543 0.00000000000000 0.00000000002048 0.00000000000000
13.02204408817608 -0.00000000011500 0.00000000000000 0.00000000001872 0.00000000000000
13.03807615230434 -0.00000000010543 0.00000000000000 0.00000000001710 0.00000000000000
13.05410821643259 -0.00000000009666 0.00000000000000 0.00000000001563 0.00000000000000
13.07014028056085 -0.00000000008861 0.00000000000000 0.00000000001428 0.00000000000000
13.08617234468910 -0.00000000008124 0.00000000000000 0.00000000001305 0.00000000000000
13.10220440881736 -0.00000000007447 0.00000000000000 0.00000000001193 0.00000000000000
13.11823647294561 -0.00000000006827 0.00000000000000 0.00000000001090 0.00000000000000
13.13426853707387 -0.00000000006258 0.00000000000000 0.00000000000996 0.00000000000000
13.15030060120213 -0.00000000005737 0.00000000000000 0.00000000000910 0.00000000000000
13.16633266533038 -0.00000000005259 0.00000000000000 0.00000000000831 0.00000000000000
13.18236472945864 -0.00000000004820 0.00000000000000 0.00000000000760 0.00000000000000
13.19839679358689 -0.00000000004418 0.00000000000000 0.00000000000694 0.00000000000000
13.21442885771515 -0.00000000004050 0.00000000000000 0.00000000000634 0.00000000000000
13.23046092184340 -0.00000000003712 0.00000000000000 0.00000000000579 0.00000000000000
13.24649298597166 -0.00000000003402 0.00000000000000 0.00000000000529 0.00000000000000
13.26252505009992 -0.00000000003118 0.00000000000000 0.00000000000484 0.00000000000000
13.27855711422817 -0.00000000002858 0.00000000000000 0.00000000000442 0.00000000000000
13.29458917835643 -0.00000000002619 0.00000000000000 0.00000000000404 0.00000000000000
13.31062124248468 -0.00000000002400 0.00000000000000 0.00000000000369 0.00000000000000
13.32665330661294 -0.00000000002200 0.00000000000000 0.00000000000337 0.00000000000000
13.34268537074119 -0.00000000002016 0.00000000000000 0.00000000000308 0.00000000000000
13.35871743486945 -0.00000000001847 0.00000000000000 0.00000000000281 0.00000000000000
13.37474949899770 -0.00000000001693 0.00000000000000 0.00000000000257 0.00000000000000
13.39078156312596 -0.00000000001551 0.00000000000000 0.00000000000235 0.00000000000000
13.40681362725422 -0.00000000001421 0.00000000000000 0.00000000000214 0.00000000000000
13.42284569138247 -0.00000000001302 0.00000000000000 0.00000000000196 0.00000000000000
13.43887775551073 -0.00000000001193 0.00000000000000 0.00000000000179 0.00000000000000
13.45490981963898 -0.00000000001092 0.00000000000000 0.00000000000163 0.00000000000000
13.47094188376724 -0.00000000001001 0.00000000000000 0.00000000000149 0.00000000000000
13.48697394789549 -0.00000000000916 0.00000000000000 0.00000000000136 0.00000000000000
13.50300601202375 -0.00000000000839 0.00000000000000 0.00000000000124 0.00000000000000
13.51903807615201 -0.00000000000768 0.00000000000000 0.00000000000114 0.00000000000000
13.53507014028026 -0.00000000000703 0.00000000000000 0.00000000000104 0.00000000000000
13.55110220440852 -0.00000000000644 0.00000000000000 0.00000000000095 0.00000000000000
13.56713426853677 -0.00000000000589 0.00000000000000 0.00000000000086 0.00000000000000
13.58316633266503 -0.00000000000539 0.00000000000000 0.00000000000079 0.00000000000000
13.59919839679328 -0.00000000000493 0.00000000000000 0.00000000000072 0.00000000000000
13.61523046092154 -0.00000000000450 0.00000000000000 0.00000000000065 0.00000000000000
13.63126252504980 -0.00000000000411 0.00000000000000 0.00000000000060 0.00000000000000
13.64729458917805 -0.00000000000376 0.00000000000000 0.00000000000054 0.00000000000000
13.66332665330631 -0.00000000000343 0.00000000000000 0.00000000000049 0.00000000000000
13.67935871743456 -0.00000000000312 0.00000000000000 0.00000000000045 0.00000000000000
13.69539078156282 -0.00000000000285 0.00000000000000 0.00000000000041 0.00000000000000
13.71142284569107 -0.00000000000259 0.00000000000000 0.00000000000037 0.00000000000000
13.72745490981933 -0.00000000000235 0.00000000000000 0.00000000000034 0.00000000000000
13.74348697394758 -0.00000000000213 0.00000000000000 0.00000000000030 0.00000000000000
13.75951903807584 -0.00000000000193 0.00000000000000 0.00000000000027 0.00000000000000
13.77555110220410 -0.00000000000174 0.00000000000000 0.00000000000025 0.00000000000000
13.79158316633235 -0.00000000000157 0.00000000000000 0.00000000000022 0.00000000000000
13.80761523046061 -0.00000000000140 0.00000000000000 0.00000000000020 0.00000000000000
13.82364729458886 -0.00000000000125 0.00000000000000 0.00000000000018 0.00000000000000
13.83967935871712 -0.00000000000111 0.00000000000000 0.00000000000016 0.00000000000000
13.85571142284537 -0.00000000000098 0.00000000000000 0.00000000000014 0.00000000000000
13.87174348697363 -0.00000000000085 0.00000000000000 0.00000000000012 0.00000000000000
13.88777555110189 -0.00000000000073 0.00000000000000 0.00000000000010 0.00000000000000
13.90380761523014 -0.00000000000061 0.00000000000000 0.00000000000009 0.00000000000000
13.91983967935840 -0.00000000000051 0.00000000000000 0.00000000000007 0.00000000000000
13.93587174348665 -0.00000000000040 0.00000000000000 0.00000000000006 0.00000000000000
13.95190380761491 -0.00000000000030 0.00000000000000 0.00000000000004 0.00000000000000
13.96793587174316 -0.00000000000020 0.00000000000000 0.00000000000003 0.00000000000000
13.98396793587142 -0.00000000000010 0.00000000000000 0.00000000000001 0.00000000000000
13.99999999999967 0.00000000000000 0.00000000000000 0.00000000000000 0.00000000000000
