5.35354 0 0 0 0 
5.3591 0 0 0 0 
5.36466 0 0 0 0 
5.37022 0 0 0 0 
5.37578 0 0 0 0 
5.38133 0 0 0 0 
5.38689 0 0 0 0 
5.39245 0 0 0 0 
5.39801 0 0 0 0 
5.40357 0 0 0 0 
5.40913 0 0 0 0 
5.41469 0 0 0 0 
5.42025 0 0 0 0 
5.4258 0 0 0 0 
5.43136 0 0 0 0 
5.43692 0 0 0 0 
5.44248 0 0 0 0 
5.44804 0 0 0 0 
5.4536 0 0 0 0 
5.45916 0 0 0 0 
5.46472 0 0 0 0 
5.47028 0 0 0 0 
5.47583 0 0 0 0 
5.48139 0 0 0 0 
5.48695 0 0 0 0 
5.49251 0 0 0 0 
5.49807 0 0 0 0 
5.50363 0 0 0 0 
5.50919 0 0 0 0 
5.51475 0 0 0 0 
5.5203 0 0 0 0 
5.52586 0 0 0 0 
5.53142 0 0 0 0 
5.53698 0 0 0 0 
5.54254 0 0 0 0 
5.5481 0 0 0 0 
5.55366 0 0 0 0 
5.55922 0 0 0 0 
5.56478 0 0 0 0 
5.57033 0 0 0 0 
5.57589 0 0 0 0 
5.58145 0 0 0 0 
5.58701 0 0 0 0 
5.59257 0 0 0 0 
5.59813 0 0 0 0 
5.60369 0 0 0 0 
5.60925 0 0 0 0 
5.61481 0 0 0 0 
5.62036 0 0 0 0 
5.62592 0 0 0 0 
5.63148 0 0 0 0 
5.63704 0 0 0 0 
5.6426 0 0 0 0 
5.64816 0 0 0 0 
5.65372 0 0 0 0 
5.65928 0 0 0 0 
5.66483 0 0 0 0 
5.67039 0 0 0 0 
5.67595 0 0 0 0 
5.68151 0 0 0 0 
5.68707 0 0 0 0 
5.69263 0 0 0 0 
5.69819 0 0 0 0 
5.70375 0 0 0 0 
5.70931 0 0 0 0 
5.71486 0 0 0 0 
5.72042 0 0 0 0 
5.72598 0 0 0 0 
5.73154 0 0 0 0 
5.7371 0 0 0 0 
5.74266 0 0 0 0 
5.74822 0 0 0 0 
5.75378 0 0 0 0 
5.75933 0 0 0 0 
5.76489 0 0 0 0 
5.77045 0 0 0 0 
5.77601 0 0 0 0 
5.78157 0 0 0 0 
5.78713 0 0 0 0 
5.79269 0 0 0 0 
5.79825 0 0 0 0 
5.80381 0 0 0 0 
5.80936 0 0 0 0 
5.81492 0 0 0 0 
5.82048 0 0 0 0 
5.82604 0 0 0 0 
5.8316 0 0 0 0 
5.83716 0 0 0 0 
5.84272 0 0 0 0 
5.84828 0 0 0 0 
5.85384 0 0 0 0 
5.85939 0 0 0 0 
5.86495 0 0 0 0 
5.87051 0 0 0 0 
5.87607 0 0 0 0 
5.88163 0 0 0 0 
5.88719 0 0 0 0 
5.89275 0 0 0 0 
5.89831 0 0 0 0 
5.90386 0 0 0 0 
5.90942 0 0 0 0 
5.91498 0 0 0 0 
5.92054 0 0 0 0 
5.9261 0 0 0 0 
5.93166 0 0 0 0 
5.93722 0 0 0 0 
5.94278 0 0 0 0 
5.94834 0 0 0 0 
5.95389 0 0 0 0 
5.95945 0 0 0 0 
5.96501 0 0 0 0 
5.97057 0 0 0 0 
5.97613 0 0 0 0 
5.98169 0 0 0 0 
5.98725 0 0 0 0 
5.99281 0 0 0 0 
5.99836 0 0 0 0 
6.00392 0 0 0 0 
6.00948 0 0 0 0 
6.01504 0 0 0 0 
6.0206 0 0 0 0 
6.02616 0 0 0 0 
6.03172 0 0 0 0 
6.03728 0 0 0 0 
6.04284 0 0 0 0 
6.04839 0 0 0 0 
6.05395 0 0 0 0 
6.05951 0 0 0 0 
6.06507 0 0 0 0 
6.07063 0 0 0 0 
6.07619 0 0 0 0 
6.08175 0 0 0 0 
6.08731 0 0 0 0 
6.09287 0 0 0 0 
6.09842 0 0 0 0 
6.10398 0 0 0 0 
6.10954 0 0 0 0 
6.1151 0 0 0 0 
6.12066 0 0 0 0 
6.12622 0 0 0 0 
6.13178 0 0 0 0 
6.13734 0 0 0 0 
6.14289 0 0 0 0 
6.14845 0 0 0 0 
6.15401 0 0 0 0 
6.15957 0 0 0 0 
6.16513 0 0 0 0 
6.17069 0 0 0 0 
6.17625 0 0 0 0 
6.18181 0 0 0 0 
6.18737 0 0 0 0 
6.19292 0 0 0 0 
6.19848 0 0 0 0 
6.20404 0 0 0 0 
6.2096 0 0 0 0 
6.21516 0 0 0 0 
6.22072 0 0 0 0 
6.22628 0 0 0 0 
6.23184 0 0 0 0 
6.23739 0 0 0 0 
6.24295 0 0 0 0 
6.24851 0 0 0 0 
6.25407 0 0 0 0 
6.25963 0 0 0 0 
6.26519 0 0 0 0 
6.27075 0 0 0 0 
6.27631 0 0 0 0 
6.28187 0 0 0 0 
6.28742 0 0 0 0 
6.29298 0 0 0 0 
6.29854 0 0 0 0 
6.3041 0 0 0 0 
6.30966 0 0 0 0 
6.31522 0 0 0 0 
6.32078 0 0 0 0 
6.32634 0 0 0 0 
6.3319 0 0 0 0 
6.33745 0 0 0 0 
6.34301 0 0 0 0 
6.34857 0 0 0 0 
6.35413 0 0 0 0 
6.35969 0 0 0 0 
6.36525 0 0 0 0 
6.37081 0 0 0 0 
6.37637 0 0 0 0 
6.38192 0 0 0 0 
6.38748 0 0 0 0 
6.39304 0 0 0 0 
6.3986 0 0 0 0 
6.40416 0 0 0 0 
6.40972 0 0 0 0 
6.41528 0 0 0 0 
6.42084 0 0 0 0 
6.4264 0 0 0 0 
6.43195 0 0 0 0 
6.43751 0 0 0 0 
6.44307 0 0 0 0 
6.44863 0 0 0 0 
6.45419 0 0 0 0 
6.45975 0 0 0 0 
6.46531 0 0 0 0 
6.47087 0 0 0 0 
6.47642 0 0 0 0 
6.48198 0 0 0 0 
6.48754 0 0 0 0 
6.4931 0 0 0 0 
6.49866 0 0 0 0 
6.50422 0 0 0 0 
6.50978 0 0 0 0 
6.51534 0 0 0 0 
6.5209 0 0 0 0 
6.52645 0 0 0 0 
6.53201 0 0 0 0 
6.53757 0 0 0 0 
6.54313 0 0 0 0 
6.54869 0 0 0 0 
6.55425 0 0 0 0 
6.55981 0 0 0 0 
6.56537 0 0 0 0 
6.57093 0 0 0 0 
6.57648 0 0 0 0 
6.58204 0 0 0 0 
6.5876 0 0 0 0 
6.59316 0 0 0 0 
6.59872 0 0 0 0 
6.60428 0 0 0 0 
6.60984 0 0 0 0 
6.6154 0 0 0 0 
6.62095 0 0 0 0 
6.62651 0 0 0 0 
6.63207 0 0 0 0 
6.63763 0 0 0 0 
6.64319 0 0 0 0 
6.64875 0 0 0 0 
6.65431 0 0 0 0 
6.65987 0 0 0 0 
6.66543 0 0 0 0 
6.67098 0 0 0 0 
6.67654 0 0 0 0 
6.6821 0 0 0 0 
6.68766 0 0 0 0 
6.69322 0 0 0 0 
6.69878 0 0 0 0 
6.70434 0 0 0 0 
6.7099 0 0 0 0 
6.71545 0 0 0 0 
6.72101 0 0 0 0 
6.72657 0 0 0 0 
6.73213 0 0 0 0 
6.73769 0 0 0 0 
6.74325 0 0 0 0 
6.74881 0 0 0 0 
6.75437 0 0 0 0 
6.75993 0 0 0 0 
6.76548 0 0 0 0 
6.77104 0 0 0 0 
6.7766 0 0 0 0 
6.78216 0 0 0 0 
6.78772 0 0 0 0 
6.79328 0 0 0 0 
6.79884 0 0 0 0 
6.8044 0 0 0 0 
6.80996 0 0 0 0 
6.81551 0 0 0 0 
6.82107 0 0 0 0 
6.82663 0 0 0 0 
6.83219 0 0 0 0 
6.83775 0 0 0 0 
6.84331 0 0 0 0 
6.84887 0 0 0 0 
6.85443 0 0 0 0 
6.85998 0 0 0 0 
6.86554 0 0 0 0 
6.8711 0 0 0 0 
6.87666 0 0 0 0 
6.88222 0 0 0 0 
6.88778 0 0 0 0 
6.89334 0 0 0 0 
6.8989 0 0 0 0 
6.90446 0 0 0 0 
6.91001 0 0 0 0 
6.91557 0 0 0 0 
6.92113 0 0 0 0 
6.92669 0 0 0 0 
6.93225 0 0 0 0 
6.93781 0 0 0 0 
6.94337 0 0 0 0 
6.94893 0 0 0 0 
6.95449 0 0 0 0 
6.96004 0 0 0 0 
6.9656 0 0 0 0 
6.97116 0 0 0 0 
6.97672 0 0 0 0 
6.98228 0 0 0 0 
6.98784 0 0 0 0 
6.9934 0 0 0 0 
6.99896 0 0 0 0 
7.00451 0 0 0 0 
7.01007 0 0 0 0 
7.01563 0 0 0 0 
7.02119 0 0 0 0 
7.02675 0 0 0 0 
7.03231 0 0 0 0 
7.03787 0 0 0 0 
7.04343 0 0 0 0 
7.04899 0 0 0 0 
7.05454 0 0 0 0 
7.0601 0 0 0 0 
7.06566 0 0 0 0 
7.07122 0 0 0 0 
7.07678 0 0 0 0 
7.08234 0 0 0 0 
7.0879 0 0 0 0 
7.09346 0 0 0 0 
7.09901 0 0 0 0 
7.10457 0 0 0 0 
7.11013 0 0 0 0 
7.11569 0 0 0 0 
7.12125 0 0 0 0 
7.12681 0 0 0 0 
7.13237 0 0 0 0 
7.13793 0 0 0 0 
7.14349 0 0 0 0 
7.14904 0 0 0 0 
7.1546 0 0 0 0 
7.16016 0 0 0 0 
7.16572 0 0 0 0 
7.17128 0 0 0 0 
7.17684 0 0 0 0 
7.1824 0 0 0 0 
7.18796 0 0 0 0 
7.19352 0 0 0 0 
7.19907 0 0 0 0 
7.20463 0 0 0 0 
7.21019 0 0 0 0 
7.21575 0 0 0 0 
7.22131 0 0 0 0 
7.22687 0 0 0 0 
7.23243 0 0 0 0 
7.23799 0 0 0 0 
7.24354 0 0 0 0 
7.2491 0 0 0 0 
7.25466 0 0 0 0 
7.26022 0 0 0 0 
7.26578 0 0 0 0 
7.27134 0 0 0 0 
7.2769 0 0 0 0 
7.28246 0 0 0 0 
7.28802 0 0 0 0 
7.29357 0 0 0 0 
7.29913 0 0 0 0 
7.30469 0 0 0 0 
7.31025 0 0 0 0 
7.31581 0 0 0 0 
7.32137 0 0 0 0 
7.32693 0 0 0 0 
7.33249 0 0 0 0 
7.33804 0 0 0 0 
7.3436 0 0 0 0 
7.34916 0 0 0 0 
7.35472 0 0 0 0 
7.36028 0 0 0 0 
7.36584 0 0 0 0 
7.3714 0 0 0 0 
7.37696 0 0 0 0 
7.38252 0 0 0 0 
7.38807 0 0 0 0 
7.39363 0 0 0 0 
7.39919 0 0 0 0 
7.40475 0 0 0 0 
7.41031 0 0 0 0 
7.41587 0 0 0 0 
7.42143 0 0 0 0 
7.42699 0 0 0 0 
7.43255 0 0 0 0 
7.4381 0 0 0 0 
7.44366 0 0 0 0 
7.44922 0 0 0 0 
7.45478 0 0 0 0 
7.46034 0 0 0 0 
7.4659 0 0 0 0 
7.47146 0 0 0 0 
7.47702 0 0 0 0 
7.48257 0 0 0 0 
7.48813 0 0 0 0 
7.49369 0 0 0 0 
7.49925 0 0 0 0 
7.50481 0 0 0 0 
7.51037 0 0 0 0 
7.51593 0 0 0 0 
7.52149 0 0 0 0 
7.52705 0 0 0 0 
7.5326 0 0 0 0 
7.53816 0 0 0 0 
7.54372 0 0 0 0 
7.54928 0 0 0 0 
7.55484 0 0 0 0 
7.5604 0 0 0 0 
7.56596 0 0 0 0 
7.57152 0 0 0 0 
7.57707 0 0 0 0 
7.58263 0 0 0 0 
7.58819 0 0 0 0 
7.59375 0 0 0 0 
7.59931 0 0 0 0 
7.60487 0 0 0 0 
7.61043 0 0 0 0 
7.61599 0 0 0 0 
7.62155 0 0 0 0 
7.6271 0 0 0 0 
7.63266 0 0 0 0 
7.63822 0 0 0 0 
7.64378 0 0 0 0 
7.64934 0 0 0 0 
7.6549 0 0 0 0 
7.66046 0 0 0 0 
7.66602 0 0 0 0 
7.67158 0 0 0 0 
7.67713 0 0 0 0 
7.68269 0 0 0 0 
7.68825 0 0 0 0 
7.69381 0 0 0 0 
7.69937 0 0 0 0 
7.70493 0 0 0 0 
7.71049 0 0 0 0 
7.71605 0 0 0 0 
7.7216 0 0 0 0 
7.72716 0 0 0 0 
7.73272 0 0 0 0 
7.73828 0 0 0 0 
7.74384 0 0 0 0 
7.7494 0 0 0 0 
7.75496 0 0 0 0 
7.76052 0 0 0 0 
7.76608 0 0 0 0 
7.77163 0 0 0 0 
7.77719 0 0 0 0 
7.78275 0 0 0 0 
7.78831 0 0 0 0 
7.79387 0 0 0 0 
7.79943 0 0 0 0 
7.80499 0 0 0 0 
7.81055 0 0 0 0 
7.8161 0 0 0 0 
7.82166 0 0 0 0 
7.82722 0 0 0 0 
7.83278 0 0 0 0 
7.83834 0 0 0 0 
7.8439 0 0 0 0 
7.84946 0 0 0 0 
7.85502 0 0 0 0 
7.86058 0 0 0 0 
7.86613 0 0 0 0 
7.87169 0 0 0 0 
7.87725 0 0 0 0 
7.88281 0 0 0 0 
7.88837 0 0 0 0 
7.89393 0 0 0 0 
7.89949 0 0 0 0 
7.90505 0 0 0 0 
7.91061 0 0 0 0 
7.91616 0 0 0 0 
7.92172 0 0 0 0 
7.92728 0 0 0 0 
7.93284 0 0 0 0 
7.9384 0 0 0 0 
7.94396 0 0 0 0 
7.94952 0 0 0 0 
7.95508 0 0 0 0 
7.96063 0 0 0 0 
7.96619 0 0 0 0 
7.97175 0 0 0 0 
7.97731 0 0 0 0 
7.98287 0 0 0 0 
7.98843 0 0 0 0 
7.99399 0 0 0 0 
7.99955 0 0 0 0 
8.00511 0 0 0 0 
8.01066 0 0 0 0 
8.01622 0 0 0 0 
8.02178 0 0 0 0 
8.02734 0 0 0 0 
8.0329 0 0 0 0 
8.03846 0 0 0 0 
8.04402 0 0 0 0 
8.04958 0 0 0 0 
8.05513 0 0 0 0 
8.06069 0 0 0 0 
8.06625 0 0 0 0 
8.07181 0 0 0 0 
8.07737 0 0 0 0 
8.08293 0 0 0 0 
8.08849 0 0 0 0 
8.09405 0 0 0 0 
8.09961 0 0 0 0 
8.10516 0 0 0 0 
8.11072 0 0 0 0 
8.11628 0 0 0 0 
8.12184 0 0 0 0 
8.1274 0 0 0 0 
8.13296 0 0 0 0 
8.13852 0 0 0 0 
8.14408 0 0 0 0 
8.14964 0 0 0 0 
8.15519 0 0 0 0 
8.16075 0 0 0 0 
8.16631 0 0 0 0 
8.17187 0 0 0 0 
8.17743 0 0 0 0 
8.18299 0 0 0 0 
8.18855 0 0 0 0 
8.19411 0 0 0 0 
8.19966 0 0 0 0 
8.20522 0 0 0 0 
8.21078 0 0 0 0 
8.21634 0 0 0 0 
8.2219 0 0 0 0 
8.22746 0 0 0 0 
8.23302 0 0 0 0 
8.23858 0 0 0 0 
8.24414 0 0 0 0 
8.24969 0 0 0 0 
8.25525 0 0 0 0 
8.26081 0 0 0 0 
8.26637 0 0 0 0 
8.27193 0 0 0 0 
8.27749 0 0 0 0 
8.28305 0 0 0 0 
8.28861 0 0 0 0 
8.29416 0 0 0 0 
8.29972 0 0 0 0 
8.30528 0 0 0 0 
8.31084 0 0 0 0 
8.3164 0 0 0 0 
8.32196 0 0 0 0 
8.32752 0 0 0 0 
8.33308 0 0 0 0 
8.33864 0 0 0 0 
8.34419 0 0 0 0 
8.34975 0 0 0 0 
8.35531 0 0 0 0 
8.36087 0 0 0 0 
8.36643 0 0 0 0 
8.37199 0 0 0 0 
8.37755 0 0 0 0 
8.38311 0 0 0 0 
8.38867 0 0 0 0 
8.39422 0 0 0 0 
8.39978 0 0 0 0 
8.40534 0 0 0 0 
8.4109 0 0 0 0 
8.41646 0 0 0 0 
8.42202 0 0 0 0 
8.42758 0 0 0 0 
8.43314 0 0 0 0 
8.43869 0 0 0 0 
8.44425 0 0 0 0 
8.44981 0 0 0 0 
8.45537 0 0 0 0 
8.46093 0 0 0 0 
8.46649 0 0 0 0 
8.47205 0 0 0 0 
8.47761 0 0 0 0 
8.48317 0 0 0 0 
8.48872 0 0 0 0 
8.49428 0 0 0 0 
8.49984 0 0 0 0 
8.5054 0 0 0 0 
8.51096 0 0 0 0 
8.51652 0 0 0 0 
8.52208 0 0 0 0 
8.52764 0 0 0 0 
8.53319 0 0 0 0 
8.53875 0 0 0 0 
8.54431 0 0 0 0 
8.54987 0 0 0 0 
8.55543 0 0 0 0 
8.56099 0 0 0 0 
8.56655 0 0 0 0 
8.57211 0 0 0 0 
8.57767 0 0 0 0 
8.58322 0 0 0 0 
8.58878 0 0 0 0 
8.59434 0 0 0 0 
8.5999 0 0 0 0 
8.60546 0 0 0 0 
8.61102 0 0 0 0 
8.61658 0 0 0 0 
8.62214 0 0 0 0 
8.6277 0 0 0 0 
8.63325 0 0 0 0 
8.63881 0 0 0 0 
8.64437 0 0 0 0 
8.64993 0 0 0 0 
8.65549 0 0 0 0 
8.66105 0 0 0 0 
8.66661 0 0 0 0 
8.67217 0 0 0 0 
8.67772 0 0 0 0 
8.68328 0 0 0 0 
8.68884 0 0 0 0 
8.6944 0 0 0 0 
8.69996 0 0 0 0 
8.70552 0 0 0 0 
8.71108 0 0 0 0 
8.71664 0 0 0 0 
8.7222 0 0 0 0 
8.72775 0 0 0 0 
8.73331 0 0 0 0 
8.73887 0 0 0 0 
8.74443 0 0 0 0 
8.74999 0 0 0 0 
8.75555 0 0 0 0 
8.76111 0 0 0 0 
8.76667 0 0 0 0 
8.77222 0 0 0 0 
8.77778 0 0 0 0 
8.78334 0 0 0 0 
8.7889 0 0 0 0 
8.79446 0 0 0 0 
8.80002 0 0 0 0 
8.80558 0 0 0 0 
8.81114 0 0 0 0 
8.8167 0 0 0 0 
8.82225 0 0 0 0 
8.82781 0 0 0 0 
8.83337 0 0 0 0 
8.83893 0 0 0 0 
8.84449 0 0 0 0 
8.85005 0 0 0 0 
8.85561 0 0 0 0 
8.86117 0 0 0 0 
8.86673 0 0 0 0 
8.87228 0 0 0 0 
8.87784 0 0 0 0 
8.8834 0 0 0 0 
8.88896 0 0 0 0 
8.89452 0 0 0 0 
8.90008 0 0 0 0 
8.90564 0 0 0 0 
8.9112 0 0 0 0 
8.91675 0 0 0 0 
8.92231 0 0 0 0 
8.92787 0 0 0 0 
8.93343 0 0 0 0 
8.93899 0 0 0 0 
8.94455 0 0 0 0 
8.95011 0 0 0 0 
8.95567 0 0 0 0 
8.96123 0 0 0 0 
8.96678 0 0 0 0 
8.97234 0 0 0 0 
8.9779 0 0 0 0 
8.98346 0 0 0 0 
8.98902 0 0 0 0 
8.99458 0 0 0 0 
9.00014 0 0 0 0 
9.0057 0 0 0 0 
9.01125 0 0 0 0 
9.01681 0 0 0 0 
9.02237 0 0 0 0 
9.02793 0 0 0 0 
9.03349 0 0 0 0 
9.03905 0 0 0 0 
9.04461 0 0 0 0 
9.05017 0 0 0 0 
9.05573 0 0 0 0 
9.06128 0 0 0 0 
9.06684 0 0 0 0 
9.0724 0 0 0 0 
9.07796 0 0 0 0 
9.08352 0 0 0 0 
9.08908 0 0 0 0 
9.09464 0 0 0 0 
9.1002 0 0 0 0 
9.10576 0 0 0 0 
9.11131 0 0 0 0 
9.11687 0 0 0 0 
9.12243 0 0 0 0 
9.12799 0 0 0 0 
9.13355 0 0 0 0 
9.13911 0 0 0 0 
9.14467 0 0 0 0 
9.15023 0 0 0 0 
9.15578 0 0 0 0 
9.16134 0 0 0 0 
9.1669 0 0 0 0 
9.17246 0 0 0 0 
9.17802 0 0 0 0 
9.18358 0 0 0 0 
9.18914 0 0 0 0 
9.1947 0 0 0 0 
9.20026 0 0 0 0 
9.20581 0 0 0 0 
9.21137 0 0 0 0 
9.21693 0 0 0 0 
9.22249 0 0 0 0 
9.22805 0 0 0 0 
9.23361 0 0 0 0 
9.23917 0 0 0 0 
9.24473 0 0 0 0 
9.25028 0 0 0 0 
9.25584 0 0 0 0 
9.2614 0 0 0 0 
9.26696 0 0 0 0 
9.27252 0 0 0 0 
9.27808 0 0 0 0 
9.28364 0 0 0 0 
9.2892 0 0 0 0 
9.29476 0 0 0 0 
9.30031 0 0 0 0 
9.30587 0 0 0 0 
9.31143 0 0 0 0 
9.31699 0 0 0 0 
9.32255 0 0 0 0 
9.32811 0 0 0 0 
9.33367 0 0 0 0 
9.33923 0 0 0 0 
9.34479 0 0 0 0 
9.35034 0 0 0 0 
9.3559 0 0 0 0 
9.36146 0 0 0 0 
9.36702 0 0 0 0 
9.37258 0 0 0 0 
9.37814 0 0 0 0 
9.3837 0 0 0 0 
9.38926 0 0 0 0 
9.39481 0 0 0 0 
9.40037 0 0 0 0 
9.40593 0 0 0 0 
9.41149 0 0 0 0 
9.41705 0 0 0 0 
9.42261 0 0 0 0 
9.42817 0 0 0 0 
9.43373 0 0 0 0 
9.43929 0 0 0 0 
9.44484 0 0 0 0 
9.4504 0 0 0 0 
9.45596 0 0 0 0 
9.46152 0 0 0 0 
9.46708 0 0 0 0 
9.47264 0 0 0 0 
9.4782 0 0 0 0 
9.48376 0 0 0 0 
9.48931 0 0 0 0 
9.49487 0 0 0 0 
9.50043 0 0 0 0 
9.50599 0 0 0 0 
9.51155 0 0 0 0 
9.51711 0 0 0 0 
9.52267 0 0 0 0 
9.52823 0 0 0 0 
9.53379 0 0 0 0 
9.53934 0 0 0 0 
9.5449 0 0 0 0 
9.55046 0 0 0 0 
9.55602 0 0 0 0 
9.56158 0 0 0 0 
9.56714 0 0 0 0 
9.5727 0 0 0 0 
9.57826 0 0 0 0 
9.58382 0 0 0 0 
9.58937 0 0 0 0 
9.59493 0 0 0 0 
9.60049 0 0 0 0 
9.60605 0 0 0 0 
9.61161 0 0 0 0 
9.61717 0 0 0 0 
9.62273 0 0 0 0 
9.62829 0 0 0 0 
9.63384 0 0 0 0 
9.6394 0 0 0 0 
9.64496 0 0 0 0 
9.65052 0 0 0 0 
9.65608 0 0 0 0 
9.66164 0 0 0 0 
9.6672 0 0 0 0 
9.67276 0 0 0 0 
9.67832 0 0 0 0 
9.68387 0 0 0 0 
9.68943 0 0 0 0 
9.69499 0 0 0 0 
9.70055 0 0 0 0 
9.70611 0 0 0 0 
9.71167 0 0 0 0 
9.71723 0 0 0 0 
9.72279 0 0 0 0 
9.72835 0 0 0 0 
9.7339 0 0 0 0 
9.73946 0 0 0 0 
9.74502 0 0 0 0 
9.75058 0 0 0 0 
9.75614 0 0 0 0 
9.7617 0 0 0 0 
9.76726 0 0 0 0 
9.77282 0 0 0 0 
9.77837 0 0 0 0 
9.78393 0 0 0 0 
9.78949 0 0 0 0 
9.79505 0 0 0 0 
9.80061 0 0 0 0 
9.80617 0 0 0 0 
9.81173 0 0 0 0 
9.81729 0 0 0 0 
9.82285 0 0 0 0 
9.8284 0 0 0 0 
9.83396 0 0 0 0 
9.83952 0 0 0 0 
9.84508 0 0 0 0 
9.85064 0 0 0 0 
9.8562 0 0 0 0 
9.86176 0 0 0 0 
9.86732 0 0 0 0 
9.87287 0 0 0 0 
9.87843 0 0 0 0 
9.88399 0 0 0 0 
9.88955 0 0 0 0 
9.89511 0 0 0 0 
9.90067 0 0 0 0 
9.90623 0 0 0 0 
9.91179 0 0 0 0 
9.91735 0 0 0 0 
9.9229 0 0 0 0 
9.92846 0 0 0 0 
9.93402 0 0 0 0 
9.93958 0 0 0 0 
9.94514 0 0 0 0 
9.9507 0 0 0 0 
9.95626 0 0 0 0 
9.96182 0 0 0 0 
9.96738 0 0 0 0 
9.97293 0 0 0 0 
9.97849 0 0 0 0 
9.98405 0 0 0 0 
9.98961 0 0 0 0 
9.99517 0 0 0 0 
10.0007 0 0 0 0 
10.0063 0 0 0 0 
10.0118 0 0 0 0 
10.0174 0 0 0 0 
10.023 0 0 0 0 
10.0285 0 0 0 0 
10.0341 0 0 0 0 
10.0396 0 0 0 0 
10.0452 0 0 0 0 
10.0508 0 0 0 0 
10.0563 0 0 0 0 
10.0619 0 0 0 0 
10.0674 0 0 0 0 
10.073 0 0 0 0 
10.0786 0 0 0 0 
10.0841 0 0 0 0 
10.0897 0 0 0 0 
10.0952 0 0 0 0 
10.1008 0 0 0 0 
10.1063 0 0 0 0 
10.1119 0 0 0 0 
10.1175 0 0 0 0 
10.123 0 0 0 0 
10.1286 0 0 0 0 
10.1341 0 0 0 0 
10.1397 0 0 0 0 
10.1453 0 0 0 0 
10.1508 0 0 0 0 
10.1564 0 0 0 0 
10.1619 0 0 0 0 
10.1675 0 0 0 0 
10.1731 0 0 0 0 
10.1786 0 0 0 0 
10.1842 0 0 0 0 
10.1897 0 0 0 0 
10.1953 0 0 0 0 
10.2008 0 0 0 0 
10.2064 0 0 0 0 
10.212 0 0 0 0 
10.2175 0 0 0 0 
10.2231 0 0 0 0 
10.2286 0 0 0 0 
10.2342 0 0 0 0 
10.2398 0 0 0 0 
10.2453 0 0 0 0 
10.2509 0 0 0 0 
10.2564 0 0 0 0 
10.262 0 0 0 0 
10.2676 0 0 0 0 
10.2731 0 0 0 0 
10.2787 0 0 0 0 
10.2842 0 0 0 0 
10.2898 0 0 0 0 
10.2953 0 0 0 0 
10.3009 0 0 0 0 
10.3065 0 0 0 0 
10.312 0 0 0 0 
10.3176 0 0 0 0 
10.3231 0 0 0 0 
10.3287 0 0 0 0 
10.3343 0 0 0 0 
10.3398 0 0 0 0 
10.3454 0 0 0 0 
10.3509 0 0 0 0 
10.3565 0 0 0 0 
10.3621 0 0 0 0 
10.3676 0 0 0 0 
10.3732 0 0 0 0 
10.3787 0 0 0 0 
10.3843 0 0 0 0 
10.3898 0 0 0 0 
10.3954 0 0 0 0 
10.401 0 0 0 0 
10.4065 0 0 0 0 
10.4121 0 0 0 0 
10.4176 0 0 0 0 
10.4232 0 0 0 0 
10.4288 0 0 0 0 
10.4343 0 0 0 0 
10.4399 0 0 0 0 
10.4454 0 0 0 0 
10.451 0 0 0 0 
10.4566 0 0 0 0 
10.4621 0 0 0 0 
10.4677 0 0 0 0 
10.4732 0 0 0 0 
10.4788 0 0 0 0 
10.4843 0 0 0 0 
10.4899 0 0 0 0 
10.4955 0 0 0 0 
10.501 0 0 0 0 
10.5066 0 0 0 0 
10.5121 0 0 0 0 
10.5177 0 0 0 0 
10.5233 0 0 0 0 
10.5288 0 0 0 0 
10.5344 0 0 0 0 
10.5399 0 0 0 0 
10.5455 0 0 0 0 
10.5511 0 0 0 0 
10.5566 0 0 0 0 
10.5622 0 0 0 0 
10.5677 0 0 0 0 
10.5733 0 0 0 0 
10.5788 0 0 0 0 
10.5844 0 0 0 0 
10.59 0 0 0 0 
10.5955 0 0 0 0 
10.6011 0 0 0 0 
10.6066 0 0 0 0 
10.6122 0 0 0 0 
10.6178 0 0 0 0 
10.6233 0 0 0 0 
10.6289 0 0 0 0 
10.6344 0 0 0 0 
10.64 0 0 0 0 
10.6456 0 0 0 0 
10.6511 0 0 0 0 
10.6567 0 0 0 0 
10.6622 0 0 0 0 
10.6678 0 0 0 0 
10.6733 0 0 0 0 
10.6789 0 0 0 0 
10.6845 0 0 0 0 
10.69 0 0 0 0 
10.6956 0 0 0 0 
10.7011 0 0 0 0 
10.7067 0 0 0 0 
10.7123 0 0 0 0 
10.7178 0 0 0 0 
10.7234 0 0 0 0 
10.7289 0 0 0 0 
10.7345 0 0 0 0 
10.7401 0 0 0 0 
10.7456 0 0 0 0 
10.7512 0 0 0 0 
10.7567 0 0 0 0 
10.7623 0 0 0 0 
10.7678 0 0 0 0 
10.7734 0 0 0 0 
10.779 0 0 0 0 
10.7845 0 0 0 0 
10.7901 0 0 0 0 
10.7956 0 0 0 0 
10.8012 0 0 0 0 
10.8068 0 0 0 0 
10.8123 0 0 0 0 
10.8179 0 0 0 0 
10.8234 0 0 0 0 
10.829 0 0 0 0 
10.8346 0 0 0 0 
10.8401 0 0 0 0 
10.8457 0 0 0 0 
10.8512 0 0 0 0 
10.8568 0 0 0 0 
10.8623 0 0 0 0 
10.8679 0 0 0 0 
10.8735 0 0 0 0 
10.879 0 0 0 0 
10.8846 0 0 0 0 
10.8901 0 0 0 0 
10.8957 0 0 0 0 
10.9013 0 0 0 0 
10.9068 0 0 0 0 
10.9124 0 0 0 0 
10.9179 0 0 0 0 
10.9235 0 0 0 0 
10.9291 0 0 0 0 
10.9346 0 0 0 0 
10.9402 0 0 0 0 
10.9457 0 0 0 0 
10.9513 0 0 0 0 
10.9568 0 0 0 0 
10.9624 0 0 0 0 
10.968 0 0 0 0 
10.9735 0 0 0 0 
10.9791 0 0 0 0 
10.9846 0 0 0 0 
10.9902 0 0 0 0 
10.9958 0 0 0 0 
11.0013 0 0 0 0 
11.0069 0 0 0 0 
11.0124 0 0 0 0 
11.018 0 0 0 0 
11.0236 0 0 0 0 
11.0291 0 0 0 0 
11.0347 0 0 0 0 
11.0402 0 0 0 0 
11.0458 0 0 0 0 
11.0513 0 0 0 0 
11.0569 0 0 0 0 
11.0625 0 0 0 0 
11.068 0 0 0 0 
11.0736 0 0 0 0 
11.0791 0 0 0 0 
11.0847 0 0 0 0 
11.0903 0 0 0 0 
11.0958 0 0 0 0 
11.1014 0 0 0 0 
11.1069 0 0 0 0 
11.1125 0 0 0 0 
11.1181 0 0 0 0 
11.1236 0 0 0 0 
11.1292 0 0 0 0 
11.1347 0 0 0 0 
11.1403 0 0 0 0 
11.1458 0 0 0 0 
11.1514 0 0 0 0 
11.157 0 0 0 0 
11.1625 0 0 0 0 
11.1681 0 0 0 0 
11.1736 0 0 0 0 
11.1792 0 0 0 0 
11.1848 0 0 0 0 
11.1903 0 0 0 0 
11.1959 0 0 0 0 
11.2014 0 0 0 0 
11.207 0 0 0 0 
11.2126 0 0 0 0 
11.2181 0 0 0 0 
11.2237 0 0 0 0 
11.2292 0 0 0 0 
11.2348 0 0 0 0 
11.2403 0 0 0 0 
11.2459 0 0 0 0 
11.2515 0 0 0 0 
11.257 0 0 0 0 
11.2626 0 0 0 0 
11.2681 0 0 0 0 
11.2737 0 0 0 0 
11.2793 0 0 0 0 
11.2848 0 0 0 0 
11.2904 0 0 0 0 
11.2959 0 0 0 0 
11.3015 0 0 0 0 
11.3071 0 0 0 0 
11.3126 0 0 0 0 
11.3182 0 0 0 0 
11.3237 0 0 0 0 
11.3293 0 0 0 0 
11.3348 0 0 0 0 
11.3404 0 0 0 0 
11.346 0 0 0 0 
11.3515 0 0 0 0 
11.3571 0 0 0 0 
11.3626 0 0 0 0 
11.3682 0 0 0 0 
11.3738 0 0 0 0 
11.3793 0 0 0 0 
11.3849 0 0 0 0 
11.3904 0 0 0 0 
11.396 0 0 0 0 
11.4016 0 0 0 0 
11.4071 0 0 0 0 
11.4127 0 0 0 0 
11.4182 0 0 0 0 
11.4238 0 0 0 0 
11.4293 0 0 0 0 
11.4349 0 0 0 0 
11.4405 0 0 0 0 
11.446 0 0 0 0 
11.4516 0 0 0 0 
11.4571 0 0 0 0 
11.4627 0 0 0 0 
11.4683 0 0 0 0 
11.4738 0 0 0 0 
11.4794 0 0 0 0 
11.4849 0 0 0 0 
11.4905 0 0 0 0 
11.4961 0 0 0 0 
11.5016 0 0 0 0 
11.5072 0 0 0 0 
11.5127 0 0 0 0 
11.5183 0 0 0 0 
11.5238 0 0 0 0 
11.5294 0 0 0 0 
11.535 0 0 0 0 
11.5405 0 0 0 0 
11.5461 0 0 0 0 
11.5516 0 0 0 0 
11.5572 0 0 0 0 
11.5628 0 0 0 0 
11.5683 0 0 0 0 
11.5739 0 0 0 0 
11.5794 0 0 0 0 
11.585 0 0 0 0 
11.5906 0 0 0 0 
11.5961 0 0 0 0 
11.6017 0 0 0 0 
11.6072 0 0 0 0 
11.6128 0 0 0 0 
11.6183 0 0 0 0 
11.6239 0 0 0 0 
11.6295 0 0 0 0 
11.635 0 0 0 0 
11.6406 0 0 0 0 
11.6461 0 0 0 0 
11.6517 0 0 0 0 
11.6573 0 0 0 0 
11.6628 0 0 0 0 
11.6684 0 0 0 0 
11.6739 0 0 0 0 
11.6795 0 0 0 0 
11.6851 0 0 0 0 
11.6906 0 0 0 0 
11.6962 0 0 0 0 
11.7017 0 0 0 0 
11.7073 0 0 0 0 
11.7129 0 0 0 0 
11.7184 0 0 0 0 
11.724 0 0 0 0 
11.7295 0 0 0 0 
11.7351 0 0 0 0 
11.7406 0 0 0 0 
11.7462 0 0 0 0 
11.7518 0 0 0 0 
11.7573 0 0 0 0 
11.7629 0 0 0 0 
11.7684 0 0 0 0 
11.774 0 0 0 0 
11.7796 0 0 0 0 
11.7851 0 0 0 0 
11.7907 0 0 0 0 
11.7962 0 0 0 0 
11.8018 0 0 0 0 
11.8074 0 0 0 0 
11.8129 0 0 0 0 
11.8185 0 0 0 0 
11.824 0 0 0 0 
11.8296 0 0 0 0 
11.8351 0 0 0 0 
11.8407 0 0 0 0 
11.8463 0 0 0 0 
11.8518 0 0 0 0 
11.8574 0 0 0 0 
11.8629 0 0 0 0 
11.8685 0 0 0 0 
11.8741 0 0 0 0 
11.8796 0 0 0 0 
11.8852 0 0 0 0 
11.8907 0 0 0 0 
11.8963 0 0 0 0 
11.9019 0 0 0 0 
11.9074 0 0 0 0 
11.913 0 0 0 0 
11.9185 0 0 0 0 
11.9241 0 0 0 0 
11.9296 0 0 0 0 
11.9352 0 0 0 0 
11.9408 0 0 0 0 
11.9463 0 0 0 0 
11.9519 0 0 0 0 
11.9574 0 0 0 0 
11.963 0 0 0 0 
11.9686 0 0 0 0 
11.9741 0 0 0 0 
11.9797 0 0 0 0 
11.9852 0 0 0 0 
11.9908 0 0 0 0 
11.9964 0 0 0 0 
12.0019 0 0 0 0 
12.0075 0 0 0 0 
12.013 0 0 0 0 
12.0186 0 0 0 0 
12.0241 0 0 0 0 
12.0297 0 0 0 0 
12.0353 0 0 0 0 
12.0408 0 0 0 0 
12.0464 0 0 0 0 
12.0519 0 0 0 0 
12.0575 0 0 0 0 
12.0631 0 0 0 0 
12.0686 0 0 0 0 
12.0742 0 0 0 0 
12.0797 0 0 0 0 
12.0853 0 0 0 0 
12.0909 0 0 0 0 
12.0964 0 0 0 0 
12.102 0 0 0 0 
12.1075 0 0 0 0 
12.1131 0 0 0 0 
12.1186 0 0 0 0 
12.1242 0 0 0 0 
12.1298 0 0 0 0 
12.1353 0 0 0 0 
12.1409 0 0 0 0 
12.1464 0 0 0 0 
12.152 0 0 0 0 
12.1576 0 0 0 0 
12.1631 0 0 0 0 
12.1687 0 0 0 0 
12.1742 0 0 0 0 
12.1798 0 0 0 0 
12.1854 0 0 0 0 
12.1909 0 0 0 0 
12.1965 0 0 0 0 
12.202 0 0 0 0 
12.2076 0 0 0 0 
12.2131 0 0 0 0 
12.2187 0 0 0 0 
12.2243 0 0 0 0 
12.2298 0 0 0 0 
12.2354 0 0 0 0 
12.2409 0 0 0 0 
12.2465 0 0 0 0 
12.2521 0 0 0 0 
12.2576 0 0 0 0 
12.2632 0 0 0 0 
12.2687 0 0 0 0 
12.2743 0 0 0 0 
12.2799 0 0 0 0 
12.2854 0 0 0 0 
12.291 0 0 0 0 
12.2965 0 0 0 0 
12.3021 0 0 0 0 
12.3076 0 0 0 0 
12.3132 0 0 0 0 
12.3188 0 0 0 0 
12.3243 0 0 0 0 
12.3299 0 0 0 0 
12.3354 0 0 0 0 
12.341 0 0 0 0 
12.3466 0 0 0 0 
12.3521 0 0 0 0 
12.3577 0 0 0 0 
12.3632 0 0 0 0 
12.3688 0 0 0 0 
12.3744 0 0 0 0 
12.3799 0 0 0 0 
12.3855 0 0 0 0 
12.391 0 0 0 0 
12.3966 0 0 0 0 
12.4021 0 0 0 0 
12.4077 0 0 0 0 
12.4133 0 0 0 0 
12.4188 0 0 0 0 
12.4244 0 0 0 0 
12.4299 0 0 0 0 
12.4355 0 0 0 0 
12.4411 0 0 0 0 
12.4466 0 0 0 0 
12.4522 0 0 0 0 
12.4577 0 0 0 0 
12.4633 0 0 0 0 
12.4689 0 0 0 0 
12.4744 0 0 0 0 
12.48 0 0 0 0 
12.4855 0 0 0 0 
12.4911 0 0 0 0 
12.4966 0 0 0 0 
12.5022 0 0 0 0 
12.5078 0 0 0 0 
12.5133 0 0 0 0 
12.5189 0 0 0 0 
12.5244 0 0 0 0 
12.53 0 0 0 0 
12.5356 0 0 0 0 
12.5411 0 0 0 0 
12.5467 0 0 0 0 
12.5522 0 0 0 0 
12.5578 0 0 0 0 
12.5634 0 0 0 0 
12.5689 0 0 0 0 
12.5745 0 0 0 0 
12.58 0 0 0 0 
12.5856 0 0 0 0 
12.5911 0 0 0 0 
12.5967 0 0 0 0 
12.6023 0 0 0 0 
12.6078 0 0 0 0 
12.6134 0 0 0 0 
12.6189 0 0 0 0 
12.6245 0 0 0 0 
12.6301 0 0 0 0 
12.6356 0 0 0 0 
12.6412 0 0 0 0 
12.6467 0 0 0 0 
12.6523 0 0 0 0 
12.6579 0 0 0 0 
12.6634 0 0 0 0 
12.669 0 0 0 0 
12.6745 0 0 0 0 
12.6801 0 0 0 0 
12.6856 0 0 0 0 
12.6912 0 0 0 0 
12.6968 0 0 0 0 
12.7023 0 0 0 0 
12.7079 0 0 0 0 
12.7134 0 0 0 0 
12.719 0 0 0 0 
12.7246 0 0 0 0 
12.7301 0 0 0 0 
12.7357 0 0 0 0 
12.7412 0 0 0 0 
12.7468 0 0 0 0 
12.7524 0 0 0 0 
12.7579 0 0 0 0 
12.7635 0 0 0 0 
12.769 0 0 0 0 
12.7746 0 0 0 0 
12.7801 0 0 0 0 
12.7857 0 0 0 0 
12.7913 0 0 0 0 
12.7968 0 0 0 0 
12.8024 0 0 0 0 
12.8079 0 0 0 0 
12.8135 0 0 0 0 
12.8191 0 0 0 0 
12.8246 0 0 0 0 
12.8302 0 0 0 0 
12.8357 0 0 0 0 
12.8413 0 0 0 0 
12.8469 0 0 0 0 
12.8524 0 0 0 0 
12.858 0 0 0 0 
12.8635 0 0 0 0 
12.8691 0 0 0 0 
12.8746 0 0 0 0 
12.8802 0 0 0 0 
12.8858 0 0 0 0 
12.8913 0 0 0 0 
12.8969 0 0 0 0 
12.9024 0 0 0 0 
12.908 0 0 0 0 
12.9136 0 0 0 0 
12.9191 0 0 0 0 
12.9247 0 0 0 0 
12.9302 0 0 0 0 
12.9358 0 0 0 0 
12.9414 0 0 0 0 
12.9469 0 0 0 0 
12.9525 0 0 0 0 
12.958 0 0 0 0 
12.9636 0 0 0 0 
12.9691 0 0 0 0 
12.9747 0 0 0 0 
12.9803 0 0 0 0 
12.9858 0 0 0 0 
12.9914 0 0 0 0 
12.9969 0 0 0 0 
13.0025 0 0 0 0 
13.0081 0 0 0 0 
13.0136 0 0 0 0 
13.0192 0 0 0 0 
13.0247 0 0 0 0 
13.0303 0 0 0 0 
13.0359 0 0 0 0 
13.0414 0 0 0 0 
13.047 0 0 0 0 
13.0525 0 0 0 0 
13.0581 0 0 0 0 
13.0636 0 0 0 0 
13.0692 0 0 0 0 
13.0748 0 0 0 0 
13.0803 0 0 0 0 
13.0859 0 0 0 0 
13.0914 0 0 0 0 
13.097 0 0 0 0 
13.1026 0 0 0 0 
13.1081 0 0 0 0 
13.1137 0 0 0 0 
13.1192 0 0 0 0 
13.1248 0 0 0 0 
13.1304 0 0 0 0 
13.1359 0 0 0 0 
13.1415 0 0 0 0 
13.147 0 0 0 0 
13.1526 0 0 0 0 
13.1581 0 0 0 0 
13.1637 0 0 0 0 
13.1693 0 0 0 0 
13.1748 0 0 0 0 
13.1804 0 0 0 0 
13.1859 0 0 0 0 
13.1915 0 0 0 0 
13.1971 0 0 0 0 
13.2026 0 0 0 0 
13.2082 0 0 0 0 
13.2137 0 0 0 0 
13.2193 0 0 0 0 
13.2249 0 0 0 0 
13.2304 0 0 0 0 
13.236 0 0 0 0 
13.2415 0 0 0 0 
13.2471 0 0 0 0 
13.2526 0 0 0 0 
13.2582 0 0 0 0 
13.2638 0 0 0 0 
13.2693 0 0 0 0 
13.2749 0 0 0 0 
13.2804 0 0 0 0 
13.286 0 0 0 0 
13.2916 0 0 0 0 
13.2971 0 0 0 0 
13.3027 0 0 0 0 
13.3082 0 0 0 0 
13.3138 0 0 0 0 
13.3194 0 0 0 0 
13.3249 0 0 0 0 
13.3305 0 0 0 0 
13.336 0 0 0 0 
13.3416 0 0 0 0 
13.3471 0 0 0 0 
13.3527 0 0 0 0 
13.3583 0 0 0 0 
13.3638 0 0 0 0 
13.3694 0 0 0 0 
13.3749 0 0 0 0 
13.3805 0 0 0 0 
13.3861 0 0 0 0 
13.3916 0 0 0 0 
13.3972 0 0 0 0 
13.4027 0 0 0 0 
13.4083 0 0 0 0 
13.4139 0 0 0 0 
13.4194 0 0 0 0 
13.425 0 0 0 0 
13.4305 0 0 0 0 
13.4361 0 0 0 0 
13.4416 0 0 0 0 
13.4472 0 0 0 0 
13.4528 0 0 0 0 
13.4583 0 0 0 0 
13.4639 0 0 0 0 
13.4694 0 0 0 0 
13.475 0 0 0 0 
13.4806 0 0 0 0 
13.4861 0 0 0 0 
13.4917 0 0 0 0 
13.4972 0 0 0 0 
13.5028 0 0 0 0 
13.5084 0 0 0 0 
13.5139 0 0 0 0 
13.5195 0 0 0 0 
13.525 0 0 0 0 
13.5306 0 0 0 0 
13.5361 0 0 0 0 
13.5417 0 0 0 0 
13.5473 0 0 0 0 
13.5528 0 0 0 0 
13.5584 0 0 0 0 
13.5639 0 0 0 0 
13.5695 0 0 0 0 
13.5751 0 0 0 0 
13.5806 0 0 0 0 
13.5862 0 0 0 0 
13.5917 0 0 0 0 
13.5973 0 0 0 0 
13.6029 0 0 0 0 
13.6084 0 0 0 0 
13.614 0 0 0 0 
13.6195 0 0 0 0 
13.6251 0 0 0 0 
13.6306 0 0 0 0 
13.6362 0 0 0 0 
13.6418 0 0 0 0 
13.6473 0 0 0 0 
13.6529 0 0 0 0 
13.6584 0 0 0 0 
13.664 0 0 0 0 
13.6696 0 0 0 0 
13.6751 0 0 0 0 
13.6807 0 0 0 0 
13.6862 0 0 0 0 
13.6918 0 0 0 0 
13.6974 0 0 0 0 
13.7029 0 0 0 0 
13.7085 0 0 0 0 
13.714 0 0 0 0 
13.7196 0 0 0 0 
13.7251 0 0 0 0 
13.7307 0 0 0 0 
13.7363 0 0 0 0 
13.7418 0 0 0 0 
13.7474 0 0 0 0 
13.7529 0 0 0 0 
13.7585 0 0 0 0 
13.7641 0 0 0 0 
13.7696 0 0 0 0 
13.7752 0 0 0 0 
13.7807 0 0 0 0 
13.7863 0 0 0 0 
13.7919 0 0 0 0 
13.7974 0 0 0 0 
13.803 0 0 0 0 
13.8085 0 0 0 0 
13.8141 0 0 0 0 
13.8196 0 0 0 0 
13.8252 0 0 0 0 
13.8308 0 0 0 0 
13.8363 0 0 0 0 
13.8419 0 0 0 0 
13.8474 0 0 0 0 
13.853 0 0 0 0 
13.8586 0 0 0 0 
13.8641 0 0 0 0 
13.8697 0 0 0 0 
13.8752 0 0 0 0 
13.8808 0 0 0 0 
13.8864 0 0 0 0 
13.8919 0 0 0 0 
13.8975 0 0 0 0 
13.903 0 0 0 0 
13.9086 0 0 0 0 
13.9141 0 0 0 0 
13.9197 0 0 0 0 
13.9253 0 0 0 0 
13.9308 0 0 0 0 
13.9364 0 0 0 0 
13.9419 0 0 0 0 
13.9475 0 0 0 0 
13.9531 0 0 0 0 
13.9586 0 0 0 0 
13.9642 0 0 0 0 
13.9697 0 0 0 0 
13.9753 0 0 0 0 
13.9809 0 0 0 0 
13.9864 0 0 0 0 
13.992 0 0 0 0 
13.9975 0 0 0 0 
14.0031 0 0 0 0 
14.0087 0 0 0 0 
14.0142 0 0 0 0 
14.0198 0 0 0 0 
14.0253 0 0 0 0 
14.0309 0 0 0 0 
14.0364 0 0 0 0 
14.042 0 0 0 0 
14.0476 0 0 0 0 
14.0531 0 0 0 0 
14.0587 0 0 0 0 
14.0642 0 0 0 0 
14.0698 0 0 0 0 
14.0754 0 0 0 0 
14.0809 0 0 0 0 
14.0865 0 0 0 0 
14.092 0 0 0 0 
14.0976 0 0 0 0 
14.1032 0 0 0 0 
14.1087 0 0 0 0 
14.1143 0 0 0 0 
14.1198 0 0 0 0 
14.1254 0 0 0 0 
14.1309 0 0 0 0 
14.1365 0 0 0 0 
14.1421 0 0 0 0 
14.1476 0 0 0 0 
14.1532 0 0 0 0 
14.1587 0 0 0 0 
14.1643 0 0 0 0 
14.1699 0 0 0 0 
14.1754 0 0 0 0 
14.181 0 0 0 0 
14.1865 0 0 0 0 
14.1921 0 0 0 0 
14.1977 0 0 0 0 
14.2032 0 0 0 0 
14.2088 0 0 0 0 
14.2143 0 0 0 0 
14.2199 0 0 0 0 
14.2254 0 0 0 0 
14.231 0 0 0 0 
14.2366 0 0 0 0 
14.2421 0 0 0 0 
14.2477 0 0 0 0 
14.2532 0 0 0 0 
14.2588 0 0 0 0 
14.2644 0 0 0 0 
14.2699 0 0 0 0 
14.2755 0 0 0 0 
14.281 0 0 0 0 
14.2866 0 0 0 0 
14.2922 0 0 0 0 
14.2977 0 0 0 0 
14.3033 0 0 0 0 
14.3088 0 0 0 0 
14.3144 0 0 0 0 
14.3199 0 0 0 0 
14.3255 0 0 0 0 
14.3311 0 0 0 0 
14.3366 0 0 0 0 
14.3422 0 0 0 0 
14.3477 0 0 0 0 
14.3533 0 0 0 0 
14.3589 0 0 0 0 
14.3644 0 0 0 0 
14.37 0 0 0 0 
14.3755 0 0 0 0 
14.3811 0 0 0 0 
14.3867 0 0 0 0 
14.3922 0 0 0 0 
14.3978 0 0 0 0 
14.4033 0 0 0 0 
14.4089 0 0 0 0 
14.4144 0 0 0 0 
14.42 0 0 0 0 
14.4256 0 0 0 0 
14.4311 0 0 0 0 
14.4367 0 0 0 0 
14.4422 0 0 0 0 
14.4478 0 0 0 0 
14.4534 0 0 0 0 
14.4589 0 0 0 0 
14.4645 0 0 0 0 
14.47 0 0 0 0 
14.4756 0 0 0 0 
14.4812 0 0 0 0 
14.4867 0 0 0 0 
14.4923 0 0 0 0 
14.4978 0 0 0 0 
14.5034 0 0 0 0 
14.5089 0 0 0 0 
14.5145 0 0 0 0 
14.5201 0 0 0 0 
14.5256 0 0 0 0 
14.5312 0 0 0 0 
14.5367 0 0 0 0 
14.5423 0 0 0 0 
14.5479 0 0 0 0 
14.5534 0 0 0 0 
14.559 0 0 0 0 
14.5645 0 0 0 0 
14.5701 0 0 0 0 
14.5757 0 0 0 0 
14.5812 0 0 0 0 
14.5868 0 0 0 0 
14.5923 0 0 0 0 
14.5979 0 0 0 0 
14.6034 0 0 0 0 
14.609 0 0 0 0 
14.6146 0 0 0 0 
14.6201 0 0 0 0 
14.6257 0 0 0 0 
14.6312 0 0 0 0 
14.6368 0 0 0 0 
14.6424 0 0 0 0 
14.6479 0 0 0 0 
14.6535 0 0 0 0 
14.659 0 0 0 0 
14.6646 0 0 0 0 
14.6702 0 0 0 0 
14.6757 0 0 0 0 
14.6813 0 0 0 0 
14.6868 0 0 0 0 
14.6924 0 0 0 0 
14.6979 0 0 0 0 
14.7035 0 0 0 0 
14.7091 0 0 0 0 
14.7146 0 0 0 0 
14.7202 0 0 0 0 
14.7257 0 0 0 0 
14.7313 0 0 0 0 
14.7369 0 0 0 0 
14.7424 0 0 0 0 
14.748 0 0 0 0 
14.7535 0 0 0 0 
14.7591 0 0 0 0 
14.7647 0 0 0 0 
14.7702 0 0 0 0 
14.7758 0 0 0 0 
14.7813 0 0 0 0 
14.7869 0 0 0 0 
14.7924 0 0 0 0 
14.798 0 0 0 0 
14.8036 0 0 0 0 
14.8091 0 0 0 0 
14.8147 0 0 0 0 
14.8202 0 0 0 0 
14.8258 0 0 0 0 
14.8314 0 0 0 0 
14.8369 0 0 0 0 
14.8425 0 0 0 0 
14.848 0 0 0 0 
14.8536 0 0 0 0 
14.8592 0 0 0 0 
14.8647 0 0 0 0 
14.8703 0 0 0 0 
14.8758 0 0 0 0 
14.8814 0 0 0 0 
14.8869 0 0 0 0 
14.8925 0 0 0 0 
14.8981 0 0 0 0 
14.9036 0 0 0 0 
14.9092 0 0 0 0 
14.9147 0 0 0 0 
14.9203 0 0 0 0 
14.9259 0 0 0 0 
14.9314 0 0 0 0 
14.937 0 0 0 0 
14.9425 0 0 0 0 
14.9481 0 0 0 0 
14.9537 0 0 0 0 
14.9592 0 0 0 0 
14.9648 0 0 0 0 
14.9703 0 0 0 0 
14.9759 0 0 0 0 
14.9814 0 0 0 0 
14.987 0 0 0 0 
14.9926 0 0 0 0 
14.9981 0 0 0 0 
15.0037 0 0 0 0 
15.0092 0 0 0 0 
15.0148 0 0 0 0 
15.0204 0 0 0 0 
15.0259 0 0 0 0 
15.0315 0 0 0 0 
15.037 0 0 0 0 
15.0426 0 0 0 0 
15.0482 0 0 0 0 
15.0537 0 0 0 0 
15.0593 0 0 0 0 
15.0648 0 0 0 0 
15.0704 0 0 0 0 
15.0759 0 0 0 0 
15.0815 0 0 0 0 
15.0871 0 0 0 0 
15.0926 0 0 0 0 
15.0982 0 0 0 0 
15.1037 0 0 0 0 
15.1093 0 0 0 0 
15.1149 0 0 0 0 
15.1204 0 0 0 0 
15.126 0 0 0 0 
15.1315 0 0 0 0 
15.1371 0 0 0 0 
15.1427 0 0 0 0 
15.1482 0 0 0 0 
15.1538 0 0 0 0 
15.1593 0 0 0 0 
15.1649 0 0 0 0 
15.1704 0 0 0 0 
15.176 0 0 0 0 
15.1816 0 0 0 0 
15.1871 0 0 0 0 
15.1927 0 0 0 0 
15.1982 0 0 0 0 
15.2038 0 0 0 0 
15.2094 0 0 0 0 
15.2149 0 0 0 0 
15.2205 0 0 0 0 
15.226 0 0 0 0 
15.2316 0 0 0 0 
15.2372 0 0 0 0 
15.2427 0 0 0 0 
15.2483 0 0 0 0 
15.2538 0 0 0 0 
15.2594 0 0 0 0 
15.2649 0 0 0 0 
15.2705 0 0 0 0 
15.2761 0 0 0 0 
15.2816 0 0 0 0 
15.2872 0 0 0 0 
15.2927 0 0 0 0 
15.2983 0 0 0 0 
15.3039 0 0 0 0 
15.3094 0 0 0 0 
15.315 0 0 0 0 
15.3205 0 0 0 0 
15.3261 0 0 0 0 
15.3317 0 0 0 0 
15.3372 0 0 0 0 
15.3428 0 0 0 0 
15.3483 0 0 0 0 
15.3539 0 0 0 0 
15.3594 0 0 0 0 
15.365 0 0 0 0 
15.3706 0 0 0 0 
15.3761 0 0 0 0 
15.3817 0 0 0 0 
15.3872 0 0 0 0 
15.3928 0 0 0 0 
15.3984 0 0 0 0 
15.4039 0 0 0 0 
15.4095 0 0 0 0 
15.415 0 0 0 0 
15.4206 0 0 0 0 
15.4262 0 0 0 0 
15.4317 0 0 0 0 
15.4373 0 0 0 0 
15.4428 0 0 0 0 
15.4484 0 0 0 0 
15.4539 0 0 0 0 
15.4595 0 0 0 0 
15.4651 0 0 0 0 
15.4706 0 0 0 0 
15.4762 0 0 0 0 
15.4817 0 0 0 0 
15.4873 0 0 0 0 
15.4929 0 0 0 0 
15.4984 0 0 0 0 
15.504 0 0 0 0 
15.5095 0 0 0 0 
15.5151 0 0 0 0 
15.5207 0 0 0 0 
15.5262 0 0 0 0 
15.5318 0 0 0 0 
15.5373 0 0 0 0 
15.5429 0 0 0 0 
15.5484 0 0 0 0 
15.554 0 0 0 0 
15.5596 0 0 0 0 
15.5651 0 0 0 0 
15.5707 0 0 0 0 
15.5762 0 0 0 0 
15.5818 0 0 0 0 
15.5874 0 0 0 0 
15.5929 0 0 0 0 
15.5985 0 0 0 0 
15.604 0 0 0 0 
15.6096 0 0 0 0 
15.6152 0 0 0 0 
15.6207 0 0 0 0 
15.6263 0 0 0 0 
15.6318 0 0 0 0 
15.6374 0 0 0 0 
15.6429 0 0 0 0 
15.6485 0 0 0 0 
15.6541 0 0 0 0 
15.6596 0 0 0 0 
15.6652 0 0 0 0 
15.6707 0 0 0 0 
15.6763 0 0 0 0 
15.6819 0 0 0 0 
15.6874 0 0 0 0 
15.693 0 0 0 0 
15.6985 0 0 0 0 
15.7041 0 0 0 0 
15.7097 0 0 0 0 
15.7152 0 0 0 0 
15.7208 0 0 0 0 
15.7263 0 0 0 0 
15.7319 0 0 0 0 
15.7374 0 0 0 0 
15.743 0 0 0 0 
15.7486 0 0 0 0 
15.7541 0 0 0 0 
15.7597 0 0 0 0 
15.7652 0 0 0 0 
15.7708 0 0 0 0 
15.7764 0 0 0 0 
15.7819 0 0 0 0 
15.7875 0 0 0 0 
15.793 0 0 0 0 
15.7986 0 0 0 0 
15.8042 0 0 0 0 
15.8097 0 0 0 0 
15.8153 0 0 0 0 
15.8208 0 0 0 0 
15.8264 0 0 0 0 
15.8319 0 0 0 0 
15.8375 0 0 0 0 
15.8431 0 0 0 0 
15.8486 0 0 0 0 
15.8542 0 0 0 0 
15.8597 0 0 0 0 
15.8653 0 0 0 0 
15.8709 0 0 0 0 
15.8764 0 0 0 0 
15.882 0 0 0 0 
15.8875 0 0 0 0 
15.8931 0 0 0 0 
15.8987 0 0 0 0 
15.9042 0 0 0 0 
15.9098 0 0 0 0 
15.9153 0 0 0 0 
15.9209 0 0 0 0 
15.9264 0 0 0 0 
15.932 0 0 0 0 
15.9376 0 0 0 0 
15.9431 0 0 0 0 
15.9487 0 0 0 0 
15.9542 0 0 0 0 
15.9598 0 0 0 0 
15.9654 0 0 0 0 
15.9709 0 0 0 0 
15.9765 0 0 0 0 
15.982 0 0 0 0 
15.9876 0 0 0 0 
15.9932 0 0 0 0 
15.9987 0 0 0 0 
16.0043 0 0 0 0 
16.0098 0 0 0 0 
16.0154 0 0 0 0 
16.0209 0 0 0 0 
16.0265 0 0 0 0 
16.0321 0 0 0 0 
16.0376 0 0 0 0 
16.0432 0 0 0 0 
16.0487 0 0 0 0 
16.0543 0 0 0 0 
16.0599 0 0 0 0 
16.0654 0 0 0 0 
16.071 0 0 0 0 
16.0765 0 0 0 0 
16.0821 0 0 0 0 
16.0877 0 0 0 0 
16.0932 0 0 0 0 
16.0988 0 0 0 0 
16.1043 0 0 0 0 
16.1099 0 0 0 0 
16.1154 0 0 0 0 
16.121 0 0 0 0 
16.1266 0 0 0 0 
16.1321 0 0 0 0 
16.1377 0 0 0 0 
16.1432 0 0 0 0 
16.1488 0 0 0 0 
16.1544 0 0 0 0 
16.1599 0 0 0 0 
16.1655 0 0 0 0 
16.171 0 0 0 0 
16.1766 0 0 0 0 
16.1822 0 0 0 0 
16.1877 0 0 0 0 
16.1933 0 0 0 0 
16.1988 0 0 0 0 
16.2044 0 0 0 0 
16.2099 0 0 0 0 
16.2155 0 0 0 0 
16.2211 0 0 0 0 
16.2266 0 0 0 0 
16.2322 0 0 0 0 
16.2377 0 0 0 0 
16.2433 0 0 0 0 
16.2489 0 0 0 0 
16.2544 0 0 0 0 
16.26 0 0 0 0 
16.2655 0 0 0 0 
16.2711 0 0 0 0 
16.2767 0 0 0 0 
16.2822 0 0 0 0 
16.2878 0 0 0 0 
16.2933 0 0 0 0 
16.2989 0 0 0 0 
16.3044 0 0 0 0 
16.31 0 0 0 0 
16.3156 0 0 0 0 
16.3211 0 0 0 0 
16.3267 0 0 0 0 
16.3322 0 0 0 0 
16.3378 0 0 0 0 
16.3434 0 0 0 0 
16.3489 0 0 0 0 
16.3545 0 0 0 0 
16.36 0 0 0 0 
16.3656 0 0 0 0 
16.3712 0 0 0 0 
16.3767 0 0 0 0 
16.3823 0 0 0 0 
16.3878 0 0 0 0 
16.3934 0 0 0 0 
16.399 0 0 0 0 
16.4045 0 0 0 0 
16.4101 0 0 0 0 
16.4156 0 0 0 0 
16.4212 0 0 0 0 
16.4267 0 0 0 0 
16.4323 0 0 0 0 
16.4379 0 0 0 0 
16.4434 0 0 0 0 
16.449 0 0 0 0 
16.4545 0 0 0 0 
16.4601 0 0 0 0 
16.4657 0 0 0 0 
16.4712 0 0 0 0 
16.4768 0 0 0 0 
16.4823 0 0 0 0 
16.4879 0 0 0 0 
16.4935 0 0 0 0 
16.499 0 0 0 0 
16.5046 0 0 0 0 
16.5101 0 0 0 0 
16.5157 0 0 0 0 
16.5212 0 0 0 0 
16.5268 0 0 0 0 
16.5324 0 0 0 0 
16.5379 0 0 0 0 
16.5435 0 0 0 0 
16.549 0 0 0 0 
16.5546 0 0 0 0 
16.5602 0 0 0 0 
16.5657 0 0 0 0 
16.5713 0 0 0 0 
16.5768 0 0 0 0 
16.5824 0 0 0 0 
16.588 0 0 0 0 
16.5935 0 0 0 0 
16.5991 0 0 0 0 
16.6046 0 0 0 0 
16.6102 0 0 0 0 
16.6157 0 0 0 0 
16.6213 0 0 0 0 
16.6269 0 0 0 0 
16.6324 0 0 0 0 
16.638 0 0 0 0 
16.6435 0 0 0 0 
16.6491 0 0 0 0 
16.6547 0 0 0 0 
16.6602 0 0 0 0 
16.6658 0 0 0 0 
16.6713 0 0 0 0 
16.6769 0 0 0 0 
16.6825 0 0 0 0 
16.688 0 0 0 0 
16.6936 0 0 0 0 
16.6991 0 0 0 0 
16.7047 0 0 0 0 
16.7102 0 0 0 0 
16.7158 0 0 0 0 
16.7214 0 0 0 0 
16.7269 0 0 0 0 
16.7325 0 0 0 0 
16.738 0 0 0 0 
16.7436 0 0 0 0 
16.7492 0 0 0 0 
16.7547 0 0 0 0 
16.7603 0 0 0 0 
16.7658 0 0 0 0 
16.7714 0 0 0 0 
16.777 0 0 0 0 
16.7825 0 0 0 0 
16.7881 0 0 0 0 
16.7936 0 0 0 0 
16.7992 0 0 0 0 
16.8047 0 0 0 0 
16.8103 0 0 0 0 
16.8159 0 0 0 0 
16.8214 0 0 0 0 
16.827 0 0 0 0 
16.8325 0 0 0 0 
16.8381 0 0 0 0 
16.8437 0 0 0 0 
16.8492 0 0 0 0 
16.8548 0 0 0 0 
16.8603 0 0 0 0 
16.8659 0 0 0 0 
16.8715 0 0 0 0 
16.877 0 0 0 0 
16.8826 0 0 0 0 
16.8881 0 0 0 0 
16.8937 0 0 0 0 
16.8992 0 0 0 0 
16.9048 0 0 0 0 
16.9104 0 0 0 0 
16.9159 0 0 0 0 
16.9215 0 0 0 0 
16.927 0 0 0 0 
16.9326 0 0 0 0 
16.9382 0 0 0 0 
16.9437 0 0 0 0 
16.9493 0 0 0 0 
16.9548 0 0 0 0 
16.9604 0 0 0 0 
16.966 0 0 0 0 
16.9715 0 0 0 0 
16.9771 0 0 0 0 
16.9826 0 0 0 0 
16.9882 0 0 0 0 
16.9937 0 0 0 0 
16.9993 0 0 0 0 
17.0049 0 0 0 0 
17.0104 0 0 0 0 
17.016 0 0 0 0 
17.0215 0 0 0 0 
17.0271 0 0 0 0 
17.0327 0 0 0 0 
17.0382 0 0 0 0 
17.0438 0 0 0 0 
17.0493 0 0 0 0 
17.0549 0 0 0 0 
17.0605 0 0 0 0 
17.066 0 0 0 0 
17.0716 0 0 0 0 
17.0771 0 0 0 0 
17.0827 0 0 0 0 
17.0882 0 0 0 0 
17.0938 0 0 0 0 
17.0994 0 0 0 0 
17.1049 0 0 0 0 
17.1105 0 0 0 0 
17.116 0 0 0 0 
17.1216 0 0 0 0 
17.1272 0 0 0 0 
17.1327 0 0 0 0 
17.1383 0 0 0 0 
17.1438 0 0 0 0 
17.1494 0 0 0 0 
17.155 0 0 0 0 
17.1605 0 0 0 0 
17.1661 0 0 0 0 
17.1716 0 0 0 0 
17.1772 0 0 0 0 
17.1827 0 0 0 0 
17.1883 0 0 0 0 
17.1939 0 0 0 0 
17.1994 0 0 0 0 
17.205 0 0 0 0 
17.2105 0 0 0 0 
17.2161 0 0 0 0 
17.2217 0 0 0 0 
17.2272 0 0 0 0 
17.2328 0 0 0 0 
17.2383 0 0 0 0 
17.2439 0 0 0 0 
17.2495 0 0 0 0 
17.255 0 0 0 0 
17.2606 0 0 0 0 
17.2661 0 0 0 0 
17.2717 0 0 0 0 
17.2772 0 0 0 0 
17.2828 0 0 0 0 
17.2884 0 0 0 0 
17.2939 0 0 0 0 
17.2995 0 0 0 0 
17.305 0 0 0 0 
17.3106 0 0 0 0 
17.3162 0 0 0 0 
17.3217 0 0 0 0 
17.3273 0 0 0 0 
17.3328 0 0 0 0 
17.3384 0 0 0 0 
17.344 0 0 0 0 
17.3495 0 0 0 0 
17.3551 0 0 0 0 
17.3606 0 0 0 0 
17.3662 0 0 0 0 
17.3717 0 0 0 0 
17.3773 0 0 0 0 
17.3829 0 0 0 0 
17.3884 0 0 0 0 
17.394 0 0 0 0 
17.3995 0 0 0 0 
17.4051 0 0 0 0 
17.4107 0 0 0 0 
17.4162 0 0 0 0 
17.4218 0 0 0 0 
17.4273 0 0 0 0 
17.4329 0 0 0 0 
17.4385 0 0 0 0 
17.444 0 0 0 0 
17.4496 0 0 0 0 
17.4551 0 0 0 0 
17.4607 0 0 0 0 
17.4662 0 0 0 0 
17.4718 0 0 0 0 
17.4774 0 0 0 0 
17.4829 0 0 0 0 
17.4885 0 0 0 0 
17.494 0 0 0 0 
17.4996 0 0 0 0 
17.5052 0 0 0 0 
17.5107 0 0 0 0 
17.5163 0 0 0 0 
17.5218 0 0 0 0 
17.5274 0 0 0 0 
17.533 0 0 0 0 
17.5385 0 0 0 0 
17.5441 0 0 0 0 
17.5496 0 0 0 0 
17.5552 0 0 0 0 
17.5607 0 0 0 0 
17.5663 0 0 0 0 
17.5719 0 0 0 0 
17.5774 0 0 0 0 
17.583 0 0 0 0 
17.5885 0 0 0 0 
17.5941 0 0 0 0 
17.5997 0 0 0 0 
17.6052 0 0 0 0 
17.6108 0 0 0 0 
17.6163 0 0 0 0 
17.6219 0 0 0 0 
17.6275 0 0 0 0 
17.633 0 0 0 0 
17.6386 0 0 0 0 
17.6441 0 0 0 0 
17.6497 0 0 0 0 
17.6552 0 0 0 0 
17.6608 0 0 0 0 
17.6664 0 0 0 0 
17.6719 0 0 0 0 
17.6775 0 0 0 0 
17.683 0 0 0 0 
17.6886 0 0 0 0 
17.6942 0 0 0 0 
17.6997 0 0 0 0 
17.7053 0 0 0 0 
17.7108 0 0 0 0 
17.7164 0 0 0 0 
17.722 0 0 0 0 
17.7275 0 0 0 0 
17.7331 0 0 0 0 
17.7386 0 0 0 0 
17.7442 0 0 0 0 
17.7497 0 0 0 0 
17.7553 0 0 0 0 
17.7609 0 0 0 0 
17.7664 0 0 0 0 
17.772 0 0 0 0 
17.7775 0 0 0 0 
17.7831 0 0 0 0 
17.7887 0 0 0 0 
17.7942 0 0 0 0 
17.7998 0 0 0 0 
17.8053 0 0 0 0 
17.8109 0 0 0 0 
17.8165 0 0 0 0 
17.822 0 0 0 0 
17.8276 0 0 0 0 
17.8331 0 0 0 0 
17.8387 0 0 0 0 
17.8442 0 0 0 0 
17.8498 0 0 0 0 
17.8554 0 0 0 0 
17.8609 0 0 0 0 
17.8665 0 0 0 0 
17.872 0 0 0 0 
17.8776 0 0 0 0 
17.8832 0 0 0 0 
17.8887 0 0 0 0 
17.8943 0 0 0 0 
17.8998 0 0 0 0 
17.9054 0 0 0 0 
17.911 0 0 0 0 
17.9165 0 0 0 0 
17.9221 0 0 0 0 
17.9276 0 0 0 0 
17.9332 0 0 0 0 
17.9387 0 0 0 0 
17.9443 0 0 0 0 
17.9499 0 0 0 0 
17.9554 0 0 0 0 
17.961 0 0 0 0 
17.9665 0 0 0 0 
17.9721 0 0 0 0 
17.9777 0 0 0 0 
17.9832 0 0 0 0 
17.9888 0 0 0 0 
17.9943 0 0 0 0 
17.9999 0 0 0 0 
18.0055 0 0 0 0 
18.011 0 0 0 0 
18.0166 0 0 0 0 
18.0221 0 0 0 0 
18.0277 0 0 0 0 
18.0332 0 0 0 0 
18.0388 0 0 0 0 
18.0444 0 0 0 0 
18.0499 0 0 0 0 
18.0555 0 0 0 0 
18.061 0 0 0 0 
18.0666 0 0 0 0 
18.0722 0 0 0 0 
18.0777 0 0 0 0 
18.0833 0 0 0 0 
18.0888 0 0 0 0 
18.0944 0 0 0 0 
18.1 0 0 0 0 
18.1055 0 0 0 0 
18.1111 0 0 0 0 
18.1166 0 0 0 0 
18.1222 0 0 0 0 
18.1277 0 0 0 0 
18.1333 0 0 0 0 
18.1389 0 0 0 0 
18.1444 0 0 0 0 
18.15 0 0 0 0 
18.1555 0 0 0 0 
18.1611 0 0 0 0 
18.1667 0 0 0 0 
18.1722 0 0 0 0 
18.1778 0 0 0 0 
18.1833 0 0 0 0 
18.1889 0 0 0 0 
18.1945 0 0 0 0 
18.2 0 0 0 0 
18.2056 0 0 0 0 
18.2111 0 0 0 0 
18.2167 0 0 0 0 
18.2222 0 0 0 0 
18.2278 0 0 0 0 
18.2334 0 0 0 0 
18.2389 0 0 0 0 
18.2445 0 0 0 0 
18.25 0 0 0 0 
18.2556 0 0 0 0 
18.2612 0 0 0 0 
18.2667 0 0 0 0 
18.2723 0 0 0 0 
18.2778 0 0 0 0 
18.2834 0 0 0 0 
18.289 0 0 0 0 
18.2945 0 0 0 0 
18.3001 0 0 0 0 
18.3056 0 0 0 0 
18.3112 0 0 0 0 
18.3167 0 0 0 0 
18.3223 0 0 0 0 
18.3279 0 0 0 0 
18.3334 0 0 0 0 
18.339 0 0 0 0 
18.3445 0 0 0 0 
18.3501 0 0 0 0 
18.3557 0 0 0 0 
18.3612 0 0 0 0 
18.3668 0 0 0 0 
18.3723 0 0 0 0 
18.3779 0 0 0 0 
18.3835 0 0 0 0 
18.389 0 0 0 0 
18.3946 0 0 0 0 
18.4001 0 0 0 0 
18.4057 0 0 0 0 
18.4112 0 0 0 0 
18.4168 0 0 0 0 
18.4224 0 0 0 0 
18.4279 0 0 0 0 
18.4335 0 0 0 0 
18.439 0 0 0 0 
18.4446 0 0 0 0 
18.4502 0 0 0 0 
18.4557 0 0 0 0 
18.4613 0 0 0 0 
18.4668 0 0 0 0 
18.4724 0 0 0 0 
18.478 0 0 0 0 
18.4835 0 0 0 0 
18.4891 0 0 0 0 
18.4946 0 0 0 0 
18.5002 0 0 0 0 
18.5057 0 0 0 0 
18.5113 0 0 0 0 
18.5169 0 0 0 0 
18.5224 0 0 0 0 
18.528 0 0 0 0 
18.5335 0 0 0 0 
18.5391 0 0 0 0 
18.5447 0 0 0 0 
18.5502 0 0 0 0 
18.5558 0 0 0 0 
18.5613 0 0 0 0 
18.5669 0 0 0 0 
18.5725 0 0 0 0 
18.578 0 0 0 0 
18.5836 0 0 0 0 
18.5891 0 0 0 0 
18.5947 0 0 0 0 
18.6002 0 0 0 0 
18.6058 0 0 0 0 
18.6114 0 0 0 0 
18.6169 0 0 0 0 
18.6225 0 0 0 0 
18.628 0 0 0 0 
18.6336 0 0 0 0 
18.6392 0 0 0 0 
18.6447 0 0 0 0 
18.6503 0 0 0 0 
18.6558 0 0 0 0 
18.6614 0 0 0 0 
18.667 0 0 0 0 
18.6725 0 0 0 0 
18.6781 0 0 0 0 
18.6836 0 0 0 0 
18.6892 0 0 0 0 
18.6948 0 0 0 0 
18.7003 0 0 0 0 
18.7059 0 0 0 0 
18.7114 0 0 0 0 
18.717 0 0 0 0 
18.7225 0 0 0 0 
18.7281 0 0 0 0 
18.7337 0 0 0 0 
18.7392 0 0 0 0 
18.7448 0 0 0 0 
18.7503 0 0 0 0 
18.7559 0 0 0 0 
18.7615 0 0 0 0 
18.767 0 0 0 0 
18.7726 0 0 0 0 
18.7781 0 0 0 0 
18.7837 0 0 0 0 
18.7893 0 0 0 0 
18.7948 0 0 0 0 
18.8004 0 0 0 0 
18.8059 0 0 0 0 
18.8115 0 0 0 0 
18.817 0 0 0 0 
18.8226 0 0 0 0 
18.8282 0 0 0 0 
18.8337 0 0 0 0 
18.8393 0 0 0 0 
18.8448 0 0 0 0 
18.8504 0 0 0 0 
18.856 0 0 0 0 
18.8615 0 0 0 0 
18.8671 0 0 0 0 
18.8726 0 0 0 0 
18.8782 0 0 0 0 
18.8838 0 0 0 0 
18.8893 0 0 0 0 
18.8949 0 0 0 0 
18.9004 0 0 0 0 
18.906 0 0 0 0 
18.9115 0 0 0 0 
18.9171 0 0 0 0 
18.9227 0 0 0 0 
18.9282 0 0 0 0 
18.9338 0 0 0 0 
18.9393 0 0 0 0 
18.9449 0 0 0 0 
18.9505 0 0 0 0 
18.956 0 0 0 0 
18.9616 0 0 0 0 
18.9671 0 0 0 0 
18.9727 0 0 0 0 
18.9783 0 0 0 0 
18.9838 0 0 0 0 
18.9894 0 0 0 0 
18.9949 0 0 0 0 
19.0005 0 0 0 0 
19.006 0 0 0 0 
19.0116 0 0 0 0 
19.0172 0 0 0 0 
19.0227 0 0 0 0 
19.0283 0 0 0 0 
19.0338 0 0 0 0 
19.0394 0 0 0 0 
19.045 0 0 0 0 
19.0505 0 0 0 0 
19.0561 0 0 0 0 
19.0616 0 0 0 0 
19.0672 0 0 0 0 
19.0728 0 0 0 0 
19.0783 0 0 0 0 
19.0839 0 0 0 0 
19.0894 0 0 0 0 
19.095 0 0 0 0 
19.1005 0 0 0 0 
19.1061 0 0 0 0 
19.1117 0 0 0 0 
19.1172 0 0 0 0 
19.1228 0 0 0 0 
19.1283 0 0 0 0 
19.1339 0 0 0 0 
19.1395 0 0 0 0 
19.145 0 0 0 0 
19.1506 0 0 0 0 
19.1561 0 0 0 0 
19.1617 0 0 0 0 
19.1673 0 0 0 0 
19.1728 0 0 0 0 
19.1784 0 0 0 0 
19.1839 0 0 0 0 
19.1895 0 0 0 0 
19.195 0 0 0 0 
19.2006 0 0 0 0 
19.2062 0 0 0 0 
19.2117 0 0 0 0 
19.2173 0 0 0 0 
19.2228 0 0 0 0 
19.2284 0 0 0 0 
19.234 0 0 0 0 
19.2395 0 0 0 0 
19.2451 0 0 0 0 
19.2506 0 0 0 0 
19.2562 0 0 0 0 
19.2618 0 0 0 0 
19.2673 0 0 0 0 
19.2729 0 0 0 0 
19.2784 0 0 0 0 
19.284 0 0 0 0 
19.2895 0 0 0 0 
19.2951 0 0 0 0 
19.3007 0 0 0 0 
19.3062 0 0 0 0 
19.3118 0 0 0 0 
19.3173 0 0 0 0 
19.3229 0 0 0 0 
19.3285 0 0 0 0 
19.334 0 0 0 0 
19.3396 0 0 0 0 
19.3451 0 0 0 0 
19.3507 0 0 0 0 
19.3563 0 0 0 0 
19.3618 0 0 0 0 
19.3674 0 0 0 0 
19.3729 0 0 0 0 
19.3785 0 0 0 0 
19.384 0 0 0 0 
19.3896 0 0 0 0 
19.3952 0 0 0 0 
19.4007 0 0 0 0 
19.4063 0 0 0 0 
19.4118 0 0 0 0 
19.4174 0 0 0 0 
19.423 0 0 0 0 
19.4285 0 0 0 0 
19.4341 0 0 0 0 
19.4396 0 0 0 0 
19.4452 0 0 0 0 
19.4508 0 0 0 0 
19.4563 0 0 0 0 
19.4619 0 0 0 0 
19.4674 0 0 0 0 
19.473 0 0 0 0 
19.4785 0 0 0 0 
19.4841 0 0 0 0 
19.4897 0 0 0 0 
19.4952 0 0 0 0 
19.5008 0 0 0 0 
19.5063 0 0 0 0 
19.5119 0 0 0 0 
19.5175 0 0 0 0 
19.523 0 0 0 0 
19.5286 0 0 0 0 
19.5341 0 0 0 0 
19.5397 0 0 0 0 
19.5453 0 0 0 0 
19.5508 0 0 0 0 
19.5564 0 0 0 0 
19.5619 0 0 0 0 
19.5675 0 0 0 0 
19.573 0 0 0 0 
19.5786 0 0 0 0 
19.5842 0 0 0 0 
19.5897 0 0 0 0 
19.5953 0 0 0 0 
19.6008 0 0 0 0 
19.6064 0 0 0 0 
19.612 0 0 0 0 
19.6175 0 0 0 0 
19.6231 0 0 0 0 
19.6286 0 0 0 0 
19.6342 0 0 0 0 
19.6398 0 0 0 0 
19.6453 0 0 0 0 
19.6509 0 0 0 0 
19.6564 0 0 0 0 
19.662 0 0 0 0 
19.6675 0 0 0 0 
19.6731 0 0 0 0 
19.6787 0 0 0 0 
19.6842 0 0 0 0 
19.6898 0 0 0 0 
19.6953 0 0 0 0 
19.7009 0 0 0 0 
19.7065 0 0 0 0 
19.712 0 0 0 0 
19.7176 0 0 0 0 
19.7231 0 0 0 0 
19.7287 0 0 0 0 
19.7343 0 0 0 0 
19.7398 0 0 0 0 
19.7454 0 0 0 0 
19.7509 0 0 0 0 
19.7565 0 0 0 0 
19.762 0 0 0 0 
19.7676 0 0 0 0 
19.7732 0 0 0 0 
19.7787 0 0 0 0 
19.7843 0 0 0 0 
19.7898 0 0 0 0 
19.7954 0 0 0 0 
19.801 0 0 0 0 
19.8065 0 0 0 0 
19.8121 0 0 0 0 
19.8176 0 0 0 0 
19.8232 0 0 0 0 
19.8288 0 0 0 0 
19.8343 0 0 0 0 
19.8399 0 0 0 0 
19.8454 0 0 0 0 
19.851 0 0 0 0 
19.8565 0 0 0 0 
19.8621 0 0 0 0 
19.8677 0 0 0 0 
19.8732 0 0 0 0 
19.8788 0 0 0 0 
19.8843 0 0 0 0 
19.8899 0 0 0 0 
19.8955 0 0 0 0 
19.901 0 0 0 0 
19.9066 0 0 0 0 
19.9121 0 0 0 0 
19.9177 0 0 0 0 
19.9233 0 0 0 0 
19.9288 0 0 0 0 
19.9344 0 0 0 0 
19.9399 0 0 0 0 
19.9455 0 0 0 0 
19.951 0 0 0 0 
19.9566 0 0 0 0 
19.9622 0 0 0 0 
19.9677 0 0 0 0 
19.9733 0 0 0 0 
19.9788 0 0 0 0 
19.9844 0 0 0 0 
19.99 0 0 0 0 
19.9955 0 0 0 0 
20.0011 0 0 0 0 
20.0066 0 0 0 0 
20.0122 0 0 0 0 
20.0178 0 0 0 0 
20.0233 0 0 0 0 
20.0289 0 0 0 0 
20.0344 0 0 0 0 
20.04 0 0 0 0 
20.0455 0 0 0 0 
20.0511 0 0 0 0 
20.0567 0 0 0 0 
20.0622 0 0 0 0 
20.0678 0 0 0 0 
20.0733 0 0 0 0 
20.0789 0 0 0 0 
20.0845 0 0 0 0 
20.09 0 0 0 0 
20.0956 0 0 0 0 
20.1011 0 0 0 0 
20.1067 0 0 0 0 
20.1123 0 0 0 0 
20.1178 0 0 0 0 
20.1234 0 0 0 0 
20.1289 0 0 0 0 
20.1345 0 0 0 0 
20.14 0 0 0 0 
20.1456 0 0 0 0 
20.1512 0 0 0 0 
20.1567 0 0 0 0 
20.1623 0 0 0 0 
20.1678 0 0 0 0 
20.1734 0 0 0 0 
20.179 0 0 0 0 
20.1845 0 0 0 0 
20.1901 0 0 0 0 
20.1956 0 0 0 0 
20.2012 0 0 0 0 
20.2068 0 0 0 0 
20.2123 0 0 0 0 
20.2179 0 0 0 0 
20.2234 0 0 0 0 
20.229 0 0 0 0 
20.2345 0 0 0 0 
20.2401 0 0 0 0 
20.2457 0 0 0 0 
20.2512 0 0 0 0 
20.2568 0 0 0 0 
20.2623 0 0 0 0 
20.2679 0 0 0 0 
20.2735 0 0 0 0 
20.279 0 0 0 0 
20.2846 0 0 0 0 
20.2901 0 0 0 0 
20.2957 0 0 0 0 
20.3013 0 0 0 0 
20.3068 0 0 0 0 
20.3124 0 0 0 0 
20.3179 0 0 0 0 
20.3235 0 0 0 0 
20.329 0 0 0 0 
20.3346 0 0 0 0 
20.3402 0 0 0 0 
20.3457 0 0 0 0 
20.3513 0 0 0 0 
20.3568 0 0 0 0 
20.3624 0 0 0 0 
20.368 0 0 0 0 
20.3735 0 0 0 0 
20.3791 0 0 0 0 
20.3846 0 0 0 0 
20.3902 0 0 0 0 
20.3958 0 0 0 0 
20.4013 0 0 0 0 
20.4069 0 0 0 0 
20.4124 0 0 0 0 
20.418 0 0 0 0 
20.4235 0 0 0 0 
20.4291 0 0 0 0 
20.4347 0 0 0 0 
20.4402 0 0 0 0 
20.4458 0 0 0 0 
20.4513 0 0 0 0 
20.4569 0 0 0 0 
20.4625 0 0 0 0 
20.468 0 0 0 0 
20.4736 0 0 0 0 
20.4791 0 0 0 0 
20.4847 0 0 0 0 
20.4903 0 0 0 0 
20.4958 0 0 0 0 
20.5014 0 0 0 0 
20.5069 0 0 0 0 
20.5125 0 0 0 0 
20.518 0 0 0 0 
20.5236 0 0 0 0 
20.5292 0 0 0 0 
20.5347 0 0 0 0 
20.5403 0 0 0 0 
20.5458 0 0 0 0 
20.5514 0 0 0 0 
20.557 0 0 0 0 
20.5625 0 0 0 0 
20.5681 0 0 0 0 
20.5736 0 0 0 0 
20.5792 0 0 0 0 
20.5848 0 0 0 0 
20.5903 0 0 0 0 
20.5959 0 0 0 0 
20.6014 0 0 0 0 
20.607 0 0 0 0 
20.6125 0 0 0 0 
20.6181 0 0 0 0 
20.6237 0 0 0 0 
20.6292 0 0 0 0 
20.6348 0 0 0 0 
20.6403 0 0 0 0 
20.6459 0 0 0 0 
20.6515 0 0 0 0 
20.657 0 0 0 0 
20.6626 0 0 0 0 
20.6681 0 0 0 0 
20.6737 0 0 0 0 
20.6793 0 0 0 0 
20.6848 0 0 0 0 
20.6904 0 0 0 0 
20.6959 0 0 0 0 
20.7015 0 0 0 0 
20.707 0 0 0 0 
20.7126 0 0 0 0 
20.7182 0 0 0 0 
20.7237 0 0 0 0 
20.7293 0 0 0 0 
20.7348 0 0 0 0 
20.7404 0 0 0 0 
20.746 0 0 0 0 
20.7515 0 0 0 0 
20.7571 0 0 0 0 
20.7626 0 0 0 0 
20.7682 0 0 0 0 
20.7738 0 0 0 0 
20.7793 0 0 0 0 
20.7849 0 0 0 0 
20.7904 0 0 0 0 
20.796 0 0 0 0 
20.8015 0 0 0 0 
20.8071 0 0 0 0 
20.8127 0 0 0 0 
20.8182 0 0 0 0 
20.8238 0 0 0 0 
20.8293 0 0 0 0 
20.8349 0 0 0 0 
20.8405 0 0 0 0 
20.846 0 0 0 0 
20.8516 0 0 0 0 
20.8571 0 0 0 0 
20.8627 0 0 0 0 
20.8683 0 0 0 0 
20.8738 0 0 0 0 
20.8794 0 0 0 0 
20.8849 0 0 0 0 
20.8905 0 0 0 0 
20.896 0 0 0 0 
20.9016 0 0 0 0 
20.9072 0 0 0 0 
20.9127 0 0 0 0 
20.9183 0 0 0 0 
20.9238 0 0 0 0 
20.9294 0 0 0 0 
20.935 0 0 0 0 
20.9405 0 0 0 0 
20.9461 0 0 0 0 
20.9516 0 0 0 0 
20.9572 0 0 0 0 
20.9628 0 0 0 0 
20.9683 0 0 0 0 
20.9739 0 0 0 0 
20.9794 0 0 0 0 
20.985 0 0 0 0 
20.9906 0 0 0 0 
20.9961 0 0 0 0 
21.0017 0 0 0 0 
21.0072 0 0 0 0 
21.0128 0 0 0 0 
21.0183 0 0 0 0 
21.0239 0 0 0 0 
21.0295 0 0 0 0 
21.035 0 0 0 0 
21.0406 0 0 0 0 
21.0461 0 0 0 0 
21.0517 0 0 0 0 
21.0573 0 0 0 0 
21.0628 0 0 0 0 
21.0684 0 0 0 0 
21.0739 0 0 0 0 
21.0795 0 0 0 0 
21.0851 0 0 0 0 
21.0906 0 0 0 0 
21.0962 0 0 0 0 
21.1017 0 0 0 0 
21.1073 0 0 0 0 
21.1128 0 0 0 0 
21.1184 0 0 0 0 
21.124 0 0 0 0 
21.1295 0 0 0 0 
21.1351 0 0 0 0 
21.1406 0 0 0 0 
21.1462 0 0 0 0 
21.1518 0 0 0 0 
21.1573 0 0 0 0 
21.1629 0 0 0 0 
21.1684 0 0 0 0 
21.174 0 0 0 0 
21.1796 0 0 0 0 
21.1851 0 0 0 0 
21.1907 0 0 0 0 
21.1962 0 0 0 0 
21.2018 0 0 0 0 
21.2073 0 0 0 0 
21.2129 0 0 0 0 
21.2185 0 0 0 0 
21.224 0 0 0 0 
21.2296 0 0 0 0 
21.2351 0 0 0 0 
21.2407 0 0 0 0 
21.2463 0 0 0 0 
21.2518 0 0 0 0 
21.2574 0 0 0 0 
21.2629 0 0 0 0 
21.2685 0 0 0 0 
21.2741 0 0 0 0 
21.2796 0 0 0 0 
21.2852 0 0 0 0 
21.2907 0 0 0 0 
21.2963 0 0 0 0 
21.3018 0 0 0 0 
21.3074 0 0 0 0 
21.313 0 0 0 0 
21.3185 0 0 0 0 
21.3241 0 0 0 0 
21.3296 0 0 0 0 
21.3352 0 0 0 0 
21.3408 0 0 0 0 
21.3463 0 0 0 0 
21.3519 0 0 0 0 
21.3574 0 0 0 0 
21.363 0 0 0 0 
21.3686 0 0 0 0 
21.3741 0 0 0 0 
21.3797 0 0 0 0 
21.3852 0 0 0 0 
21.3908 0 0 0 0 
21.3963 0 0 0 0 
21.4019 0 0 0 0 
21.4075 0 0 0 0 
21.413 0 0 0 0 
21.4186 0 0 0 0 
21.4241 0 0 0 0 
21.4297 0 0 0 0 
21.4353 0 0 0 0 
21.4408 0 0 0 0 
21.4464 0 0 0 0 
21.4519 0 0 0 0 
21.4575 0 0 0 0 
21.4631 0 0 0 0 
21.4686 0 0 0 0 
21.4742 0 0 0 0 
21.4797 0 0 0 0 
21.4853 0 0 0 0 
21.4908 0 0 0 0 
21.4964 0 0 0 0 
21.502 0 0 0 0 
21.5075 0 0 0 0 
21.5131 0 0 0 0 
21.5186 0 0 0 0 
21.5242 0 0 0 0 
21.5298 0 0 0 0 
21.5353 0 0 0 0 
21.5409 0 0 0 0 
21.5464 0 0 0 0 
21.552 0 0 0 0 
21.5576 0 0 0 0 
21.5631 0 0 0 0 
21.5687 0 0 0 0 
21.5742 0 0 0 0 
21.5798 0 0 0 0 
21.5853 0 0 0 0 
21.5909 0 0 0 0 
21.5965 0 0 0 0 
21.602 0 0 0 0 
21.6076 0 0 0 0 
21.6131 0 0 0 0 
21.6187 0 0 0 0 
21.6243 0 0 0 0 
21.6298 0 0 0 0 
21.6354 0 0 0 0 
21.6409 0 0 0 0 
21.6465 0 0 0 0 
21.6521 0 0 0 0 
21.6576 0 0 0 0 
21.6632 0 0 0 0 
21.6687 0 0 0 0 
21.6743 0 0 0 0 
21.6798 0 0 0 0 
21.6854 0 0 0 0 
21.691 0 0 0 0 
21.6965 0 0 0 0 
21.7021 0 0 0 0 
21.7076 0 0 0 0 
21.7132 0 0 0 0 
21.7188 0 0 0 0 
21.7243 0 0 0 0 
21.7299 0 0 0 0 
21.7354 0 0 0 0 
21.741 0 0 0 0 
21.7466 0 0 0 0 
21.7521 0 0 0 0 
21.7577 0 0 0 0 
21.7632 0 0 0 0 
21.7688 0 0 0 0 
21.7743 0 0 0 0 
21.7799 0 0 0 0 
21.7855 0 0 0 0 
21.791 0 0 0 0 
21.7966 0 0 0 0 
21.8021 0 0 0 0 
21.8077 0 0 0 0 
21.8133 0 0 0 0 
21.8188 0 0 0 0 
21.8244 0 0 0 0 
21.8299 0 0 0 0 
21.8355 0 0 0 0 
21.8411 0 0 0 0 
21.8466 0 0 0 0 
21.8522 0 0 0 0 
21.8577 0 0 0 0 
21.8633 0 0 0 0 
21.8688 0 0 0 0 
21.8744 0 0 0 0 
21.88 0 0 0 0 
21.8855 0 0 0 0 
21.8911 0 0 0 0 
21.8966 0 0 0 0 
21.9022 0 0 0 0 
21.9078 0 0 0 0 
21.9133 0 0 0 0 
21.9189 0 0 0 0 
21.9244 0 0 0 0 
21.93 0 0 0 0 
21.9356 0 0 0 0 
21.9411 0 0 0 0 
21.9467 0 0 0 0 
21.9522 0 0 0 0 
21.9578 0 0 0 0 
21.9633 0 0 0 0 
21.9689 0 0 0 0 
21.9745 0 0 0 0 
21.98 0 0 0 0 
21.9856 0 0 0 0 
21.9911 0 0 0 0 
21.9967 0 0 0 0 
22.0023 0 0 0 0 
22.0078 0 0 0 0 
22.0134 0 0 0 0 
22.0189 0 0 0 0 
22.0245 0 0 0 0 
22.0301 0 0 0 0 
22.0356 0 0 0 0 
22.0412 0 0 0 0 
22.0467 0 0 0 0 
22.0523 0 0 0 0 
22.0578 0 0 0 0 
22.0634 0 0 0 0 
22.069 0 0 0 0 
22.0745 0 0 0 0 
22.0801 0 0 0 0 
22.0856 0 0 0 0 
22.0912 0 0 0 0 
22.0968 0 0 0 0 
22.1023 0 0 0 0 
22.1079 0 0 0 0 
22.1134 0 0 0 0 
22.119 0 0 0 0 
22.1246 0 0 0 0 
22.1301 0 0 0 0 
22.1357 0 0 0 0 
22.1412 0 0 0 0 
22.1468 0 0 0 0 
22.1523 0 0 0 0 
22.1579 0 0 0 0 
22.1635 0 0 0 0 
22.169 0 0 0 0 
22.1746 0 0 0 0 
22.1801 0 0 0 0 
22.1857 0 0 0 0 
22.1913 0 0 0 0 
22.1968 0 0 0 0 
22.2024 0 0 0 0 
22.2079 0 0 0 0 
22.2135 0 0 0 0 
22.2191 0 0 0 0 
22.2246 0 0 0 0 
22.2302 0 0 0 0 
22.2357 0 0 0 0 
22.2413 0 0 0 0 
22.2468 0 0 0 0 
22.2524 0 0 0 0 
22.258 0 0 0 0 
22.2635 0 0 0 0 
22.2691 0 0 0 0 
22.2746 0 0 0 0 
22.2802 0 0 0 0 
22.2858 0 0 0 0 
22.2913 0 0 0 0 
22.2969 0 0 0 0 
22.3024 0 0 0 0 
22.308 0 0 0 0 
22.3136 0 0 0 0 
22.3191 0 0 0 0 
22.3247 0 0 0 0 
22.3302 0 0 0 0 
22.3358 0 0 0 0 
22.3413 0 0 0 0 
22.3469 0 0 0 0 
22.3525 0 0 0 0 
22.358 0 0 0 0 
22.3636 0 0 0 0 
22.3691 0 0 0 0 
22.3747 0 0 0 0 
22.3803 0 0 0 0 
22.3858 0 0 0 0 
22.3914 0 0 0 0 
22.3969 0 0 0 0 
22.4025 0 0 0 0 
22.4081 0 0 0 0 
22.4136 0 0 0 0 
22.4192 0 0 0 0 
22.4247 0 0 0 0 
22.4303 0 0 0 0 
22.4358 0 0 0 0 
22.4414 0 0 0 0 
22.447 0 0 0 0 
22.4525 0 0 0 0 
22.4581 0 0 0 0 
22.4636 0 0 0 0 
22.4692 0 0 0 0 
22.4748 0 0 0 0 
22.4803 0 0 0 0 
22.4859 0 0 0 0 
22.4914 0 0 0 0 
22.497 0 0 0 0 
22.5026 0 0 0 0 
22.5081 0 0 0 0 
22.5137 0 0 0 0 
22.5192 0 0 0 0 
22.5248 0 0 0 0 
22.5303 0 0 0 0 
22.5359 0 0 0 0 
22.5415 0 0 0 0 
22.547 0 0 0 0 
22.5526 0 0 0 0 
22.5581 0 0 0 0 
22.5637 0 0 0 0 
22.5693 0 0 0 0 
22.5748 0 0 0 0 
22.5804 0 0 0 0 
22.5859 0 0 0 0 
22.5915 0 0 0 0 
22.5971 0 0 0 0 
22.6026 0 0 0 0 
22.6082 0 0 0 0 
22.6137 0 0 0 0 
22.6193 0 0 0 0 
22.6248 0 0 0 0 
22.6304 0 0 0 0 
22.636 0 0 0 0 
22.6415 0 0 0 0 
22.6471 0 0 0 0 
22.6526 0 0 0 0 
22.6582 0 0 0 0 
22.6638 0 0 0 0 
22.6693 0 0 0 0 
22.6749 0 0 0 0 
22.6804 0 0 0 0 
22.686 0 0 0 0 
22.6916 0 0 0 0 
22.6971 0 0 0 0 
22.7027 0 0 0 0 
22.7082 0 0 0 0 
22.7138 0 0 0 0 
22.7193 0 0 0 0 
22.7249 0 0 0 0 
22.7305 0 0 0 0 
22.736 0 0 0 0 
22.7416 0 0 0 0 
22.7471 0 0 0 0 
22.7527 0 0 0 0 
22.7583 0 0 0 0 
22.7638 0 0 0 0 
22.7694 0 0 0 0 
22.7749 0 0 0 0 
22.7805 0 0 0 0 
22.7861 0 0 0 0 
22.7916 0 0 0 0 
22.7972 0 0 0 0 
22.8027 0 0 0 0 
22.8083 0 0 0 0 
22.8138 0 0 0 0 
22.8194 0 0 0 0 
22.825 0 0 0 0 
22.8305 0 0 0 0 
22.8361 0 0 0 0 
22.8416 0 0 0 0 
22.8472 0 0 0 0 
22.8528 0 0 0 0 
22.8583 0 0 0 0 
22.8639 0 0 0 0 
22.8694 0 0 0 0 
22.875 0 0 0 0 
22.8806 0 0 0 0 
22.8861 0 0 0 0 
22.8917 0 0 0 0 
22.8972 0 0 0 0 
22.9028 0 0 0 0 
22.9083 0 0 0 0 
22.9139 0 0 0 0 
22.9195 0 0 0 0 
22.925 0 0 0 0 
22.9306 0 0 0 0 
22.9361 0 0 0 0 
22.9417 0 0 0 0 
22.9473 0 0 0 0 
22.9528 0 0 0 0 
22.9584 0 0 0 0 
22.9639 0 0 0 0 
22.9695 0 0 0 0 
22.9751 0 0 0 0 
22.9806 0 0 0 0 
22.9862 0 0 0 0 
22.9917 0 0 0 0 
22.9973 0 0 0 0 
23.0028 0 0 0 0 
23.0084 0 0 0 0 
23.014 0 0 0 0 
23.0195 0 0 0 0 
23.0251 0 0 0 0 
23.0306 0 0 0 0 
23.0362 0 0 0 0 
23.0418 0 0 0 0 
23.0473 0 0 0 0 
23.0529 0 0 0 0 
23.0584 0 0 0 0 
23.064 0 0 0 0 
23.0696 0 0 0 0 
23.0751 0 0 0 0 
23.0807 0 0 0 0 
23.0862 0 0 0 0 
23.0918 0 0 0 0 
23.0973 0 0 0 0 
23.1029 0 0 0 0 
23.1085 0 0 0 0 
23.114 0 0 0 0 
23.1196 0 0 0 0 
23.1251 0 0 0 0 
23.1307 0 0 0 0 
23.1363 0 0 0 0 
23.1418 0 0 0 0 
23.1474 0 0 0 0 
23.1529 0 0 0 0 
23.1585 0 0 0 0 
23.1641 0 0 0 0 
23.1696 0 0 0 0 
23.1752 0 0 0 0 
23.1807 0 0 0 0 
23.1863 0 0 0 0 
23.1918 0 0 0 0 
23.1974 0 0 0 0 
23.203 0 0 0 0 
23.2085 0 0 0 0 
23.2141 0 0 0 0 
23.2196 0 0 0 0 
23.2252 0 0 0 0 
23.2308 0 0 0 0 
23.2363 0 0 0 0 
23.2419 0 0 0 0 
23.2474 0 0 0 0 
23.253 0 0 0 0 
23.2586 0 0 0 0 
23.2641 0 0 0 0 
23.2697 0 0 0 0 
23.2752 0 0 0 0 
23.2808 0 0 0 0 
23.2864 0 0 0 0 
23.2919 0 0 0 0 
23.2975 0 0 0 0 
23.303 0 0 0 0 
23.3086 0 0 0 0 
23.3141 0 0 0 0 
23.3197 0 0 0 0 
23.3253 0 0 0 0 
23.3308 0 0 0 0 
23.3364 0 0 0 0 
23.3419 0 0 0 0 
23.3475 0 0 0 0 
23.3531 0 0 0 0 
23.3586 0 0 0 0 
23.3642 0 0 0 0 
23.3697 0 0 0 0 
23.3753 0 0 0 0 
23.3809 0 0 0 0 
23.3864 0 0 0 0 
23.392 0 0 0 0 
23.3975 0 0 0 0 
23.4031 0 0 0 0 
23.4086 0 0 0 0 
23.4142 0 0 0 0 
23.4198 0 0 0 0 
23.4253 0 0 0 0 
23.4309 0 0 0 0 
23.4364 0 0 0 0 
23.442 0 0 0 0 
23.4476 0 0 0 0 
23.4531 0 0 0 0 
23.4587 0 0 0 0 
23.4642 0 0 0 0 
23.4698 0 0 0 0 
23.4754 0 0 0 0 
23.4809 0 0 0 0 
23.4865 0 0 0 0 
23.492 0 0 0 0 
23.4976 0 0 0 0 
23.5031 0 0 0 0 
23.5087 0 0 0 0 
23.5143 0 0 0 0 
23.5198 0 0 0 0 
23.5254 0 0 0 0 
23.5309 0 0 0 0 
23.5365 0 0 0 0 
23.5421 0 0 0 0 
23.5476 0 0 0 0 
23.5532 0 0 0 0 
23.5587 0 0 0 0 
23.5643 0 0 0 0 
23.5699 0 0 0 0 
23.5754 0 0 0 0 
23.581 0 0 0 0 
23.5865 0 0 0 0 
23.5921 0 0 0 0 
23.5976 0 0 0 0 
23.6032 0 0 0 0 
23.6088 0 0 0 0 
23.6143 0 0 0 0 
23.6199 0 0 0 0 
23.6254 0 0 0 0 
23.631 0 0 0 0 
23.6366 0 0 0 0 
23.6421 0 0 0 0 
23.6477 0 0 0 0 
23.6532 0 0 0 0 
23.6588 0 0 0 0 
23.6644 0 0 0 0 
23.6699 0 0 0 0 
23.6755 0 0 0 0 
23.681 0 0 0 0 
23.6866 0 0 0 0 
23.6921 0 0 0 0 
23.6977 0 0 0 0 
23.7033 0 0 0 0 
23.7088 0 0 0 0 
23.7144 0 0 0 0 
23.7199 0 0 0 0 
23.7255 0 0 0 0 
23.7311 0 0 0 0 
23.7366 0 0 0 0 
23.7422 0 0 0 0 
23.7477 0 0 0 0 
23.7533 0 0 0 0 
23.7589 0 0 0 0 
23.7644 0 0 0 0 
23.77 0 0 0 0 
23.7755 0 0 0 0 
23.7811 0 0 0 0 
23.7866 0 0 0 0 
23.7922 0 0 0 0 
23.7978 0 0 0 0 
23.8033 0 0 0 0 
23.8089 0 0 0 0 
23.8144 0 0 0 0 
23.82 0 0 0 0 
23.8256 0 0 0 0 
23.8311 0 0 0 0 
23.8367 0 0 0 0 
23.8422 0 0 0 0 
23.8478 0 0 0 0 
23.8534 0 0 0 0 
23.8589 0 0 0 0 
23.8645 0 0 0 0 
23.87 0 0 0 0 
23.8756 0 0 0 0 
23.8811 0 0 0 0 
23.8867 0 0 0 0 
23.8923 0 0 0 0 
23.8978 0 0 0 0 
23.9034 0 0 0 0 
23.9089 0 0 0 0 
23.9145 0 0 0 0 
23.9201 0 0 0 0 
23.9256 0 0 0 0 
23.9312 0 0 0 0 
23.9367 0 0 0 0 
23.9423 0 0 0 0 
23.9479 0 0 0 0 
23.9534 0 0 0 0 
23.959 0 0 0 0 
23.9645 0 0 0 0 
23.9701 0 0 0 0 
23.9756 0 0 0 0 
23.9812 0 0 0 0 
23.9868 0 0 0 0 
23.9923 0 0 0 0 
23.9979 0 0 0 0 
24.0034 0 0 0 0 
24.009 0 0 0 0 
24.0146 0 0 0 0 
24.0201 0 0 0 0 
24.0257 0 0 0 0 
24.0312 0 0 0 0 
24.0368 0 0 0 0 
24.0424 0 0 0 0 
24.0479 0 0 0 0 
24.0535 0 0 0 0 
24.059 0 0 0 0 
24.0646 0 0 0 0 
24.0701 0 0 0 0 
24.0757 0 0 0 0 
24.0813 0 0 0 0 
24.0868 0 0 0 0 
24.0924 0 0 0 0 
24.0979 0 0 0 0 
24.1035 0 0 0 0 
24.1091 0 0 0 0 
24.1146 0 0 0 0 
24.1202 0 0 0 0 
24.1257 0 0 0 0 
24.1313 0 0 0 0 
24.1369 0 0 0 0 
24.1424 0 0 0 0 
24.148 0 0 0 0 
24.1535 0 0 0 0 
24.1591 0 0 0 0 
24.1646 0 0 0 0 
24.1702 0 0 0 0 
24.1758 0 0 0 0 
24.1813 0 0 0 0 
24.1869 0 0 0 0 
24.1924 0 0 0 0 
24.198 0 0 0 0 
24.2036 0 0 0 0 
24.2091 0 0 0 0 
24.2147 0 0 0 0 
24.2202 0 0 0 0 
24.2258 0 0 0 0 
24.2314 0 0 0 0 
24.2369 0 0 0 0 
24.2425 0 0 0 0 
24.248 0 0 0 0 
24.2536 0 0 0 0 
24.2591 0 0 0 0 
24.2647 0 0 0 0 
24.2703 0 0 0 0 
24.2758 0 0 0 0 
24.2814 0 0 0 0 
24.2869 0 0 0 0 
24.2925 0 0 0 0 
24.2981 0 0 0 0 
24.3036 0 0 0 0 
24.3092 0 0 0 0 
24.3147 0 0 0 0 
24.3203 0 0 0 0 
24.3259 0 0 0 0 
24.3314 0 0 0 0 
24.337 0 0 0 0 
24.3425 0 0 0 0 
24.3481 0 0 0 0 
24.3536 0 0 0 0 
24.3592 0 0 0 0 
24.3648 0 0 0 0 
24.3703 0 0 0 0 
24.3759 0 0 0 0 
24.3814 0 0 0 0 
24.387 0 0 0 0 
24.3926 0 0 0 0 
24.3981 0 0 0 0 
24.4037 0 0 0 0 
24.4092 0 0 0 0 
24.4148 0 0 0 0 
24.4204 0 0 0 0 
24.4259 0 0 0 0 
24.4315 0 0 0 0 
24.437 0 0 0 0 
24.4426 0 0 0 0 
24.4481 0 0 0 0 
24.4537 0 0 0 0 
24.4593 0 0 0 0 
24.4648 0 0 0 0 
24.4704 0 0 0 0 
24.4759 0 0 0 0 
24.4815 0 0 0 0 
24.4871 0 0 0 0 
24.4926 0 0 0 0 
24.4982 0 0 0 0 
24.5037 0 0 0 0 
24.5093 0 0 0 0 
24.5149 0 0 0 0 
24.5204 0 0 0 0 
24.526 0 0 0 0 
24.5315 0 0 0 0 
24.5371 0 0 0 0 
24.5426 0 0 0 0 
24.5482 0 0 0 0 
24.5538 0 0 0 0 
24.5593 0 0 0 0 
24.5649 0 0 0 0 
24.5704 0 0 0 0 
24.576 0 0 0 0 
24.5816 0 0 0 0 
24.5871 0 0 0 0 
24.5927 0 0 0 0 
24.5982 0 0 0 0 
24.6038 0 0 0 0 
24.6094 0 0 0 0 
24.6149 0 0 0 0 
24.6205 0 0 0 0 
24.626 0 0 0 0 
24.6316 0 0 0 0 
24.6371 0 0 0 0 
24.6427 0 0 0 0 
24.6483 0 0 0 0 
24.6538 0 0 0 0 
24.6594 0 0 0 0 
24.6649 0 0 0 0 
24.6705 0 0 0 0 
24.6761 0 0 0 0 
24.6816 0 0 0 0 
24.6872 0 0 0 0 
24.6927 0 0 0 0 
24.6983 0 0 0 0 
24.7039 0 0 0 0 
24.7094 0 0 0 0 
24.715 0 0 0 0 
24.7205 0 0 0 0 
24.7261 0 0 0 0 
24.7316 0 0 0 0 
24.7372 0 0 0 0 
24.7428 0 0 0 0 
24.7483 0 0 0 0 
24.7539 0 0 0 0 
24.7594 0 0 0 0 
24.765 0 0 0 0 
24.7706 0 0 0 0 
24.7761 0 0 0 0 
24.7817 0 0 0 0 
24.7872 0 0 0 0 
24.7928 0 0 0 0 
24.7984 0 0 0 0 
24.8039 0 0 0 0 
24.8095 0 0 0 0 
24.815 0 0 0 0 
24.8206 0 0 0 0 
24.8261 0 0 0 0 
24.8317 0 0 0 0 
24.8373 0 0 0 0 
24.8428 0 0 0 0 
24.8484 0 0 0 0 
24.8539 0 0 0 0 
24.8595 0 0 0 0 
24.8651 0 0 0 0 
24.8706 0 0 0 0 
24.8762 0 0 0 0 
24.8817 0 0 0 0 
24.8873 0 0 0 0 
24.8929 0 0 0 0 
24.8984 0 0 0 0 
24.904 0 0 0 0 
24.9095 0 0 0 0 
24.9151 0 0 0 0 
24.9206 0 0 0 0 
24.9262 0 0 0 0 
24.9318 0 0 0 0 
24.9373 0 0 0 0 
24.9429 0 0 0 0 
24.9484 0 0 0 0 
24.954 0 0 0 0 
24.9596 0 0 0 0 
24.9651 0 0 0 0 
24.9707 0 0 0 0 
24.9762 0 0 0 0 
24.9818 0 0 0 0 
24.9874 0 0 0 0 
24.9929 0 0 0 0 
24.9985 0 0 0 0 
25.004 0 0 0 0 
25.0096 0 0 0 0 
25.0151 0 0 0 0 
25.0207 0 0 0 0 
25.0263 0 0 0 0 
25.0318 0 0 0 0 
25.0374 0 0 0 0 
25.0429 0 0 0 0 
25.0485 0 0 0 0 
25.0541 0 0 0 0 
25.0596 0 0 0 0 
25.0652 0 0 0 0 
25.0707 0 0 0 0 
25.0763 0 0 0 0 
25.0819 0 0 0 0 
25.0874 0 0 0 0 
25.093 0 0 0 0 
25.0985 0 0 0 0 
25.1041 0 0 0 0 
25.1096 0 0 0 0 
25.1152 0 0 0 0 
25.1208 0 0 0 0 
25.1263 0 0 0 0 
25.1319 0 0 0 0 
25.1374 0 0 0 0 
25.143 0 0 0 0 
25.1486 0 0 0 0 
25.1541 0 0 0 0 
25.1597 0 0 0 0 
25.1652 0 0 0 0 
25.1708 0 0 0 0 
25.1764 0 0 0 0 
25.1819 0 0 0 0 
25.1875 0 0 0 0 
25.193 0 0 0 0 
25.1986 0 0 0 0 
25.2041 0 0 0 0 
25.2097 0 0 0 0 
25.2153 0 0 0 0 
25.2208 0 0 0 0 
25.2264 0 0 0 0 
25.2319 0 0 0 0 
25.2375 0 0 0 0 
25.2431 0 0 0 0 
25.2486 0 0 0 0 
25.2542 0 0 0 0 
25.2597 0 0 0 0 
25.2653 0 0 0 0 
25.2709 0 0 0 0 
25.2764 0 0 0 0 
25.282 0 0 0 0 
25.2875 0 0 0 0 
25.2931 0 0 0 0 
25.2986 0 0 0 0 
25.3042 0 0 0 0 
25.3098 0 0 0 0 
25.3153 0 0 0 0 
25.3209 0 0 0 0 
25.3264 0 0 0 0 
25.332 0 0 0 0 
25.3376 0 0 0 0 
25.3431 0 0 0 0 
25.3487 0 0 0 0 
25.3542 0 0 0 0 
25.3598 0 0 0 0 
25.3654 0 0 0 0 
25.3709 0 0 0 0 
25.3765 0 0 0 0 
25.382 0 0 0 0 
25.3876 0 0 0 0 
25.3931 0 0 0 0 
25.3987 0 0 0 0 
25.4043 0 0 0 0 
25.4098 0 0 0 0 
25.4154 0 0 0 0 
25.4209 0 0 0 0 
25.4265 0 0 0 0 
25.4321 0 0 0 0 
25.4376 0 0 0 0 
25.4432 0 0 0 0 
25.4487 0 0 0 0 
25.4543 0 0 0 0 
25.4599 0 0 0 0 
25.4654 0 0 0 0 
25.471 0 0 0 0 
25.4765 0 0 0 0 
25.4821 0 0 0 0 
25.4876 0 0 0 0 
25.4932 0 0 0 0 
25.4988 0 0 0 0 
25.5043 0 0 0 0 
25.5099 0 0 0 0 
25.5154 0 0 0 0 
25.521 0 0 0 0 
25.5266 0 0 0 0 
25.5321 0 0 0 0 
25.5377 0 0 0 0 
25.5432 0 0 0 0 
25.5488 0 0 0 0 
25.5544 0 0 0 0 
25.5599 0 0 0 0 
25.5655 0 0 0 0 
25.571 0 0 0 0 
25.5766 0 0 0 0 
25.5822 0 0 0 0 
25.5877 0 0 0 0 
25.5933 0 0 0 0 
25.5988 0 0 0 0 
25.6044 0 0 0 0 
25.6099 0 0 0 0 
25.6155 0 0 0 0 
25.6211 0 0 0 0 
25.6266 0 0 0 0 
25.6322 0 0 0 0 
25.6377 0 0 0 0 
25.6433 0 0 0 0 
25.6489 0 0 0 0 
25.6544 0 0 0 0 
25.66 0 0 0 0 
25.6655 0 0 0 0 
25.6711 0 0 0 0 
25.6767 0 0 0 0 
25.6822 0 0 0 0 
25.6878 0 0 0 0 
25.6933 0 0 0 0 
25.6989 0 0 0 0 
25.7044 0 0 0 0 
25.71 0 0 0 0 
25.7156 0 0 0 0 
25.7211 0 0 0 0 
25.7267 0 0 0 0 
25.7322 0 0 0 0 
25.7378 0 0 0 0 
25.7434 0 0 0 0 
25.7489 0 0 0 0 
25.7545 0 0 0 0 
25.76 0 0 0 0 
25.7656 0 0 0 0 
25.7712 0 0 0 0 
25.7767 0 0 0 0 
25.7823 0 0 0 0 
25.7878 0 0 0 0 
25.7934 0 0 0 0 
25.7989 0 0 0 0 
25.8045 0 0 0 0 
25.8101 0 0 0 0 
25.8156 0 0 0 0 
25.8212 0 0 0 0 
25.8267 0 0 0 0 
25.8323 0 0 0 0 
25.8379 0 0 0 0 
25.8434 0 0 0 0 
25.849 0 0 0 0 
25.8545 0 0 0 0 
25.8601 0 0 0 0 
25.8657 0 0 0 0 
25.8712 0 0 0 0 
25.8768 0 0 0 0 
25.8823 0 0 0 0 
25.8879 0 0 0 0 
25.8934 0 0 0 0 
25.899 0 0 0 0 
25.9046 0 0 0 0 
25.9101 0 0 0 0 
25.9157 0 0 0 0 
25.9212 0 0 0 0 
25.9268 0 0 0 0 
25.9324 0 0 0 0 
25.9379 0 0 0 0 
25.9435 0 0 0 0 
25.949 0 0 0 0 
25.9546 0 0 0 0 
25.9602 0 0 0 0 
25.9657 0 0 0 0 
25.9713 0 0 0 0 
25.9768 0 0 0 0 
25.9824 0 0 0 0 
25.9879 0 0 0 0 
25.9935 0 0 0 0 
25.9991 0 0 0 0 
26.0046 0 0 0 0 
26.0102 0 0 0 0 
26.0157 0 0 0 0 
26.0213 0 0 0 0 
26.0269 0 0 0 0 
26.0324 0 0 0 0 
26.038 0 0 0 0 
26.0435 0 0 0 0 
26.0491 0 0 0 0 
26.0547 0 0 0 0 
26.0602 0 0 0 0 
26.0658 0 0 0 0 
26.0713 0 0 0 0 
26.0769 0 0 0 0 
26.0824 0 0 0 0 
26.088 0 0 0 0 
26.0936 0 0 0 0 
26.0991 0 0 0 0 
26.1047 0 0 0 0 
26.1102 0 0 0 0 
26.1158 0 0 0 0 
26.1214 0 0 0 0 
26.1269 0 0 0 0 
26.1325 0 0 0 0 
26.138 0 0 0 0 
26.1436 0 0 0 0 
26.1492 0 0 0 0 
26.1547 0 0 0 0 
26.1603 0 0 0 0 
26.1658 0 0 0 0 
26.1714 0 0 0 0 
26.1769 0 0 0 0 
26.1825 0 0 0 0 
26.1881 0 0 0 0 
26.1936 0 0 0 0 
26.1992 0 0 0 0 
26.2047 0 0 0 0 
26.2103 0 0 0 0 
26.2159 0 0 0 0 
26.2214 0 0 0 0 
26.227 0 0 0 0 
26.2325 0 0 0 0 
26.2381 0 0 0 0 
26.2437 0 0 0 0 
26.2492 0 0 0 0 
26.2548 0 0 0 0 
26.2603 0 0 0 0 
26.2659 0 0 0 0 
26.2714 0 0 0 0 
26.277 0 0 0 0 
26.2826 0 0 0 0 
26.2881 0 0 0 0 
26.2937 0 0 0 0 
26.2992 0 0 0 0 
26.3048 0 0 0 0 
26.3104 0 0 0 0 
26.3159 0 0 0 0 
26.3215 0 0 0 0 
26.327 0 0 0 0 
26.3326 0 0 0 0 
26.3382 0 0 0 0 
26.3437 0 0 0 0 
26.3493 0 0 0 0 
26.3548 0 0 0 0 
26.3604 0 0 0 0 
26.3659 0 0 0 0 
26.3715 0 0 0 0 
26.3771 0 0 0 0 
26.3826 0 0 0 0 
26.3882 0 0 0 0 
26.3937 0 0 0 0 
26.3993 0 0 0 0 
26.4049 0 0 0 0 
26.4104 0 0 0 0 
26.416 0 0 0 0 
26.4215 0 0 0 0 
26.4271 0 0 0 0 
26.4327 0 0 0 0 
26.4382 0 0 0 0 
26.4438 0 0 0 0 
26.4493 0 0 0 0 
26.4549 0 0 0 0 
26.4604 0 0 0 0 
26.466 0 0 0 0 
26.4716 0 0 0 0 
26.4771 0 0 0 0 
26.4827 0 0 0 0 
26.4882 0 0 0 0 
26.4938 0 0 0 0 
26.4994 0 0 0 0 
26.5049 0 0 0 0 
26.5105 0 0 0 0 
26.516 0 0 0 0 
26.5216 0 0 0 0 
26.5272 0 0 0 0 
26.5327 0 0 0 0 
26.5383 0 0 0 0 
26.5438 0 0 0 0 
26.5494 0 0 0 0 
26.5549 0 0 0 0 
26.5605 0 0 0 0 
26.5661 0 0 0 0 
26.5716 0 0 0 0 
26.5772 0 0 0 0 
26.5827 0 0 0 0 
26.5883 0 0 0 0 
26.5939 0 0 0 0 
26.5994 0 0 0 0 
26.605 0 0 0 0 
26.6105 0 0 0 0 
26.6161 0 0 0 0 
26.6217 0 0 0 0 
26.6272 0 0 0 0 
26.6328 0 0 0 0 
26.6383 0 0 0 0 
26.6439 0 0 0 0 
26.6494 0 0 0 0 
26.655 0 0 0 0 
26.6606 0 0 0 0 
26.6661 0 0 0 0 
26.6717 0 0 0 0 
26.6772 0 0 0 0 
26.6828 0 0 0 0 
26.6884 0 0 0 0 
26.6939 0 0 0 0 
26.6995 0 0 0 0 
26.705 0 0 0 0 
26.7106 0 0 0 0 
26.7162 0 0 0 0 
26.7217 0 0 0 0 
26.7273 0 0 0 0 
26.7328 0 0 0 0 
26.7384 0 0 0 0 
26.7439 0 0 0 0 
26.7495 0 0 0 0 
26.7551 0 0 0 0 
26.7606 0 0 0 0 
26.7662 0 0 0 0 
26.7717 0 0 0 0 
26.7773 0 0 0 0 
26.7829 0 0 0 0 
26.7884 0 0 0 0 
26.794 0 0 0 0 
26.7995 0 0 0 0 
26.8051 0 0 0 0 
26.8107 0 0 0 0 
26.8162 0 0 0 0 
26.8218 0 0 0 0 
26.8273 0 0 0 0 
26.8329 0 0 0 0 
26.8384 0 0 0 0 
26.844 0 0 0 0 
26.8496 0 0 0 0 
26.8551 0 0 0 0 
26.8607 0 0 0 0 
26.8662 0 0 0 0 
26.8718 0 0 0 0 
26.8774 0 0 0 0 
26.8829 0 0 0 0 
26.8885 0 0 0 0 
26.894 0 0 0 0 
26.8996 0 0 0 0 
26.9052 0 0 0 0 
26.9107 0 0 0 0 
26.9163 0 0 0 0 
26.9218 0 0 0 0 
26.9274 0 0 0 0 
26.9329 0 0 0 0 
26.9385 0 0 0 0 
26.9441 0 0 0 0 
26.9496 0 0 0 0 
26.9552 0 0 0 0 
26.9607 0 0 0 0 
26.9663 0 0 0 0 
26.9719 0 0 0 0 
26.9774 0 0 0 0 
26.983 0 0 0 0 
26.9885 0 0 0 0 
26.9941 0 0 0 0 
26.9997 0 0 0 0 
27.0052 0 0 0 0 
27.0108 0 0 0 0 
27.0163 0 0 0 0 
27.0219 0 0 0 0 
27.0274 0 0 0 0 
27.033 0 0 0 0 
27.0386 0 0 0 0 
27.0441 0 0 0 0 
27.0497 0 0 0 0 
27.0552 0 0 0 0 
27.0608 0 0 0 0 
27.0664 0 0 0 0 
27.0719 0 0 0 0 
27.0775 0 0 0 0 
27.083 0 0 0 0 
27.0886 0 0 0 0 
27.0942 0 0 0 0 
27.0997 0 0 0 0 
27.1053 0 0 0 0 
27.1108 0 0 0 0 
27.1164 0 0 0 0 
27.1219 0 0 0 0 
27.1275 0 0 0 0 
27.1331 0 0 0 0 
27.1386 0 0 0 0 
27.1442 0 0 0 0 
27.1497 0 0 0 0 
27.1553 0 0 0 0 
27.1609 0 0 0 0 
27.1664 0 0 0 0 
27.172 0 0 0 0 
27.1775 0 0 0 0 
27.1831 0 0 0 0 
27.1887 0 0 0 0 
27.1942 0 0 0 0 
27.1998 0 0 0 0 
27.2053 0 0 0 0 
27.2109 0 0 0 0 
27.2164 0 0 0 0 
27.222 0 0 0 0 
27.2276 0 0 0 0 
27.2331 0 0 0 0 
27.2387 0 0 0 0 
27.2442 0 0 0 0 
27.2498 0 0 0 0 
27.2554 0 0 0 0 
27.2609 0 0 0 0 
27.2665 0 0 0 0 
27.272 0 0 0 0 
27.2776 0 0 0 0 
27.2832 0 0 0 0 
27.2887 0 0 0 0 
27.2943 0 0 0 0 
27.2998 0 0 0 0 
27.3054 0 0 0 0 
27.3109 0 0 0 0 
27.3165 0 0 0 0 
27.3221 0 0 0 0 
27.3276 0 0 0 0 
27.3332 0 0 0 0 
27.3387 0 0 0 0 
27.3443 0 0 0 0 
27.3499 0 0 0 0 
27.3554 0 0 0 0 
27.361 0 0 0 0 
27.3665 0 0 0 0 
27.3721 0 0 0 0 
27.3777 0 0 0 0 
27.3832 0 0 0 0 
27.3888 0 0 0 0 
27.3943 0 0 0 0 
27.3999 0 0 0 0 
27.4054 0 0 0 0 
27.411 0 0 0 0 
27.4166 0 0 0 0 
27.4221 0 0 0 0 
27.4277 0 0 0 0 
27.4332 0 0 0 0 
27.4388 0 0 0 0 
27.4444 0 0 0 0 
27.4499 0 0 0 0 
27.4555 0 0 0 0 
27.461 0 0 0 0 
27.4666 0 0 0 0 
27.4722 0 0 0 0 
27.4777 0 0 0 0 
27.4833 0 0 0 0 
27.4888 0 0 0 0 
27.4944 0 0 0 0 
27.4999 0 0 0 0 
27.5055 0 0 0 0 
27.5111 0 0 0 0 
27.5166 0 0 0 0 
27.5222 0 0 0 0 
27.5277 0 0 0 0 
27.5333 0 0 0 0 
27.5389 0 0 0 0 
27.5444 0 0 0 0 
27.55 0 0 0 0 
27.5555 0 0 0 0 
27.5611 0 0 0 0 
27.5667 0 0 0 0 
27.5722 0 0 0 0 
27.5778 0 0 0 0 
27.5833 0 0 0 0 
27.5889 0 0 0 0 
27.5944 0 0 0 0 
27.6 0 0 0 0 
27.6056 0 0 0 0 
27.6111 0 0 0 0 
27.6167 0 0 0 0 
27.6222 0 0 0 0 
27.6278 0 0 0 0 
27.6334 0 0 0 0 
27.6389 0 0 0 0 
27.6445 0 0 0 0 
27.65 0 0 0 0 
27.6556 0 0 0 0 
27.6612 0 0 0 0 
27.6667 0 0 0 0 
27.6723 0 0 0 0 
27.6778 0 0 0 0 
27.6834 0 0 0 0 
27.6889 0 0 0 0 
27.6945 0 0 0 0 
27.7001 0 0 0 0 
27.7056 0 0 0 0 
27.7112 0 0 0 0 
27.7167 0 0 0 0 
27.7223 0 0 0 0 
27.7279 0 0 0 0 
27.7334 0 0 0 0 
27.739 0 0 0 0 
27.7445 0 0 0 0 
27.7501 0 0 0 0 
27.7557 0 0 0 0 
27.7612 0 0 0 0 
27.7668 0 0 0 0 
27.7723 0 0 0 0 
27.7779 0 0 0 0 
27.7834 0 0 0 0 
27.789 0 0 0 0 
27.7946 0 0 0 0 
27.8001 0 0 0 0 
27.8057 0 0 0 0 
27.8112 0 0 0 0 
27.8168 0 0 0 0 
27.8224 0 0 0 0 
27.8279 0 0 0 0 
27.8335 0 0 0 0 
27.839 0 0 0 0 
27.8446 0 0 0 0 
27.8502 0 0 0 0 
27.8557 0 0 0 0 
27.8613 0 0 0 0 
27.8668 0 0 0 0 
27.8724 0 0 0 0 
27.8779 0 0 0 0 
27.8835 0 0 0 0 
27.8891 0 0 0 0 
27.8946 0 0 0 0 
27.9002 0 0 0 0 
27.9057 0 0 0 0 
27.9113 0 0 0 0 
27.9169 0 0 0 0 
27.9224 0 0 0 0 
27.928 0 0 0 0 
27.9335 0 0 0 0 
27.9391 0 0 0 0 
27.9447 0 0 0 0 
27.9502 0 0 0 0 
27.9558 0 0 0 0 
27.9613 0 0 0 0 
27.9669 0 0 0 0 
27.9725 0 0 0 0 
27.978 0 0 0 0 
27.9836 0 0 0 0 
27.9891 0 0 0 0 
27.9947 0 0 0 0 
28.0002 0 0 0 0 
28.0058 0 0 0 0 
28.0114 0 0 0 0 
28.0169 0 0 0 0 
28.0225 0 0 0 0 
28.028 0 0 0 0 
28.0336 0 0 0 0 
28.0392 0 0 0 0 
28.0447 0 0 0 0 
28.0503 0 0 0 0 
28.0558 0 0 0 0 
28.0614 0 0 0 0 
28.067 0 0 0 0 
28.0725 0 0 0 0 
28.0781 0 0 0 0 
28.0836 0 0 0 0 
28.0892 0 0 0 0 
28.0947 0 0 0 0 
28.1003 0 0 0 0 
28.1059 0 0 0 0 
28.1114 0 0 0 0 
28.117 0 0 0 0 
28.1225 0 0 0 0 
28.1281 0 0 0 0 
28.1337 0 0 0 0 
28.1392 0 0 0 0 
28.1448 0 0 0 0 
28.1503 0 0 0 0 
28.1559 0 0 0 0 
28.1615 0 0 0 0 
28.167 0 0 0 0 
28.1726 0 0 0 0 
28.1781 0 0 0 0 
28.1837 0 0 0 0 
28.1892 0 0 0 0 
28.1948 0 0 0 0 
28.2004 0 0 0 0 
28.2059 0 0 0 0 
28.2115 0 0 0 0 
28.217 0 0 0 0 
28.2226 0 0 0 0 
28.2282 0 0 0 0 
28.2337 0 0 0 0 
28.2393 0 0 0 0 
28.2448 0 0 0 0 
28.2504 0 0 0 0 
28.256 0 0 0 0 
28.2615 0 0 0 0 
28.2671 0 0 0 0 
28.2726 0 0 0 0 
28.2782 0 0 0 0 
28.2837 0 0 0 0 
28.2893 0 0 0 0 
28.2949 0 0 0 0 
28.3004 0 0 0 0 
28.306 0 0 0 0 
28.3115 0 0 0 0 
28.3171 0 0 0 0 
28.3227 0 0 0 0 
28.3282 0 0 0 0 
28.3338 0 0 0 0 
28.3393 0 0 0 0 
28.3449 0 0 0 0 
28.3505 0 0 0 0 
28.356 0 0 0 0 
28.3616 0 0 0 0 
28.3671 0 0 0 0 
28.3727 0 0 0 0 
28.3782 0 0 0 0 
28.3838 0 0 0 0 
28.3894 0 0 0 0 
28.3949 0 0 0 0 
28.4005 0 0 0 0 
28.406 0 0 0 0 
28.4116 0 0 0 0 
28.4172 0 0 0 0 
28.4227 0 0 0 0 
28.4283 0 0 0 0 
28.4338 0 0 0 0 
28.4394 0 0 0 0 
28.445 0 0 0 0 
28.4505 0 0 0 0 
28.4561 0 0 0 0 
28.4616 0 0 0 0 
28.4672 0 0 0 0 
28.4727 0 0 0 0 
28.4783 0 0 0 0 
28.4839 0 0 0 0 
28.4894 0 0 0 0 
28.495 0 0 0 0 
28.5005 0 0 0 0 
28.5061 0 0 0 0 
28.5117 0 0 0 0 
28.5172 0 0 0 0 
28.5228 0 0 0 0 
28.5283 0 0 0 0 
28.5339 0 0 0 0 
28.5395 0 0 0 0 
28.545 0 0 0 0 
28.5506 0 0 0 0 
28.5561 0 0 0 0 
28.5617 0 0 0 0 
28.5672 0 0 0 0 
28.5728 0 0 0 0 
28.5784 0 0 0 0 
28.5839 0 0 0 0 
28.5895 0 0 0 0 
28.595 0 0 0 0 
28.6006 0 0 0 0 
28.6062 0 0 0 0 
28.6117 0 0 0 0 
28.6173 0 0 0 0 
28.6228 0 0 0 0 
28.6284 0 0 0 0 
28.634 0 0 0 0 
28.6395 0 0 0 0 
28.6451 0 0 0 0 
28.6506 0 0 0 0 
28.6562 0 0 0 0 
28.6617 0 0 0 0 
28.6673 0 0 0 0 
28.6729 0 0 0 0 
28.6784 0 0 0 0 
28.684 0 0 0 0 
28.6895 0 0 0 0 
28.6951 0 0 0 0 
28.7007 0 0 0 0 
28.7062 0 0 0 0 
28.7118 0 0 0 0 
28.7173 0 0 0 0 
28.7229 0 0 0 0 
28.7285 0 0 0 0 
28.734 0 0 0 0 
28.7396 0 0 0 0 
28.7451 0 0 0 0 
28.7507 0 0 0 0 
28.7562 0 0 0 0 
28.7618 0 0 0 0 
28.7674 0 0 0 0 
28.7729 0 0 0 0 
28.7785 0 0 0 0 
28.784 0 0 0 0 
28.7896 0 0 0 0 
28.7952 0 0 0 0 
28.8007 0 0 0 0 
28.8063 0 0 0 0 
28.8118 0 0 0 0 
28.8174 0 0 0 0 
28.823 0 0 0 0 
28.8285 0 0 0 0 
28.8341 0 0 0 0 
28.8396 0 0 0 0 
28.8452 0 0 0 0 
28.8507 0 0 0 0 
28.8563 0 0 0 0 
28.8619 0 0 0 0 
28.8674 0 0 0 0 
28.873 0 0 0 0 
28.8785 0 0 0 0 
28.8841 0 0 0 0 
28.8897 0 0 0 0 
28.8952 0 0 0 0 
28.9008 0 0 0 0 
28.9063 0 0 0 0 
28.9119 0 0 0 0 
28.9175 0 0 0 0 
28.923 0 0 0 0 
28.9286 0 0 0 0 
28.9341 0 0 0 0 
28.9397 0 0 0 0 
28.9452 0 0 0 0 
28.9508 0 0 0 0 
28.9564 0 0 0 0 
28.9619 0 0 0 0 
28.9675 0 0 0 0 
28.973 0 0 0 0 
28.9786 0 0 0 0 
28.9842 0 0 0 0 
28.9897 0 0 0 0 
28.9953 0 0 0 0 
29.0008 0 0 0 0 
29.0064 0 0 0 0 
29.012 0 0 0 0 
29.0175 0 0 0 0 
29.0231 0 0 0 0 
29.0286 0 0 0 0 
29.0342 0 0 0 0 
29.0397 0 0 0 0 
29.0453 0 0 0 0 
29.0509 0 0 0 0 
29.0564 0 0 0 0 
29.062 0 0 0 0 
29.0675 0 0 0 0 
29.0731 0 0 0 0 
29.0787 0 0 0 0 
29.0842 0 0 0 0 
29.0898 0 0 0 0 
29.0953 0 0 0 0 
29.1009 0 0 0 0 
29.1065 0 0 0 0 
29.112 0 0 0 0 
29.1176 0 0 0 0 
29.1231 0 0 0 0 
29.1287 0 0 0 0 
29.1342 0 0 0 0 
29.1398 0 0 0 0 
29.1454 0 0 0 0 
29.1509 0 0 0 0 
29.1565 0 0 0 0 
29.162 0 0 0 0 
29.1676 0 0 0 0 
29.1732 0 0 0 0 
29.1787 0 0 0 0 
29.1843 0 0 0 0 
29.1898 0 0 0 0 
29.1954 0 0 0 0 
29.201 0 0 0 0 
29.2065 0 0 0 0 
29.2121 0 0 0 0 
29.2176 0 0 0 0 
29.2232 0 0 0 0 
29.2287 0 0 0 0 
29.2343 0 0 0 0 
29.2399 0 0 0 0 
29.2454 0 0 0 0 
29.251 0 0 0 0 
29.2565 0 0 0 0 
29.2621 0 0 0 0 
29.2677 0 0 0 0 
29.2732 0 0 0 0 
29.2788 0 0 0 0 
29.2843 0 0 0 0 
29.2899 0 0 0 0 
29.2955 0 0 0 0 
29.301 0 0 0 0 
29.3066 0 0 0 0 
29.3121 0 0 0 0 
29.3177 0 0 0 0 
29.3232 0 0 0 0 
29.3288 0 0 0 0 
29.3344 0 0 0 0 
29.3399 0 0 0 0 
29.3455 0 0 0 0 
29.351 0 0 0 0 
29.3566 0 0 0 0 
29.3622 0 0 0 0 
29.3677 0 0 0 0 
29.3733 0 0 0 0 
29.3788 0 0 0 0 
29.3844 0 0 0 0 
29.39 0 0 0 0 
29.3955 0 0 0 0 
29.4011 0 0 0 0 
29.4066 0 0 0 0 
29.4122 0 0 0 0 
29.4177 0 0 0 0 
29.4233 0 0 0 0 
29.4289 0 0 0 0 
29.4344 0 0 0 0 
29.44 0 0 0 0 
29.4455 0 0 0 0 
29.4511 0 0 0 0 
29.4567 0 0 0 0 
29.4622 0 0 0 0 
29.4678 0 0 0 0 
29.4733 0 0 0 0 
29.4789 0 0 0 0 
29.4845 0 0 0 0 
29.49 0 0 0 0 
29.4956 0 0 0 0 
29.5011 0 0 0 0 
29.5067 0 0 0 0 
29.5122 0 0 0 0 
29.5178 0 0 0 0 
29.5234 0 0 0 0 
29.5289 0 0 0 0 
29.5345 0 0 0 0 
29.54 0 0 0 0 
29.5456 0 0 0 0 
29.5512 0 0 0 0 
29.5567 0 0 0 0 
29.5623 0 0 0 0 
29.5678 0 0 0 0 
29.5734 0 0 0 0 
29.579 0 0 0 0 
29.5845 0 0 0 0 
29.5901 0 0 0 0 
29.5956 0 0 0 0 
29.6012 0 0 0 0 
29.6067 0 0 0 0 
29.6123 0 0 0 0 
29.6179 0 0 0 0 
29.6234 0 0 0 0 
29.629 0 0 0 0 
29.6345 0 0 0 0 
29.6401 0 0 0 0 
29.6457 0 0 0 0 
29.6512 0 0 0 0 
29.6568 0 0 0 0 
29.6623 0 0 0 0 
29.6679 0 0 0 0 
29.6735 0 0 0 0 
29.679 0 0 0 0 
29.6846 0 0 0 0 
29.6901 0 0 0 0 
29.6957 0 0 0 0 
29.7012 0 0 0 0 
29.7068 0 0 0 0 
29.7124 0 0 0 0 
29.7179 0 0 0 0 
29.7235 0 0 0 0 
29.729 0 0 0 0 
29.7346 0 0 0 0 
29.7402 0 0 0 0 
29.7457 0 0 0 0 
29.7513 0 0 0 0 
29.7568 0 0 0 0 
29.7624 0 0 0 0 
29.768 0 0 0 0 
29.7735 0 0 0 0 
29.7791 0 0 0 0 
29.7846 0 0 0 0 
29.7902 0 0 0 0 
29.7957 0 0 0 0 
29.8013 0 0 0 0 
29.8069 0 0 0 0 
29.8124 0 0 0 0 
29.818 0 0 0 0 
29.8235 0 0 0 0 
29.8291 0 0 0 0 
29.8347 0 0 0 0 
29.8402 0 0 0 0 
29.8458 0 0 0 0 
29.8513 0 0 0 0 
29.8569 0 0 0 0 
29.8625 0 0 0 0 
29.868 0 0 0 0 
29.8736 0 0 0 0 
29.8791 0 0 0 0 
29.8847 0 0 0 0 
29.8902 0 0 0 0 
29.8958 0 0 0 0 
29.9014 0 0 0 0 
29.9069 0 0 0 0 
29.9125 0 0 0 0 
29.918 0 0 0 0 
29.9236 0 0 0 0 
29.9292 0 0 0 0 
29.9347 0 0 0 0 
29.9403 0 0 0 0 
29.9458 0 0 0 0 
29.9514 0 0 0 0 
29.957 0 0 0 0 
29.9625 0 0 0 0 
29.9681 0 0 0 0 
29.9736 0 0 0 0 
29.9792 0 0 0 0 
29.9847 0 0 0 0 
29.9903 0 0 0 0 
29.9959 0 0 0 0 
30.0014 0 0 0 0 
30.007 0 0 0 0 
30.0125 0 0 0 0 
30.0181 0 0 0 0 
30.0237 0 0 0 0 
30.0292 0 0 0 0 
30.0348 0 0 0 0 
30.0403 0 0 0 0 
30.0459 0 0 0 0 
30.0515 0 0 0 0 
30.057 0 0 0 0 
30.0626 0 0 0 0 
30.0681 0 0 0 0 
30.0737 0 0 0 0 
30.0792 0 0 0 0 
30.0848 0 0 0 0 
30.0904 0 0 0 0 
30.0959 0 0 0 0 
30.1015 0 0 0 0 
30.107 0 0 0 0 
30.1126 0 0 0 0 
30.1182 0 0 0 0 
30.1237 0 0 0 0 
30.1293 0 0 0 0 
30.1348 0 0 0 0 
30.1404 0 0 0 0 
30.146 0 0 0 0 
30.1515 0 0 0 0 
30.1571 0 0 0 0 
30.1626 0 0 0 0 
30.1682 0 0 0 0 
30.1737 0 0 0 0 
30.1793 0 0 0 0 
30.1849 0 0 0 0 
30.1904 0 0 0 0 
30.196 0 0 0 0 
30.2015 0 0 0 0 
30.2071 0 0 0 0 
30.2127 0 0 0 0 
30.2182 0 0 0 0 
30.2238 0 0 0 0 
30.2293 0 0 0 0 
30.2349 0 0 0 0 
30.2405 0 0 0 0 
30.246 0 0 0 0 
30.2516 0 0 0 0 
30.2571 0 0 0 0 
30.2627 0 0 0 0 
30.2683 0 0 0 0 
30.2738 0 0 0 0 
30.2794 0 0 0 0 
30.2849 0 0 0 0 
30.2905 0 0 0 0 
30.296 0 0 0 0 
30.3016 0 0 0 0 
30.3072 0 0 0 0 
30.3127 0 0 0 0 
30.3183 0 0 0 0 
30.3238 0 0 0 0 
30.3294 0 0 0 0 
30.335 0 0 0 0 
30.3405 0 0 0 0 
30.3461 0 0 0 0 
30.3516 0 0 0 0 
30.3572 0 0 0 0 
30.3628 0 0 0 0 
30.3683 0 0 0 0 
30.3739 0 0 0 0 
30.3794 0 0 0 0 
30.385 0 0 0 0 
30.3905 0 0 0 0 
30.3961 0 0 0 0 
30.4017 0 0 0 0 
30.4072 0 0 0 0 
30.4128 0 0 0 0 
30.4183 0 0 0 0 
30.4239 0 0 0 0 
30.4295 0 0 0 0 
30.435 0 0 0 0 
30.4406 0 0 0 0 
30.4461 0 0 0 0 
30.4517 0 0 0 0 
30.4573 0 0 0 0 
30.4628 0 0 0 0 
30.4684 0 0 0 0 
30.4739 0 0 0 0 
30.4795 0 0 0 0 
30.485 0 0 0 0 
30.4906 0 0 0 0 
30.4962 0 0 0 0 
30.5017 0 0 0 0 
30.5073 0 0 0 0 
30.5128 0 0 0 0 
30.5184 0 0 0 0 
30.524 0 0 0 0 
30.5295 0 0 0 0 
30.5351 0 0 0 0 
30.5406 0 0 0 0 
30.5462 0 0 0 0 
30.5518 0 0 0 0 
30.5573 0 0 0 0 
30.5629 0 0 0 0 
30.5684 0 0 0 0 
30.574 0 0 0 0 
30.5795 0 0 0 0 
30.5851 0 0 0 0 
30.5907 0 0 0 0 
30.5962 0 0 0 0 
30.6018 0 0 0 0 
30.6073 0 0 0 0 
30.6129 0 0 0 0 
30.6185 0 0 0 0 
30.624 0 0 0 0 
30.6296 0 0 0 0 
30.6351 0 0 0 0 
30.6407 0 0 0 0 
30.6463 0 0 0 0 
30.6518 0 0 0 0 
30.6574 0 0 0 0 
30.6629 0 0 0 0 
30.6685 0 0 0 0 
30.674 0 0 0 0 
30.6796 0 0 0 0 
30.6852 0 0 0 0 
30.6907 0 0 0 0 
30.6963 0 0 0 0 
30.7018 0 0 0 0 
30.7074 0 0 0 0 
30.713 0 0 0 0 
30.7185 0 0 0 0 
30.7241 0 0 0 0 
30.7296 0 0 0 0 
30.7352 0 0 0 0 
30.7408 0 0 0 0 
30.7463 0 0 0 0 
30.7519 0 0 0 0 
30.7574 0 0 0 0 
30.763 0 0 0 0 
30.7685 0 0 0 0 
30.7741 0 0 0 0 
30.7797 0 0 0 0 
30.7852 0 0 0 0 
30.7908 0 0 0 0 
30.7963 0 0 0 0 
30.8019 0 0 0 0 
30.8075 0 0 0 0 
30.813 0 0 0 0 
30.8186 0 0 0 0 
30.8241 0 0 0 0 
30.8297 0 0 0 0 
30.8353 0 0 0 0 
30.8408 0 0 0 0 
30.8464 0 0 0 0 
30.8519 0 0 0 0 
30.8575 0 0 0 0 
30.863 0 0 0 0 
30.8686 0 0 0 0 
30.8742 0 0 0 0 
30.8797 0 0 0 0 
30.8853 0 0 0 0 
30.8908 0 0 0 0 
30.8964 0 0 0 0 
30.902 0 0 0 0 
30.9075 0 0 0 0 
30.9131 0 0 0 0 
30.9186 0 0 0 0 
30.9242 0 0 0 0 
30.9298 0 0 0 0 
30.9353 0 0 0 0 
30.9409 0 0 0 0 
30.9464 0 0 0 0 
30.952 0 0 0 0 
30.9575 0 0 0 0 
30.9631 0 0 0 0 
30.9687 0 0 0 0 
30.9742 0 0 0 0 
30.9798 0 0 0 0 
30.9853 0 0 0 0 
30.9909 0 0 0 0 
30.9965 0 0 0 0 
31.002 0 0 0 0 
31.0076 0 0 0 0 
31.0131 0 0 0 0 
31.0187 0 0 0 0 
31.0243 0 0 0 0 
31.0298 0 0 0 0 
31.0354 0 0 0 0 
31.0409 0 0 0 0 
31.0465 0 0 0 0 
31.052 0 0 0 0 
31.0576 0 0 0 0 
31.0632 0 0 0 0 
31.0687 0 0 0 0 
31.0743 0 0 0 0 
31.0798 0 0 0 0 
31.0854 0 0 0 0 
31.091 0 0 0 0 
31.0965 0 0 0 0 
31.1021 0 0 0 0 
31.1076 0 0 0 0 
31.1132 0 0 0 0 
31.1188 0 0 0 0 
31.1243 0 0 0 0 
31.1299 0 0 0 0 
31.1354 0 0 0 0 
31.141 0 0 0 0 
31.1465 0 0 0 0 
31.1521 0 0 0 0 
31.1577 0 0 0 0 
31.1632 0 0 0 0 
31.1688 0 0 0 0 
31.1743 0 0 0 0 
31.1799 0 0 0 0 
31.1855 0 0 0 0 
31.191 0 0 0 0 
31.1966 0 0 0 0 
31.2021 0 0 0 0 
31.2077 0 0 0 0 
31.2133 0 0 0 0 
31.2188 0 0 0 0 
31.2244 0 0 0 0 
31.2299 0 0 0 0 
31.2355 0 0 0 0 
31.241 0 0 0 0 
31.2466 0 0 0 0 
31.2522 0 0 0 0 
31.2577 0 0 0 0 
31.2633 0 0 0 0 
31.2688 0 0 0 0 
31.2744 0 0 0 0 
31.28 0 0 0 0 
31.2855 0 0 0 0 
31.2911 0 0 0 0 
31.2966 0 0 0 0 
31.3022 0 0 0 0 
31.3078 0 0 0 0 
31.3133 0 0 0 0 
31.3189 0 0 0 0 
31.3244 0 0 0 0 
31.33 0 0 0 0 
31.3355 0 0 0 0 
31.3411 0 0 0 0 
31.3467 0 0 0 0 
31.3522 0 0 0 0 
31.3578 0 0 0 0 
31.3633 0 0 0 0 
31.3689 0 0 0 0 
31.3745 0 0 0 0 
31.38 0 0 0 0 
31.3856 0 0 0 0 
31.3911 0 0 0 0 
31.3967 0 0 0 0 
31.4023 0 0 0 0 
31.4078 0 0 0 0 
31.4134 0 0 0 0 
31.4189 0 0 0 0 
31.4245 0 0 0 0 
31.43 0 0 0 0 
31.4356 0 0 0 0 
31.4412 0 0 0 0 
31.4467 0 0 0 0 
31.4523 0 0 0 0 
31.4578 0 0 0 0 
31.4634 0 0 0 0 
31.469 0 0 0 0 
31.4745 0 0 0 0 
31.4801 0 0 0 0 
31.4856 0 0 0 0 
31.4912 0 0 0 0 
31.4968 0 0 0 0 
31.5023 0 0 0 0 
31.5079 0 0 0 0 
31.5134 0 0 0 0 
31.519 0 0 0 0 
31.5245 0 0 0 0 
31.5301 0 0 0 0 
31.5357 0 0 0 0 
31.5412 0 0 0 0 
31.5468 0 0 0 0 
31.5523 0 0 0 0 
31.5579 0 0 0 0 
31.5635 0 0 0 0 
31.569 0 0 0 0 
31.5746 0 0 0 0 
31.5801 0 0 0 0 
31.5857 0 0 0 0 
31.5913 0 0 0 0 
31.5968 0 0 0 0 
31.6024 0 0 0 0 
31.6079 0 0 0 0 
31.6135 0 0 0 0 
31.619 0 0 0 0 
31.6246 0 0 0 0 
31.6302 0 0 0 0 
31.6357 0 0 0 0 
31.6413 0 0 0 0 
31.6468 0 0 0 0 
31.6524 0 0 0 0 
31.658 0 0 0 0 
31.6635 0 0 0 0 
31.6691 0 0 0 0 
31.6746 0 0 0 0 
31.6802 0 0 0 0 
31.6858 0 0 0 0 
31.6913 0 0 0 0 
31.6969 0 0 0 0 
31.7024 0 0 0 0 
31.708 0 0 0 0 
31.7135 0 0 0 0 
31.7191 0 0 0 0 
31.7247 0 0 0 0 
31.7302 0 0 0 0 
31.7358 0 0 0 0 
31.7413 0 0 0 0 
31.7469 0 0 0 0 
31.7525 0 0 0 0 
31.758 0 0 0 0 
31.7636 0 0 0 0 
31.7691 0 0 0 0 
31.7747 0 0 0 0 
31.7803 0 0 0 0 
31.7858 0 0 0 0 
31.7914 0 0 0 0 
31.7969 0 0 0 0 
31.8025 0 0 0 0 
31.808 0 0 0 0 
31.8136 0 0 0 0 
31.8192 0 0 0 0 
31.8247 0 0 0 0 
31.8303 0 0 0 0 
31.8358 0 0 0 0 
31.8414 0 0 0 0 
31.847 0 0 0 0 
31.8525 0 0 0 0 
31.8581 0 0 0 0 
31.8636 0 0 0 0 
31.8692 0 0 0 0 
31.8748 0 0 0 0 
31.8803 0 0 0 0 
31.8859 0 0 0 0 
31.8914 0 0 0 0 
31.897 0 0 0 0 
31.9025 0 0 0 0 
31.9081 0 0 0 0 
31.9137 0 0 0 0 
31.9192 0 0 0 0 
31.9248 0 0 0 0 
31.9303 0 0 0 0 
31.9359 0 0 0 0 
31.9415 0 0 0 0 
31.947 0 0 0 0 
31.9526 0 0 0 0 
31.9581 0 0 0 0 
31.9637 0 0 0 0 
31.9693 0 0 0 0 
31.9748 0 0 0 0 
31.9804 0 0 0 0 
31.9859 0 0 0 0 
31.9915 0 0 0 0 
31.997 0 0 0 0 
32.0026 0 0 0 0 
32.0082 0 0 0 0 
32.0137 0 0 0 0 
32.0193 0 0 0 0 
32.0248 0 0 0 0 
32.0304 0 0 0 0 
32.036 0 0 0 0 
32.0415 0 0 0 0 
32.0471 0 0 0 0 
32.0526 0 0 0 0 
32.0582 0 0 0 0 
32.0638 0 0 0 0 
32.0693 0 0 0 0 
32.0749 0 0 0 0 
32.0804 0 0 0 0 
32.086 0 0 0 0 
32.0915 0 0 0 0 
32.0971 0 0 0 0 
32.1027 0 0 0 0 
32.1082 0 0 0 0 
32.1138 0 0 0 0 
32.1193 0 0 0 0 
32.1249 0 0 0 0 
32.1305 0 0 0 0 
32.136 0 0 0 0 
32.1416 0 0 0 0 
32.1471 0 0 0 0 
32.1527 0 0 0 0 
32.1583 0 0 0 0 
32.1638 0 0 0 0 
32.1694 0 0 0 0 
32.1749 0 0 0 0 
32.1805 0 0 0 0 
32.186 0 0 0 0 
32.1916 0 0 0 0 
32.1972 0 0 0 0 
32.2027 0 0 0 0 
32.2083 0 0 0 0 
32.2138 0 0 0 0 
32.2194 0 0 0 0 
32.225 0 0 0 0 
32.2305 0 0 0 0 
32.2361 0 0 0 0 
32.2416 0 0 0 0 
32.2472 0 0 0 0 
32.2528 0 0 0 0 
32.2583 0 0 0 0 
32.2639 0 0 0 0 
32.2694 0 0 0 0 
32.275 0 0 0 0 
32.2805 0 0 0 0 
32.2861 0 0 0 0 
32.2917 0 0 0 0 
32.2972 0 0 0 0 
32.3028 0 0 0 0 
32.3083 0 0 0 0 
32.3139 0 0 0 0 
32.3195 0 0 0 0 
32.325 0 0 0 0 
32.3306 0 0 0 0 
32.3361 0 0 0 0 
32.3417 0 0 0 0 
32.3473 0 0 0 0 
32.3528 0 0 0 0 
32.3584 0 0 0 0 
32.3639 0 0 0 0 
32.3695 0 0 0 0 
32.375 0 0 0 0 
32.3806 0 0 0 0 
32.3862 0 0 0 0 
32.3917 0 0 0 0 
32.3973 0 0 0 0 
32.4028 0 0 0 0 
32.4084 0 0 0 0 
32.414 0 0 0 0 
32.4195 0 0 0 0 
32.4251 0 0 0 0 
32.4306 0 0 0 0 
32.4362 0 0 0 0 
32.4418 0 0 0 0 
32.4473 0 0 0 0 
32.4529 0 0 0 0 
32.4584 0 0 0 0 
32.464 0 0 0 0 
32.4695 0 0 0 0 
32.4751 0 0 0 0 
32.4807 0 0 0 0 
32.4862 0 0 0 0 
32.4918 0 0 0 0 
32.4973 0 0 0 0 
32.5029 0 0 0 0 
32.5085 0 0 0 0 
32.514 0 0 0 0 
32.5196 0 0 0 0 
32.5251 0 0 0 0 
32.5307 0 0 0 0 
32.5363 0 0 0 0 
32.5418 0 0 0 0 
32.5474 0 0 0 0 
32.5529 0 0 0 0 
32.5585 0 0 0 0 
32.5641 0 0 0 0 
32.5696 0 0 0 0 
32.5752 0 0 0 0 
32.5807 0 0 0 0 
32.5863 0 0 0 0 
32.5918 0 0 0 0 
32.5974 0 0 0 0 
32.603 0 0 0 0 
32.6085 0 0 0 0 
32.6141 0 0 0 0 
32.6196 0 0 0 0 
32.6252 0 0 0 0 
32.6308 0 0 0 0 
32.6363 0 0 0 0 
32.6419 0 0 0 0 
32.6474 0 0 0 0 
32.653 0 0 0 0 
32.6586 0 0 0 0 
32.6641 0 0 0 0 
32.6697 0 0 0 0 
32.6752 0 0 0 0 
32.6808 0 0 0 0 
32.6863 0 0 0 0 
32.6919 0 0 0 0 
32.6975 0 0 0 0 
32.703 0 0 0 0 
32.7086 0 0 0 0 
32.7141 0 0 0 0 
32.7197 0 0 0 0 
32.7253 0 0 0 0 
32.7308 0 0 0 0 
32.7364 0 0 0 0 
32.7419 0 0 0 0 
32.7475 0 0 0 0 
32.7531 0 0 0 0 
32.7586 0 0 0 0 
32.7642 0 0 0 0 
32.7697 0 0 0 0 
32.7753 0 0 0 0 
32.7808 0 0 0 0 
32.7864 0 0 0 0 
32.792 0 0 0 0 
32.7975 0 0 0 0 
32.8031 0 0 0 0 
32.8086 0 0 0 0 
32.8142 0 0 0 0 
32.8198 0 0 0 0 
32.8253 0 0 0 0 
32.8309 0 0 0 0 
32.8364 0 0 0 0 
32.842 0 0 0 0 
32.8476 0 0 0 0 
32.8531 0 0 0 0 
32.8587 0 0 0 0 
32.8642 0 0 0 0 
32.8698 0 0 0 0 
32.8753 0 0 0 0 
32.8809 0 0 0 0 
32.8865 0 0 0 0 
32.892 0 0 0 0 
32.8976 0 0 0 0 
32.9031 0 0 0 0 
32.9087 0 0 0 0 
32.9143 0 0 0 0 
32.9198 0 0 0 0 
32.9254 0 0 0 0 
32.9309 0 0 0 0 
32.9365 0 0 0 0 
32.9421 0 0 0 0 
32.9476 0 0 0 0 
32.9532 0 0 0 0 
32.9587 0 0 0 0 
32.9643 0 0 0 0 
32.9698 0 0 0 0 
32.9754 0 0 0 0 
32.981 0 0 0 0 
32.9865 0 0 0 0 
32.9921 0 0 0 0 
32.9976 0 0 0 0 
33.0032 0 0 0 0 
33.0088 0 0 0 0 
33.0143 0 0 0 0 
33.0199 0 0 0 0 
33.0254 0 0 0 0 
33.031 0 0 0 0 
33.0366 0 0 0 0 
33.0421 0 0 0 0 
33.0477 0 0 0 0 
33.0532 0 0 0 0 
33.0588 0 0 0 0 
33.0643 0 0 0 0 
33.0699 0 0 0 0 
33.0755 0 0 0 0 
33.081 0 0 0 0 
33.0866 0 0 0 0 
33.0921 0 0 0 0 
33.0977 0 0 0 0 
33.1033 0 0 0 0 
33.1088 0 0 0 0 
33.1144 0 0 0 0 
33.1199 0 0 0 0 
33.1255 0 0 0 0 
33.1311 0 0 0 0 
33.1366 0 0 0 0 
33.1422 0 0 0 0 
