6.0057 0 0 
6.00918 0 0 
6.01266 0 0 
6.01615 0 0 
6.01963 0 0 
6.02311 0 0 
6.02659 0 0 
6.03007 0 0 
6.03356 0 0 
6.03704 0 0 
6.04052 0 0 
6.044 0 0 
6.04748 0 0 
6.05097 0 0 
6.05445 0 0 
6.05793 0 0 
6.06141 0 0 
6.06489 0 0 
6.06838 0 0 
6.07186 0 0 
6.07534 0 0 
6.07882 0 0 
6.0823 0 0 
6.08579 0 0 
6.08927 0 0 
6.09275 0 0 
6.09623 0 0 
6.09971 0 0 
6.1032 0 0 
6.10668 0 0 
6.11016 0 0 
6.11364 0 0 
6.11712 0 0 
6.12061 0 0 
6.12409 0 0 
6.12757 0 0 
6.13105 0 0 
6.13453 0 0 
6.13802 0 0 
6.1415 0 0 
6.14498 0 0 
6.14846 0 0 
6.15194 0 0 
6.15543 0 0 
6.15891 0 0 
6.16239 0 0 
6.16587 0 0 
6.16936 0 0 
6.17284 0 0 
6.17632 0 0 
6.1798 0 0 
6.18328 0 0 
6.18677 0 0 
6.19025 0 0 
6.19373 0 0 
6.19721 0 0 
6.20069 0 0 
6.20418 0 0 
6.20766 0 0 
6.21114 0 0 
6.21462 0 0 
6.2181 0 0 
6.22159 0 0 
6.22507 0 0 
6.22855 0 0 
6.23203 0 0 
6.23551 0 0 
6.239 0 0 
6.24248 0 0 
6.24596 0 0 
6.24944 0 0 
6.25292 0 0 
6.25641 0 0 
6.25989 0 0 
6.26337 0 0 
6.26685 0 0 
6.27033 0 0 
6.27382 0 0 
6.2773 0 0 
6.28078 0 0 
6.28426 0 0 
6.28774 0 0 
6.29123 0 0 
6.29471 0 0 
6.29819 0 0 
6.30167 0 0 
6.30515 0 0 
6.30864 0 0 
6.31212 0 0 
6.3156 0 0 
6.31908 0 0 
6.32256 0 0 
6.32605 0 0 
6.32953 0 0 
6.33301 0 0 
6.33649 0 0 
6.33997 0 0 
6.34346 0 0 
6.34694 0 0 
6.35042 0 0 
6.3539 0 0 
6.35738 0 0 
6.36087 0 0 
6.36435 0 0 
6.36783 0 0 
6.37131 0 0 
6.37479 0 0 
6.37828 0 0 
6.38176 0 0 
6.38524 0 0 
6.38872 0 0 
6.3922 0 0 
6.39569 0 0 
6.39917 0 0 
6.40265 0 0 
6.40613 0 0 
6.40962 0 0 
6.4131 0 0 
6.41658 0 0 
6.42006 0 0 
6.42354 0 0 
6.42703 0 0 
6.43051 0 0 
6.43399 0 0 
6.43747 0 0 
6.44095 0 0 
6.44444 0 0 
6.44792 0 0 
6.4514 0 0 
6.45488 0 0 
6.45836 0 0 
6.46185 0 0 
6.46533 0 0 
6.46881 0 0 
6.47229 0 0 
6.47577 0 0 
6.47926 0 0 
6.48274 0 0 
6.48622 0 0 
6.4897 0 0 
6.49318 0 0 
6.49667 0 0 
6.50015 0 0 
6.50363 0 0 
6.50711 0 0 
6.51059 0 0 
6.51408 0 0 
6.51756 0 0 
6.52104 0 0 
6.52452 0 0 
6.528 0 0 
6.53149 0 0 
6.53497 0 0 
6.53845 0 0 
6.54193 0 0 
6.54541 0 0 
6.5489 0 0 
6.55238 0 0 
6.55586 0 0 
6.55934 0 0 
6.56282 0 0 
6.56631 0 0 
6.56979 0 0 
6.57327 0 0 
6.57675 0 0 
6.58023 0 0 
6.58372 0 0 
6.5872 0 0 
6.59068 0 0 
6.59416 0 0 
6.59764 0 0 
6.60113 0 0 
6.60461 0 0 
6.60809 0 0 
6.61157 0 0 
6.61505 0 0 
6.61854 0 0 
6.62202 0 0 
6.6255 0 0 
6.62898 0 0 
6.63246 0 0 
6.63595 0 0 
6.63943 0 0 
6.64291 0 0 
6.64639 0 0 
6.64988 0 0 
6.65336 0 0 
6.65684 0 0 
6.66032 0 0 
6.6638 0 0 
6.66729 0 0 
6.67077 0 0 
6.67425 0 0 
6.67773 0 0 
6.68121 0 0 
6.6847 0 0 
6.68818 0 0 
6.69166 0 0 
6.69514 0 0 
6.69862 0 0 
6.70211 0 0 
6.70559 0 0 
6.70907 0 0 
6.71255 0 0 
6.71603 0 0 
6.71952 0 0 
6.723 0 0 
6.72648 0 0 
6.72996 0 0 
6.73344 0 0 
6.73693 0 0 
6.74041 0 0 
6.74389 0 0 
6.74737 0 0 
6.75085 0 0 
6.75434 0 0 
6.75782 0 0 
6.7613 0 0 
6.76478 0 0 
6.76826 0 0 
6.77175 0 0 
6.77523 0 0 
6.77871 0 0 
6.78219 0 0 
6.78567 0 0 
6.78916 0 0 
6.79264 0 0 
6.79612 0 0 
6.7996 0 0 
6.80308 0 0 
6.80657 0 0 
6.81005 0 0 
6.81353 0 0 
6.81701 0 0 
6.82049 0 0 
6.82398 0 0 
6.82746 0 0 
6.83094 0 0 
6.83442 0 0 
6.8379 0 0 
6.84139 0 0 
6.84487 0 0 
6.84835 0 0 
6.85183 0 0 
6.85531 0 0 
6.8588 0 0 
6.86228 0 0 
6.86576 0 0 
6.86924 0 0 
6.87272 0 0 
6.87621 0 0 
6.87969 0 0 
6.88317 0 0 
6.88665 0 0 
6.89013 0 0 
6.89362 0 0 
6.8971 0 0 
6.90058 0 0 
6.90406 0 0 
6.90755 0 0 
6.91103 0 0 
6.91451 0 0 
6.91799 0 0 
6.92147 0 0 
6.92496 0 0 
6.92844 0 0 
6.93192 0 0 
6.9354 0 0 
6.93888 0 0 
6.94237 0 0 
6.94585 0 0 
6.94933 0 0 
6.95281 0 0 
6.95629 0 0 
6.95978 0 0 
6.96326 0 0 
6.96674 0 0 
6.97022 0 0 
6.9737 0 0 
6.97719 0 0 
6.98067 0 0 
6.98415 0 0 
6.98763 0 0 
6.99111 0 0 
6.9946 0 0 
6.99808 0 0 
7.00156 0 0 
7.00504 0 0 
7.00852 0 0 
7.01201 0 0 
7.01549 0 0 
7.01897 0 0 
7.02245 0 0 
7.02593 0 0 
7.02942 0 0 
7.0329 0 0 
7.03638 0 0 
7.03986 0 0 
7.04334 0 0 
7.04683 0 0 
7.05031 0 0 
7.05379 0 0 
7.05727 0 0 
7.06075 0 0 
7.06424 0 0 
7.06772 0 0 
7.0712 0 0 
7.07468 0 0 
7.07816 0 0 
7.08165 0 0 
7.08513 0 0 
7.08861 0 0 
7.09209 0 0 
7.09557 0 0 
7.09906 0 0 
7.10254 0 0 
7.10602 0 0 
7.1095 0 0 
7.11298 0 0 
7.11647 0 0 
7.11995 0 0 
7.12343 0 0 
7.12691 0 0 
7.13039 0 0 
7.13388 0 0 
7.13736 0 0 
7.14084 0 0 
7.14432 0 0 
7.14781 0 0 
7.15129 0 0 
7.15477 0 0 
7.15825 0 0 
7.16173 0 0 
7.16522 0 0 
7.1687 0 0 
7.17218 0 0 
7.17566 0 0 
7.17914 0 0 
7.18263 0 0 
7.18611 0 0 
7.18959 0 0 
7.19307 0 0 
7.19655 0 0 
7.20004 0 0 
7.20352 0 0 
7.207 0 0 
7.21048 0 0 
7.21396 0 0 
7.21745 0 0 
7.22093 0 0 
7.22441 0 0 
7.22789 0 0 
7.23137 0 0 
7.23486 0 0 
7.23834 0 0 
7.24182 0 0 
7.2453 0 0 
7.24878 0 0 
7.25227 0 0 
7.25575 0 0 
7.25923 0 0 
7.26271 0 0 
7.26619 0 0 
7.26968 0 0 
7.27316 0 0 
7.27664 0 0 
7.28012 0 0 
7.2836 0 0 
7.28709 0 0 
7.29057 0 0 
7.29405 0 0 
7.29753 0 0 
7.30101 0 0 
7.3045 0 0 
7.30798 0 0 
7.31146 0 0 
7.31494 0 0 
7.31842 0 0 
7.32191 0 0 
7.32539 0 0 
7.32887 0 0 
7.33235 0 0 
7.33583 0 0 
7.33932 0 0 
7.3428 0 0 
7.34628 0 0 
7.34976 0 0 
7.35324 0 0 
7.35673 0 0 
7.36021 0 0 
7.36369 0 0 
7.36717 0 0 
7.37065 0 0 
7.37414 0 0 
7.37762 0 0 
7.3811 0 0 
7.38458 0 0 
7.38806 0 0 
7.39155 0 0 
7.39503 0 0 
7.39851 0 0 
7.40199 0 0 
7.40548 0 0 
7.40896 0 0 
7.41244 0 0 
7.41592 0 0 
7.4194 0 0 
7.42289 0 0 
7.42637 0 0 
7.42985 0 0 
7.43333 0 0 
7.43681 0 0 
7.4403 0 0 
7.44378 0 0 
7.44726 0 0 
7.45074 0 0 
7.45422 0 0 
7.45771 0 0 
7.46119 0 0 
7.46467 0 0 
7.46815 0 0 
7.47163 0 0 
7.47512 0 0 
7.4786 0 0 
7.48208 0 0 
7.48556 0 0 
7.48904 0 0 
7.49253 0 0 
7.49601 0 0 
7.49949 0 0 
7.50297 0 0 
7.50645 0 0 
7.50994 0 0 
7.51342 0 0 
7.5169 0 0 
7.52038 0 0 
7.52386 0 0 
7.52735 0 0 
7.53083 0 0 
7.53431 0 0 
7.53779 0 0 
7.54127 0 0 
7.54476 0 0 
7.54824 0 0 
7.55172 0 0 
7.5552 0 0 
7.55868 0 0 
7.56217 0 0 
7.56565 0 0 
7.56913 0 0 
7.57261 0 0 
7.57609 0 0 
7.57958 0 0 
7.58306 0 0 
7.58654 0 0 
7.59002 0 0 
7.5935 0 0 
7.59699 0 0 
7.60047 0 0 
7.60395 0 0 
7.60743 0 0 
7.61091 0 0 
7.6144 0 0 
7.61788 0 0 
7.62136 0 0 
7.62484 0 0 
7.62832 0 0 
7.63181 0 0 
7.63529 0 0 
7.63877 0 0 
7.64225 0 0 
7.64574 0 0 
7.64922 0 0 
7.6527 0 0 
7.65618 0 0 
7.65966 0 0 
7.66315 0 0 
7.66663 0 0 
7.67011 0 0 
7.67359 0 0 
7.67707 0 0 
7.68056 0 0 
7.68404 0 0 
7.68752 0 0 
7.691 0 0 
7.69448 0 0 
7.69797 0 0 
7.70145 0 0 
7.70493 0 0 
7.70841 0 0 
7.71189 0 0 
7.71538 0 0 
7.71886 0 0 
7.72234 0 0 
7.72582 0 0 
7.7293 0 0 
7.73279 0 0 
7.73627 0 0 
7.73975 0 0 
7.74323 0 0 
7.74671 0 0 
7.7502 0 0 
7.75368 0 0 
7.75716 0 0 
7.76064 0 0 
7.76412 0 0 
7.76761 0 0 
7.77109 0 0 
7.77457 0 0 
7.77805 0 0 
7.78153 0 0 
7.78502 0 0 
7.7885 0 0 
7.79198 0 0 
7.79546 0 0 
7.79894 0 0 
7.80243 0 0 
7.80591 0 0 
7.80939 0 0 
7.81287 0 0 
7.81635 0 0 
7.81984 0 0 
7.82332 0 0 
7.8268 0 0 
7.83028 0 0 
7.83376 0 0 
7.83725 0 0 
7.84073 0 0 
7.84421 0 0 
7.84769 0 0 
7.85117 0 0 
7.85466 0 0 
7.85814 0 0 
7.86162 0 0 
7.8651 0 0 
7.86858 0 0 
7.87207 0 0 
7.87555 0 0 
7.87903 0 0 
7.88251 0 0 
7.88599 0 0 
7.88948 0 0 
7.89296 0 0 
7.89644 0 0 
7.89992 0 0 
7.90341 0 0 
7.90689 0 0 
7.91037 0 0 
7.91385 0 0 
7.91733 0 0 
7.92082 0 0 
7.9243 0 0 
7.92778 0 0 
7.93126 0 0 
7.93474 0 0 
7.93823 0 0 
7.94171 0 0 
7.94519 0 0 
7.94867 0 0 
7.95215 0 0 
7.95564 0 0 
7.95912 0 0 
7.9626 0 0 
7.96608 0 0 
7.96956 0 0 
7.97305 0 0 
7.97653 0 0 
7.98001 0 0 
7.98349 0 0 
7.98697 0 0 
7.99046 0 0 
7.99394 0 0 
7.99742 0 0 
8.0009 0 0 
8.00438 0 0 
8.00787 0 0 
8.01135 0 0 
8.01483 0 0 
8.01831 0 0 
8.02179 0 0 
8.02528 0 0 
8.02876 0 0 
8.03224 0 0 
8.03572 0 0 
8.0392 0 0 
8.04269 0 0 
8.04617 0 0 
8.04965 0 0 
8.05313 0 0 
8.05661 0 0 
8.0601 0 0 
8.06358 0 0 
8.06706 0 0 
8.07054 0 0 
8.07402 0 0 
8.07751 0 0 
8.08099 0 0 
8.08447 0 0 
8.08795 0 0 
8.09143 0 0 
8.09492 0 0 
8.0984 0 0 
8.10188 0 0 
8.10536 0 0 
8.10884 0 0 
8.11233 0 0 
8.11581 0 0 
8.11929 0 0 
8.12277 0 0 
8.12625 0 0 
8.12974 0 0 
8.13322 0 0 
8.1367 0 0 
8.14018 0 0 
8.14367 0 0 
8.14715 0 0 
8.15063 0 0 
8.15411 0 0 
8.15759 0 0 
8.16108 0 0 
8.16456 0 0 
8.16804 0 0 
8.17152 0 0 
8.175 0 0 
8.17849 0 0 
8.18197 0 0 
8.18545 0 0 
8.18893 0 0 
8.19241 0 0 
8.1959 0 0 
8.19938 0 0 
8.20286 0 0 
8.20634 0 0 
8.20982 0 0 
8.21331 0 0 
8.21679 0 0 
8.22027 0 0 
8.22375 0 0 
8.22723 0 0 
8.23072 0 0 
8.2342 0 0 
8.23768 0 0 
8.24116 0 0 
8.24464 0 0 
8.24813 0 0 
8.25161 0 0 
8.25509 0 0 
8.25857 0 0 
8.26205 0 0 
8.26554 0 0 
8.26902 0 0 
8.2725 0 0 
8.27598 0 0 
8.27946 0 0 
8.28295 0 0 
8.28643 0 0 
8.28991 0 0 
8.29339 0 0 
8.29687 0 0 
8.30036 0 0 
8.30384 0 0 
8.30732 0 0 
8.3108 0 0 
8.31428 0 0 
8.31777 0 0 
8.32125 0 0 
8.32473 0 0 
8.32821 0 0 
8.33169 0 0 
8.33518 0 0 
8.33866 0 0 
8.34214 0 0 
8.34562 0 0 
8.3491 0 0 
8.35259 0 0 
8.35607 0 0 
8.35955 0 0 
8.36303 0 0 
8.36651 0 0 
8.37 0 0 
8.37348 0 0 
8.37696 0 0 
8.38044 0 0 
8.38393 0 0 
8.38741 0 0 
8.39089 0 0 
8.39437 0 0 
8.39785 0 0 
8.40134 0 0 
8.40482 0 0 
8.4083 0 0 
8.41178 0 0 
8.41526 0 0 
8.41875 0 0 
8.42223 0 0 
8.42571 0 0 
8.42919 0 0 
8.43267 0 0 
8.43616 0 0 
8.43964 0 0 
8.44312 0 0 
8.4466 0 0 
8.45008 0 0 
8.45357 0 0 
8.45705 0 0 
8.46053 0 0 
8.46401 0 0 
8.46749 0 0 
8.47098 0 0 
8.47446 0 0 
8.47794 0 0 
8.48142 0 0 
8.4849 0 0 
8.48839 0 0 
8.49187 0 0 
8.49535 0 0 
8.49883 0 0 
8.50231 0 0 
8.5058 0 0 
8.50928 0 0 
8.51276 0 0 
8.51624 0 0 
8.51972 0 0 
8.52321 0 0 
8.52669 0 0 
8.53017 0 0 
8.53365 0 0 
8.53713 0 0 
8.54062 0 0 
8.5441 0 0 
8.54758 0 0 
8.55106 0 0 
8.55454 0 0 
8.55803 0 0 
8.56151 0 0 
8.56499 0 0 
8.56847 0 0 
8.57195 0 0 
8.57544 0 0 
8.57892 0 0 
8.5824 0 0 
8.58588 0 0 
8.58936 0 0 
8.59285 0 0 
8.59633 0 0 
8.59981 0 0 
8.60329 0 0 
8.60677 0 0 
8.61026 0 0 
8.61374 0 0 
8.61722 0 0 
8.6207 0 0 
8.62418 0 0 
8.62767 0 0 
8.63115 0 0 
8.63463 0 0 
8.63811 0 0 
8.6416 0 0 
8.64508 0 0 
8.64856 0 0 
8.65204 0 0 
8.65552 0 0 
8.65901 0 0 
8.66249 0 0 
8.66597 0 0 
8.66945 0 0 
8.67293 0 0 
8.67642 0 0 
8.6799 0 0 
8.68338 0 0 
8.68686 0 0 
8.69034 0 0 
8.69383 0 0 
8.69731 0 0 
8.70079 0 0 
8.70427 0 0 
8.70775 0 0 
8.71124 0 0 
8.71472 0 0 
8.7182 0 0 
8.72168 0 0 
8.72516 0 0 
8.72865 0 0 
8.73213 0 0 
8.73561 0 0 
8.73909 0 0 
8.74257 0 0 
8.74606 0 0 
8.74954 0 0 
8.75302 0 0 
8.7565 0 0 
8.75998 0 0 
8.76347 0 0 
8.76695 0 0 
8.77043 0 0 
8.77391 0 0 
8.77739 0 0 
8.78088 0 0 
8.78436 0 0 
8.78784 0 0 
8.79132 0 0 
8.7948 0 0 
8.79829 0 0 
8.80177 0 0 
8.80525 0 0 
8.80873 0 0 
8.81221 0 0 
8.8157 0 0 
8.81918 0 0 
8.82266 0 0 
8.82614 0 0 
8.82962 0 0 
8.83311 0 0 
8.83659 0 0 
8.84007 0 0 
8.84355 0 0 
8.84703 0 0 
8.85052 0 0 
8.854 0 0 
8.85748 0 0 
8.86096 0 0 
8.86444 0 0 
8.86793 0 0 
8.87141 0 0 
8.87489 0 0 
8.87837 0 0 
8.88186 0 0 
8.88534 0 0 
8.88882 0 0 
8.8923 0 0 
8.89578 0 0 
8.89927 0 0 
8.90275 0 0 
8.90623 0 0 
8.90971 0 0 
8.91319 0 0 
8.91668 0 0 
8.92016 0 0 
8.92364 0 0 
8.92712 0 0 
8.9306 0 0 
8.93409 0 0 
8.93757 0 0 
8.94105 0 0 
8.94453 0 0 
8.94801 0 0 
8.9515 0 0 
8.95498 0 0 
8.95846 0 0 
8.96194 0 0 
8.96542 0 0 
8.96891 0 0 
8.97239 0 0 
8.97587 0 0 
8.97935 0 0 
8.98283 0 0 
8.98632 0 0 
8.9898 0 0 
8.99328 0 0 
8.99676 0 0 
9.00024 0 0 
9.00373 0 0 
9.00721 0 0 
9.01069 0 0 
9.01417 0 0 
9.01765 0 0 
9.02114 0 0 
9.02462 0 0 
9.0281 0 0 
9.03158 0 0 
9.03506 0 0 
9.03855 0 0 
9.04203 0 0 
9.04551 0 0 
9.04899 0 0 
9.05247 0 0 
9.05596 0 0 
9.05944 0 0 
9.06292 0 0 
9.0664 0 0 
9.06988 0 0 
9.07337 0 0 
9.07685 0 0 
9.08033 0 0 
9.08381 0 0 
9.08729 0 0 
9.09078 0 0 
9.09426 0 0 
9.09774 0 0 
9.10122 0 0 
9.1047 0 0 
9.10819 0 0 
9.11167 0 0 
9.11515 0 0 
9.11863 0 0 
9.12211 0 0 
9.1256 0 0 
9.12908 0 0 
9.13256 0 0 
9.13604 0 0 
9.13953 0 0 
9.14301 0 0 
9.14649 0 0 
9.14997 0 0 
9.15345 0 0 
9.15694 0 0 
9.16042 0 0 
9.1639 0 0 
9.16738 0 0 
9.17086 0 0 
9.17435 0 0 
9.17783 0 0 
9.18131 0 0 
9.18479 0 0 
9.18827 0 0 
9.19176 0 0 
9.19524 0 0 
9.19872 0 0 
9.2022 0 0 
9.20568 0 0 
9.20917 0 0 
9.21265 0 0 
9.21613 0 0 
9.21961 0 0 
9.22309 0 0 
9.22658 0 0 
9.23006 0 0 
9.23354 0 0 
9.23702 0 0 
9.2405 0 0 
9.24399 0 0 
9.24747 0 0 
9.25095 0 0 
9.25443 0 0 
9.25791 0 0 
9.2614 0 0 
9.26488 0 0 
9.26836 0 0 
9.27184 0 0 
9.27532 0 0 
9.27881 0 0 
9.28229 0 0 
9.28577 0 0 
9.28925 0 0 
9.29273 0 0 
9.29622 0 0 
9.2997 0 0 
9.30318 0 0 
9.30666 0 0 
9.31014 0 0 
9.31363 0 0 
9.31711 0 0 
9.32059 0 0 
9.32407 0 0 
9.32755 0 0 
9.33104 0 0 
9.33452 0 0 
9.338 0 0 
9.34148 0 0 
9.34496 0 0 
9.34845 0 0 
9.35193 0 0 
9.35541 0 0 
9.35889 0 0 
9.36237 0 0 
9.36586 0 0 
9.36934 0 0 
9.37282 0 0 
9.3763 0 0 
9.37979 0 0 
9.38327 0 0 
9.38675 0 0 
9.39023 0 0 
9.39371 0 0 
9.3972 0 0 
9.40068 0 0 
9.40416 0 0 
9.40764 0 0 
9.41112 0 0 
9.41461 0 0 
9.41809 0 0 
9.42157 0 0 
9.42505 0 0 
9.42853 0 0 
9.43202 0 0 
9.4355 0 0 
9.43898 0 0 
9.44246 0 0 
9.44594 0 0 
9.44943 0 0 
9.45291 0 0 
9.45639 0 0 
9.45987 0 0 
9.46335 0 0 
9.46684 0 0 
9.47032 0 0 
9.4738 0 0 
9.47728 0 0 
9.48076 0 0 
9.48425 0 0 
9.48773 0 0 
9.49121 0 0 
9.49469 0 0 
9.49817 0 0 
9.50166 0 0 
9.50514 0 0 
9.50862 0 0 
9.5121 0 0 
9.51558 0 0 
9.51907 0 0 
9.52255 0 0 
9.52603 0 0 
9.52951 0 0 
9.53299 0 0 
9.53648 0 0 
9.53996 0 0 
9.54344 0 0 
9.54692 0 0 
9.5504 0 0 
9.55389 0 0 
9.55737 0 0 
9.56085 0 0 
9.56433 0 0 
9.56781 0 0 
9.5713 0 0 
9.57478 0 0 
9.57826 0 0 
9.58174 0 0 
9.58522 0 0 
9.58871 0 0 
9.59219 0 0 
9.59567 0 0 
9.59915 0 0 
9.60263 0 0 
9.60612 0 0 
9.6096 0 0 
9.61308 0 0 
9.61656 0 0 
9.62004 0 0 
9.62353 0 0 
9.62701 0 0 
9.63049 0 0 
9.63397 0 0 
9.63746 0 0 
9.64094 0 0 
9.64442 0 0 
9.6479 0 0 
9.65138 0 0 
9.65487 0 0 
9.65835 0 0 
9.66183 0 0 
9.66531 0 0 
9.66879 0 0 
9.67228 0 0 
9.67576 0 0 
9.67924 0 0 
9.68272 0 0 
9.6862 0 0 
9.68969 0 0 
9.69317 0 0 
9.69665 0 0 
9.70013 0 0 
9.70361 0 0 
9.7071 0 0 
9.71058 0 0 
9.71406 0 0 
9.71754 0 0 
9.72102 0 0 
9.72451 0 0 
9.72799 0 0 
9.73147 0 0 
9.73495 0 0 
9.73843 0 0 
9.74192 0 0 
9.7454 0 0 
9.74888 0 0 
9.75236 0 0 
9.75584 0 0 
9.75933 0 0 
9.76281 0 0 
9.76629 0 0 
9.76977 0 0 
9.77325 0 0 
9.77674 0 0 
9.78022 0 0 
9.7837 0 0 
9.78718 0 0 
9.79066 0 0 
9.79415 0 0 
9.79763 0 0 
9.80111 0 0 
9.80459 0 0 
9.80807 0 0 
9.81156 0 0 
9.81504 0 0 
9.81852 0 0 
9.822 0 0 
9.82548 0 0 
9.82897 0 0 
9.83245 0 0 
9.83593 0 0 
9.83941 0 0 
9.84289 0 0 
9.84638 0 0 
9.84986 0 0 
9.85334 0 0 
9.85682 0 0 
9.8603 0 0 
9.86379 0 0 
9.86727 0 0 
9.87075 0 0 
9.87423 0 0 
9.87772 0 0 
9.8812 0 0 
9.88468 0 0 
9.88816 0 0 
9.89164 0 0 
9.89513 0 0 
9.89861 0 0 
9.90209 0 0 
9.90557 0 0 
9.90905 0 0 
9.91254 0 0 
9.91602 0 0 
9.9195 0 0 
9.92298 0 0 
9.92646 0 0 
9.92995 0 0 
9.93343 0 0 
9.93691 0 0 
9.94039 0 0 
9.94387 0 0 
9.94736 0 0 
9.95084 0 0 
9.95432 0 0 
9.9578 0 0 
9.96128 0 0 
9.96477 0 0 
9.96825 0 0 
9.97173 0 0 
9.97521 0 0 
9.97869 0 0 
9.98218 0 0 
9.98566 0 0 
9.98914 0 0 
9.99262 0 0 
9.9961 0 0 
9.99959 0 0 
10.0031 0 0 
10.0066 0 0 
10.01 0 0 
10.0135 0 0 
10.017 0 0 
10.0205 0 0 
10.024 0 0 
10.0274 0 0 
10.0309 0 0 
10.0344 0 0 
10.0379 0 0 
10.0414 0 0 
10.0449 0 0 
10.0483 0 0 
10.0518 0 0 
10.0553 0 0 
10.0588 0 0 
10.0623 0 0 
10.0657 0 0 
10.0692 0 0 
10.0727 0 0 
10.0762 0 0 
10.0797 0 0 
10.0832 0 0 
10.0866 0 0 
10.0901 0 0 
10.0936 0 0 
10.0971 0 0 
10.1006 0 0 
10.104 0 0 
10.1075 0 0 
10.111 0 0 
10.1145 0 0 
10.118 0 0 
10.1215 0 0 
10.1249 0 0 
10.1284 0 0 
10.1319 0 0 
10.1354 0 0 
10.1389 0 0 
10.1423 0 0 
10.1458 0 0 
10.1493 0 0 
10.1528 0 0 
10.1563 0 0 
10.1598 0 0 
10.1632 0 0 
10.1667 0 0 
10.1702 0 0 
10.1737 0 0 
10.1772 0 0 
10.1807 0 0 
10.1841 0 0 
10.1876 0 0 
10.1911 0 0 
10.1946 0 0 
10.1981 0 0 
10.2015 0 0 
10.205 0 0 
10.2085 0 0 
10.212 0 0 
10.2155 0 0 
10.219 0 0 
10.2224 0 0 
10.2259 0 0 
10.2294 0 0 
10.2329 0 0 
10.2364 0 0 
10.2398 0 0 
10.2433 0 0 
10.2468 0 0 
10.2503 0 0 
10.2538 0 0 
10.2573 0 0 
10.2607 0 0 
10.2642 0 0 
10.2677 0 0 
10.2712 0 0 
10.2747 0 0 
10.2781 0 0 
10.2816 0 0 
10.2851 0 0 
10.2886 0 0 
10.2921 0 0 
10.2956 0 0 
10.299 0 0 
10.3025 0 0 
10.306 0 0 
10.3095 0 0 
10.313 0 0 
10.3165 0 0 
10.3199 0 0 
10.3234 0 0 
10.3269 0 0 
10.3304 0 0 
10.3339 0 0 
10.3373 0 0 
10.3408 0 0 
10.3443 0 0 
10.3478 0 0 
10.3513 0 0 
10.3548 0 0 
10.3582 0 0 
10.3617 0 0 
10.3652 0 0 
10.3687 0 0 
10.3722 0 0 
10.3756 0 0 
10.3791 0 0 
10.3826 0 0 
10.3861 0 0 
10.3896 0 0 
10.3931 0 0 
10.3965 0 0 
10.4 0 0 
10.4035 0 0 
10.407 0 0 
10.4105 0 0 
10.4139 0 0 
10.4174 0 0 
10.4209 0 0 
10.4244 0 0 
10.4279 0 0 
10.4314 0 0 
10.4348 0 0 
10.4383 0 0 
10.4418 0 0 
10.4453 0 0 
10.4488 0 0 
10.4522 0 0 
10.4557 0 0 
10.4592 0 0 
10.4627 0 0 
10.4662 0 0 
10.4697 0 0 
10.4731 0 0 
10.4766 0 0 
10.4801 0 0 
10.4836 0 0 
10.4871 0 0 
10.4906 0 0 
10.494 0 0 
10.4975 0 0 
10.501 0 0 
10.5045 0 0 
10.508 0 0 
10.5114 0 0 
10.5149 0 0 
10.5184 0 0 
10.5219 0 0 
10.5254 0 0 
10.5289 0 0 
10.5323 0 0 
10.5358 0 0 
10.5393 0 0 
10.5428 0 0 
10.5463 0 0 
10.5497 0 0 
10.5532 0 0 
10.5567 0 0 
10.5602 0 0 
10.5637 0 0 
10.5672 0 0 
10.5706 0 0 
10.5741 0 0 
10.5776 0 0 
10.5811 0 0 
10.5846 0 0 
10.588 0 0 
10.5915 0 0 
10.595 0 0 
10.5985 0 0 
10.602 0 0 
10.6055 0 0 
10.6089 0 0 
10.6124 0 0 
10.6159 0 0 
10.6194 0 0 
10.6229 0 0 
10.6264 0 0 
10.6298 0 0 
10.6333 0 0 
10.6368 0 0 
10.6403 0 0 
10.6438 0 0 
10.6472 0 0 
10.6507 0 0 
10.6542 0 0 
10.6577 0 0 
10.6612 0 0 
10.6647 0 0 
10.6681 0 0 
10.6716 0 0 
10.6751 0 0 
10.6786 0 0 
10.6821 0 0 
10.6855 0 0 
10.689 0 0 
10.6925 0 0 
10.696 0 0 
10.6995 0 0 
10.703 0 0 
10.7064 0 0 
10.7099 0 0 
10.7134 0 0 
10.7169 0 0 
10.7204 0 0 
10.7238 0 0 
10.7273 0 0 
10.7308 0 0 
10.7343 0 0 
10.7378 0 0 
10.7413 0 0 
10.7447 0 0 
10.7482 0 0 
10.7517 0 0 
10.7552 0 0 
10.7587 0 0 
10.7622 0 0 
10.7656 0 0 
10.7691 0 0 
10.7726 0 0 
10.7761 0 0 
10.7796 0 0 
10.783 0 0 
10.7865 0 0 
10.79 0 0 
10.7935 0 0 
10.797 0 0 
10.8005 0 0 
10.8039 0 0 
10.8074 0 0 
10.8109 0 0 
10.8144 0 0 
10.8179 0 0 
10.8213 0 0 
10.8248 0 0 
10.8283 0 0 
10.8318 0 0 
10.8353 0 0 
10.8388 0 0 
10.8422 0 0 
10.8457 0 0 
10.8492 0 0 
10.8527 0 0 
10.8562 0 0 
10.8596 0 0 
10.8631 0 0 
10.8666 0 0 
10.8701 0 0 
10.8736 0 0 
10.8771 0 0 
10.8805 0 0 
10.884 0 0 
10.8875 0 0 
10.891 0 0 
10.8945 0 0 
10.8979 0 0 
10.9014 0 0 
10.9049 0 0 
10.9084 0 0 
10.9119 0 0 
10.9154 0 0 
10.9188 0 0 
10.9223 0 0 
10.9258 0 0 
10.9293 0 0 
10.9328 0 0 
10.9363 0 0 
10.9397 0 0 
10.9432 0 0 
10.9467 0 0 
10.9502 0 0 
10.9537 0 0 
10.9571 0 0 
10.9606 0 0 
10.9641 0 0 
10.9676 0 0 
10.9711 0 0 
10.9746 0 0 
10.978 0 0 
10.9815 0 0 
10.985 0 0 
10.9885 0 0 
10.992 0 0 
10.9954 0 0 
10.9989 0 0 
11.0024 0 0 
11.0059 0 0 
11.0094 0 0 
11.0129 0 0 
11.0163 0 0 
11.0198 0 0 
11.0233 0 0 
11.0268 0 0 
11.0303 0 0 
11.0337 0 0 
11.0372 0 0 
11.0407 0 0 
11.0442 0 0 
11.0477 0 0 
11.0512 0 0 
11.0546 0 0 
11.0581 0 0 
11.0616 0 0 
11.0651 0 0 
11.0686 0 0 
11.0721 0 0 
11.0755 0 0 
11.079 0 0 
11.0825 0 0 
11.086 0 0 
11.0895 0 0 
11.0929 0 0 
11.0964 0 0 
11.0999 0 0 
11.1034 0 0 
11.1069 0 0 
11.1104 0 0 
11.1138 0 0 
11.1173 0 0 
11.1208 0 0 
11.1243 0 0 
11.1278 0 0 
11.1312 0 0 
11.1347 0 0 
11.1382 0 0 
11.1417 0 0 
11.1452 0 0 
11.1487 0 0 
11.1521 0 0 
11.1556 0 0 
11.1591 0 0 
11.1626 0 0 
11.1661 0 0 
11.1695 0 0 
11.173 0 0 
11.1765 0 0 
11.18 0 0 
11.1835 0 0 
11.187 0 0 
11.1904 0 0 
11.1939 0 0 
11.1974 0 0 
11.2009 0 0 
11.2044 0 0 
11.2078 0 0 
11.2113 0 0 
11.2148 0 0 
11.2183 0 0 
11.2218 0 0 
11.2253 0 0 
11.2287 0 0 
11.2322 0 0 
11.2357 0 0 
11.2392 0 0 
11.2427 0 0 
11.2462 0 0 
11.2496 0 0 
11.2531 0 0 
11.2566 0 0 
11.2601 0 0 
11.2636 0 0 
11.267 0 0 
11.2705 0 0 
11.274 0 0 
11.2775 0 0 
11.281 0 0 
11.2845 0 0 
11.2879 0 0 
11.2914 0 0 
11.2949 0 0 
11.2984 0 0 
11.3019 0 0 
11.3053 0 0 
11.3088 0 0 
11.3123 0 0 
11.3158 0 0 
11.3193 0 0 
11.3228 0 0 
11.3262 0 0 
11.3297 0 0 
11.3332 0 0 
11.3367 0 0 
11.3402 0 0 
11.3436 0 0 
11.3471 0 0 
11.3506 0 0 
11.3541 0 0 
11.3576 0 0 
11.3611 0 0 
11.3645 0 0 
11.368 0 0 
11.3715 0 0 
11.375 0 0 
11.3785 0 0 
11.382 0 0 
11.3854 0 0 
11.3889 0 0 
11.3924 0 0 
11.3959 0 0 
11.3994 0 0 
11.4028 0 0 
11.4063 0 0 
11.4098 0 0 
11.4133 0 0 
11.4168 0 0 
11.4203 0 0 
11.4237 0 0 
11.4272 0 0 
11.4307 0 0 
11.4342 0 0 
11.4377 0 0 
11.4411 0 0 
11.4446 0 0 
11.4481 0 0 
11.4516 0 0 
11.4551 0 0 
11.4586 0 0 
11.462 0 0 
11.4655 0 0 
11.469 0 0 
11.4725 0 0 
11.476 0 0 
11.4794 0 0 
11.4829 0 0 
11.4864 0 0 
11.4899 0 0 
11.4934 0 0 
11.4969 0 0 
11.5003 0 0 
11.5038 0 0 
11.5073 0 0 
11.5108 0 0 
11.5143 0 0 
11.5178 0 0 
11.5212 0 0 
11.5247 0 0 
11.5282 0 0 
11.5317 0 0 
11.5352 0 0 
11.5386 0 0 
11.5421 0 0 
11.5456 0 0 
11.5491 0 0 
11.5526 0 0 
11.5561 0 0 
11.5595 0 0 
11.563 0 0 
11.5665 0 0 
11.57 0 0 
11.5735 0 0 
11.5769 0 0 
11.5804 0 0 
11.5839 0 0 
11.5874 0 0 
11.5909 0 0 
11.5944 0 0 
11.5978 0 0 
11.6013 0 0 
11.6048 0 0 
11.6083 0 0 
11.6118 0 0 
11.6152 0 0 
11.6187 0 0 
11.6222 0 0 
11.6257 0 0 
11.6292 0 0 
11.6327 0 0 
11.6361 0 0 
11.6396 0 0 
11.6431 0 0 
11.6466 0 0 
11.6501 0 0 
11.6535 0 0 
11.657 0 0 
11.6605 0 0 
11.664 0 0 
11.6675 0 0 
11.671 0 0 
11.6744 0 0 
11.6779 0 0 
11.6814 0 0 
11.6849 0 0 
11.6884 0 0 
11.6919 0 0 
11.6953 0 0 
11.6988 0 0 
11.7023 0 0 
11.7058 0 0 
11.7093 0 0 
11.7127 0 0 
11.7162 0 0 
11.7197 0 0 
11.7232 0 0 
11.7267 0 0 
11.7302 0 0 
11.7336 0 0 
11.7371 0 0 
11.7406 0 0 
11.7441 0 0 
11.7476 0 0 
11.751 0 0 
11.7545 0 0 
11.758 0 0 
11.7615 0 0 
11.765 0 0 
11.7685 0 0 
11.7719 0 0 
11.7754 0 0 
11.7789 0 0 
11.7824 0 0 
11.7859 0 0 
11.7893 0 0 
11.7928 0 0 
11.7963 0 0 
11.7998 0 0 
11.8033 0 0 
11.8068 0 0 
11.8102 0 0 
11.8137 0 0 
11.8172 0 0 
11.8207 0 0 
11.8242 0 0 
11.8277 0 0 
11.8311 0 0 
11.8346 0 0 
11.8381 0 0 
11.8416 0 0 
11.8451 0 0 
11.8485 0 0 
11.852 0 0 
11.8555 0 0 
11.859 0 0 
11.8625 0 0 
11.866 0 0 
11.8694 0 0 
11.8729 0 0 
11.8764 0 0 
11.8799 0 0 
11.8834 0 0 
11.8868 0 0 
11.8903 0 0 
11.8938 0 0 
11.8973 0 0 
11.9008 0 0 
11.9043 0 0 
11.9077 0 0 
11.9112 0 0 
11.9147 0 0 
11.9182 0 0 
11.9217 0 0 
11.9251 0 0 
11.9286 0 0 
11.9321 0 0 
11.9356 0 0 
11.9391 0 0 
11.9426 0 0 
11.946 0 0 
11.9495 0 0 
11.953 0 0 
11.9565 0 0 
11.96 0 0 
11.9634 0 0 
11.9669 0 0 
11.9704 0 0 
11.9739 0 0 
11.9774 0 0 
11.9809 0 0 
11.9843 0 0 
11.9878 0 0 
11.9913 0 0 
11.9948 0 0 
11.9983 0 0 
12.0018 0 0 
12.0052 0 0 
12.0087 0 0 
12.0122 0 0 
12.0157 0 0 
12.0192 0 0 
12.0226 0 0 
12.0261 0 0 
12.0296 0 0 
12.0331 0 0 
12.0366 0 0 
12.0401 0 0 
12.0435 0 0 
12.047 0 0 
12.0505 0 0 
12.054 0 0 
12.0575 0 0 
12.0609 0 0 
12.0644 0 0 
12.0679 0 0 
12.0714 0 0 
12.0749 0 0 
12.0784 0 0 
12.0818 0 0 
12.0853 0 0 
12.0888 0 0 
12.0923 0 0 
12.0958 0 0 
12.0992 0 0 
12.1027 0 0 
12.1062 0 0 
12.1097 0 0 
12.1132 0 0 
12.1167 0 0 
12.1201 0 0 
12.1236 0 0 
12.1271 0 0 
12.1306 0 0 
12.1341 0 0 
12.1376 0 0 
12.141 0 0 
12.1445 0 0 
12.148 0 0 
12.1515 0 0 
12.155 0 0 
12.1584 0 0 
12.1619 0 0 
12.1654 0 0 
12.1689 0 0 
12.1724 0 0 
12.1759 0 0 
12.1793 0 0 
12.1828 0 0 
12.1863 0 0 
12.1898 0 0 
12.1933 0 0 
12.1967 0 0 
12.2002 0 0 
12.2037 0 0 
12.2072 0 0 
12.2107 0 0 
12.2142 0 0 
12.2176 0 0 
12.2211 0 0 
12.2246 0 0 
12.2281 0 0 
12.2316 0 0 
12.235 0 0 
12.2385 0 0 
12.242 0 0 
12.2455 0 0 
12.249 0 0 
12.2525 0 0 
12.2559 0 0 
12.2594 0 0 
12.2629 0 0 
12.2664 0 0 
12.2699 0 0 
12.2734 0 0 
12.2768 0 0 
12.2803 0 0 
12.2838 0 0 
12.2873 0 0 
12.2908 0 0 
12.2942 0 0 
12.2977 0 0 
12.3012 0 0 
12.3047 0 0 
12.3082 0 0 
12.3117 0 0 
12.3151 0 0 
12.3186 0 0 
12.3221 0 0 
12.3256 0 0 
12.3291 0 0 
12.3325 0 0 
12.336 0 0 
12.3395 0 0 
12.343 0 0 
12.3465 0 0 
12.35 0 0 
12.3534 0 0 
12.3569 0 0 
12.3604 0 0 
12.3639 0 0 
12.3674 0 0 
12.3708 0 0 
12.3743 0 0 
12.3778 0 0 
12.3813 0 0 
12.3848 0 0 
12.3883 0 0 
12.3917 0 0 
12.3952 0 0 
12.3987 0 0 
12.4022 0 0 
12.4057 0 0 
12.4091 0 0 
12.4126 0 0 
12.4161 0 0 
12.4196 0 0 
12.4231 0 0 
12.4266 0 0 
12.43 0 0 
12.4335 0 0 
12.437 0 0 
12.4405 0 0 
12.444 0 0 
12.4475 0 0 
12.4509 0 0 
12.4544 0 0 
12.4579 0 0 
12.4614 0 0 
12.4649 0 0 
12.4683 0 0 
12.4718 0 0 
12.4753 0 0 
12.4788 0 0 
12.4823 0 0 
12.4858 0 0 
12.4892 0 0 
12.4927 0 0 
12.4962 0 0 
12.4997 0 0 
12.5032 0 0 
12.5066 0 0 
12.5101 0 0 
12.5136 0 0 
12.5171 0 0 
12.5206 0 0 
12.5241 0 0 
12.5275 0 0 
12.531 0 0 
12.5345 0 0 
12.538 0 0 
12.5415 0 0 
12.5449 0 0 
12.5484 0 0 
12.5519 0 0 
12.5554 0 0 
12.5589 0 0 
12.5624 0 0 
12.5658 0 0 
12.5693 0 0 
12.5728 0 0 
12.5763 0 0 
12.5798 0 0 
12.5833 0 0 
12.5867 0 0 
12.5902 0 0 
12.5937 0 0 
12.5972 0 0 
12.6007 0 0 
12.6041 0 0 
12.6076 0 0 
12.6111 0 0 
12.6146 0 0 
12.6181 0 0 
12.6216 0 0 
12.625 0 0 
12.6285 0 0 
12.632 0 0 
12.6355 0 0 
12.639 0 0 
12.6424 0 0 
12.6459 0 0 
12.6494 0 0 
12.6529 0 0 
12.6564 0 0 
12.6599 0 0 
12.6633 0 0 
12.6668 0 0 
12.6703 0 0 
12.6738 0 0 
12.6773 0 0 
12.6807 0 0 
12.6842 0 0 
12.6877 0 0 
12.6912 0 0 
12.6947 0 0 
12.6982 0 0 
12.7016 0 0 
12.7051 0 0 
12.7086 0 0 
12.7121 0 0 
12.7156 0 0 
12.7191 0 0 
12.7225 0 0 
12.726 0 0 
12.7295 0 0 
12.733 0 0 
12.7365 0 0 
12.7399 0 0 
12.7434 0 0 
12.7469 0 0 
12.7504 0 0 
12.7539 0 0 
12.7574 0 0 
12.7608 0 0 
12.7643 0 0 
12.7678 0 0 
12.7713 0 0 
12.7748 0 0 
12.7782 0 0 
12.7817 0 0 
12.7852 0 0 
12.7887 0 0 
12.7922 0 0 
12.7957 0 0 
12.7991 0 0 
12.8026 0 0 
12.8061 0 0 
12.8096 0 0 
12.8131 0 0 
12.8165 0 0 
12.82 0 0 
12.8235 0 0 
12.827 0 0 
12.8305 0 0 
12.834 0 0 
12.8374 0 0 
12.8409 0 0 
12.8444 0 0 
12.8479 0 0 
12.8514 0 0 
12.8548 0 0 
12.8583 0 0 
12.8618 0 0 
12.8653 0 0 
12.8688 0 0 
12.8723 0 0 
12.8757 0 0 
12.8792 0 0 
12.8827 0 0 
12.8862 0 0 
12.8897 0 0 
12.8932 0 0 
12.8966 0 0 
12.9001 0 0 
12.9036 0 0 
12.9071 0 0 
12.9106 0 0 
12.914 0 0 
12.9175 0 0 
12.921 0 0 
12.9245 0 0 
12.928 0 0 
12.9315 0 0 
12.9349 0 0 
12.9384 0 0 
12.9419 0 0 
12.9454 0 0 
12.9489 0 0 
12.9523 0 0 
12.9558 0 0 
12.9593 0 0 
12.9628 0 0 
12.9663 0 0 
12.9698 0 0 
12.9732 0 0 
12.9767 0 0 
12.9802 0 0 
12.9837 0 0 
12.9872 0 0 
12.9906 0 0 
12.9941 0 0 
12.9976 0 0 
13.0011 0 0 
13.0046 0 0 
13.0081 0 0 
13.0115 0 0 
13.015 0 0 
13.0185 0 0 
13.022 0 0 
13.0255 0 0 
13.029 0 0 
13.0324 0 0 
13.0359 0 0 
13.0394 0 0 
13.0429 0 0 
13.0464 0 0 
13.0498 0 0 
13.0533 0 0 
13.0568 0 0 
13.0603 0 0 
13.0638 0 0 
13.0673 0 0 
13.0707 0 0 
13.0742 0 0 
13.0777 0 0 
13.0812 0 0 
13.0847 0 0 
13.0881 0 0 
13.0916 0 0 
13.0951 0 0 
13.0986 0 0 
13.1021 0 0 
13.1056 0 0 
13.109 0 0 
13.1125 0 0 
13.116 0 0 
13.1195 0 0 
13.123 0 0 
13.1264 0 0 
13.1299 0 0 
13.1334 0 0 
13.1369 0 0 
13.1404 0 0 
13.1439 0 0 
13.1473 0 0 
13.1508 0 0 
13.1543 0 0 
13.1578 0 0 
13.1613 0 0 
13.1647 0 0 
13.1682 0 0 
13.1717 0 0 
13.1752 0 0 
13.1787 0 0 
13.1822 0 0 
13.1856 0 0 
13.1891 0 0 
13.1926 0 0 
13.1961 0 0 
13.1996 0 0 
13.2031 0 0 
13.2065 0 0 
13.21 0 0 
13.2135 0 0 
13.217 0 0 
13.2205 0 0 
13.2239 0 0 
13.2274 0 0 
13.2309 0 0 
13.2344 0 0 
13.2379 0 0 
13.2414 0 0 
13.2448 0 0 
13.2483 0 0 
13.2518 0 0 
13.2553 0 0 
13.2588 0 0 
13.2622 0 0 
13.2657 0 0 
13.2692 0 0 
13.2727 0 0 
13.2762 0 0 
13.2797 0 0 
13.2831 0 0 
13.2866 0 0 
13.2901 0 0 
13.2936 0 0 
13.2971 0 0 
13.3005 0 0 
13.304 0 0 
13.3075 0 0 
13.311 0 0 
13.3145 0 0 
13.318 0 0 
13.3214 0 0 
13.3249 0 0 
13.3284 0 0 
13.3319 0 0 
13.3354 0 0 
13.3389 0 0 
13.3423 0 0 
13.3458 0 0 
13.3493 0 0 
13.3528 0 0 
13.3563 0 0 
13.3597 0 0 
13.3632 0 0 
13.3667 0 0 
13.3702 0 0 
13.3737 0 0 
13.3772 0 0 
13.3806 0 0 
13.3841 0 0 
13.3876 0 0 
13.3911 0 0 
13.3946 0 0 
13.398 0 0 
13.4015 0 0 
13.405 0 0 
13.4085 0 0 
13.412 0 0 
13.4155 0 0 
13.4189 0 0 
13.4224 0 0 
13.4259 0 0 
13.4294 0 0 
13.4329 0 0 
13.4363 0 0 
13.4398 0 0 
13.4433 0 0 
13.4468 0 0 
13.4503 0 0 
13.4538 0 0 
13.4572 0 0 
13.4607 0 0 
13.4642 0 0 
13.4677 0 0 
13.4712 0 0 
13.4747 0 0 
13.4781 0 0 
13.4816 0 0 
13.4851 0 0 
13.4886 0 0 
13.4921 0 0 
13.4955 0 0 
13.499 0 0 
13.5025 0 0 
13.506 0 0 
13.5095 0 0 
13.513 0 0 
13.5164 0 0 
13.5199 0 0 
13.5234 0 0 
13.5269 0 0 
13.5304 0 0 
13.5338 0 0 
13.5373 0 0 
13.5408 0 0 
13.5443 0 0 
13.5478 0 0 
13.5513 0 0 
13.5547 0 0 
13.5582 0 0 
13.5617 0 0 
13.5652 0 0 
13.5687 0 0 
13.5721 0 0 
13.5756 0 0 
13.5791 0 0 
13.5826 0 0 
13.5861 0 0 
13.5896 0 0 
13.593 0 0 
13.5965 0 0 
13.6 0 0 
13.6035 0 0 
13.607 0 0 
13.6104 0 0 
13.6139 0 0 
13.6174 0 0 
13.6209 0 0 
13.6244 0 0 
13.6279 0 0 
13.6313 0 0 
13.6348 0 0 
13.6383 0 0 
13.6418 0 0 
13.6453 0 0 
13.6488 0 0 
13.6522 0 0 
13.6557 0 0 
13.6592 0 0 
13.6627 0 0 
13.6662 0 0 
13.6696 0 0 
13.6731 0 0 
13.6766 0 0 
13.6801 0 0 
13.6836 0 0 
13.6871 0 0 
13.6905 0 0 
13.694 0 0 
13.6975 0 0 
13.701 0 0 
13.7045 0 0 
13.7079 0 0 
13.7114 0 0 
13.7149 0 0 
13.7184 0 0 
13.7219 0 0 
13.7254 0 0 
13.7288 0 0 
13.7323 0 0 
13.7358 0 0 
13.7393 0 0 
13.7428 0 0 
13.7462 0 0 
13.7497 0 0 
13.7532 0 0 
13.7567 0 0 
13.7602 0 0 
13.7637 0 0 
13.7671 0 0 
13.7706 0 0 
13.7741 0 0 
13.7776 0 0 
13.7811 0 0 
13.7846 0 0 
13.788 0 0 
13.7915 0 0 
13.795 0 0 
13.7985 0 0 
13.802 0 0 
13.8054 0 0 
13.8089 0 0 
13.8124 0 0 
13.8159 0 0 
13.8194 0 0 
13.8229 0 0 
13.8263 0 0 
13.8298 0 0 
13.8333 0 0 
13.8368 0 0 
13.8403 0 0 
13.8437 0 0 
13.8472 0 0 
13.8507 0 0 
13.8542 0 0 
13.8577 0 0 
13.8612 0 0 
13.8646 0 0 
13.8681 0 0 
13.8716 0 0 
13.8751 0 0 
13.8786 0 0 
13.882 0 0 
13.8855 0 0 
13.889 0 0 
13.8925 0 0 
13.896 0 0 
13.8995 0 0 
13.9029 0 0 
13.9064 0 0 
13.9099 0 0 
13.9134 0 0 
13.9169 0 0 
13.9203 0 0 
13.9238 0 0 
13.9273 0 0 
13.9308 0 0 
13.9343 0 0 
13.9378 0 0 
13.9412 0 0 
13.9447 0 0 
13.9482 0 0 
13.9517 0 0 
13.9552 0 0 
13.9587 0 0 
13.9621 0 0 
13.9656 0 0 
13.9691 0 0 
13.9726 0 0 
13.9761 0 0 
13.9795 0 0 
13.983 0 0 
13.9865 0 0 
13.99 0 0 
13.9935 0 0 
13.997 0 0 
14.0004 0 0 
14.0039 0 0 
14.0074 0 0 
14.0109 0 0 
14.0144 0 0 
14.0178 0 0 
14.0213 0 0 
14.0248 0 0 
14.0283 0 0 
14.0318 0 0 
14.0353 0 0 
14.0387 0 0 
14.0422 0 0 
14.0457 0 0 
14.0492 0 0 
14.0527 0 0 
14.0561 0 0 
14.0596 0 0 
14.0631 0 0 
14.0666 0 0 
14.0701 0 0 
14.0736 0 0 
14.077 0 0 
14.0805 0 0 
14.084 0 0 
14.0875 0 0 
14.091 0 0 
14.0945 0 0 
14.0979 0 0 
14.1014 0 0 
14.1049 0 0 
14.1084 0 0 
14.1119 0 0 
14.1153 0 0 
14.1188 0 0 
14.1223 0 0 
14.1258 0 0 
14.1293 0 0 
14.1328 0 0 
14.1362 0 0 
14.1397 0 0 
14.1432 0 0 
14.1467 0 0 
14.1502 0 0 
14.1536 0 0 
14.1571 0 0 
14.1606 0 0 
14.1641 0 0 
14.1676 0 0 
14.1711 0 0 
14.1745 0 0 
14.178 0 0 
14.1815 0 0 
14.185 0 0 
14.1885 0 0 
14.1919 0 0 
14.1954 0 0 
14.1989 0 0 
14.2024 0 0 
14.2059 0 0 
14.2094 0 0 
14.2128 0 0 
14.2163 0 0 
14.2198 0 0 
14.2233 0 0 
14.2268 0 0 
14.2303 0 0 
14.2337 0 0 
14.2372 0 0 
14.2407 0 0 
14.2442 0 0 
14.2477 0 0 
14.2511 0 0 
14.2546 0 0 
14.2581 0 0 
14.2616 0 0 
14.2651 0 0 
14.2686 0 0 
14.272 0 0 
14.2755 0 0 
14.279 0 0 
14.2825 0 0 
14.286 0 0 
14.2894 0 0 
14.2929 0 0 
14.2964 0 0 
14.2999 0 0 
14.3034 0 0 
14.3069 0 0 
14.3103 0 0 
14.3138 0 0 
14.3173 0 0 
14.3208 0 0 
14.3243 0 0 
14.3277 0 0 
14.3312 0 0 
14.3347 0 0 
14.3382 0 0 
14.3417 0 0 
14.3452 0 0 
14.3486 0 0 
14.3521 0 0 
14.3556 0 0 
14.3591 0 0 
14.3626 0 0 
14.366 0 0 
14.3695 0 0 
14.373 0 0 
14.3765 0 0 
14.38 0 0 
14.3835 0 0 
14.3869 0 0 
14.3904 0 0 
14.3939 0 0 
14.3974 0 0 
14.4009 0 0 
14.4044 0 0 
14.4078 0 0 
14.4113 0 0 
14.4148 0 0 
14.4183 0 0 
14.4218 0 0 
14.4252 0 0 
14.4287 0 0 
14.4322 0 0 
14.4357 0 0 
14.4392 0 0 
14.4427 0 0 
14.4461 0 0 
14.4496 0 0 
14.4531 0 0 
14.4566 0 0 
14.4601 0 0 
14.4635 0 0 
14.467 0 0 
14.4705 0 0 
14.474 0 0 
14.4775 0 0 
14.481 0 0 
14.4844 0 0 
14.4879 0 0 
14.4914 0 0 
14.4949 0 0 
14.4984 0 0 
14.5018 0 0 
14.5053 0 0 
14.5088 0 0 
14.5123 0 0 
14.5158 0 0 
14.5193 0 0 
14.5227 0 0 
14.5262 0 0 
14.5297 0 0 
14.5332 0 0 
14.5367 0 0 
14.5402 0 0 
14.5436 0 0 
14.5471 0 0 
14.5506 0 0 
14.5541 0 0 
14.5576 0 0 
14.561 0 0 
14.5645 0 0 
14.568 0 0 
14.5715 0 0 
14.575 0 0 
14.5785 0 0 
14.5819 0 0 
14.5854 0 0 
14.5889 0 0 
14.5924 0 0 
14.5959 0 0 
14.5993 0 0 
14.6028 0 0 
14.6063 0 0 
14.6098 0 0 
14.6133 0 0 
14.6168 0 0 
14.6202 0 0 
14.6237 0 0 
14.6272 0 0 
14.6307 0 0 
14.6342 0 0 
14.6376 0 0 
14.6411 0 0 
14.6446 0 0 
14.6481 0 0 
14.6516 0 0 
14.6551 0 0 
14.6585 0 0 
14.662 0 0 
14.6655 0 0 
14.669 0 0 
14.6725 0 0 
14.6759 0 0 
14.6794 0 0 
14.6829 0 0 
14.6864 0 0 
14.6899 0 0 
14.6934 0 0 
14.6968 0 0 
14.7003 0 0 
14.7038 0 0 
14.7073 0 0 
14.7108 0 0 
14.7143 0 0 
14.7177 0 0 
14.7212 0 0 
14.7247 0 0 
14.7282 0 0 
14.7317 0 0 
14.7351 0 0 
14.7386 0 0 
14.7421 0 0 
14.7456 0 0 
14.7491 0 0 
14.7526 0 0 
14.756 0 0 
14.7595 0 0 
14.763 0 0 
14.7665 0 0 
14.77 0 0 
14.7734 0 0 
14.7769 0 0 
14.7804 0 0 
14.7839 0 0 
14.7874 0 0 
14.7909 0 0 
14.7943 0 0 
14.7978 0 0 
14.8013 0 0 
14.8048 0 0 
14.8083 0 0 
14.8117 0 0 
14.8152 0 0 
14.8187 0 0 
14.8222 0 0 
14.8257 0 0 
14.8292 0 0 
14.8326 0 0 
14.8361 0 0 
14.8396 0 0 
14.8431 0 0 
14.8466 0 0 
14.8501 0 0 
14.8535 0 0 
14.857 0 0 
14.8605 0 0 
14.864 0 0 
14.8675 0 0 
14.8709 0 0 
14.8744 0 0 
14.8779 0 0 
14.8814 0 0 
14.8849 0 0 
14.8884 0 0 
14.8918 0 0 
14.8953 0 0 
14.8988 0 0 
14.9023 0 0 
14.9058 0 0 
14.9092 0 0 
14.9127 0 0 
14.9162 0 0 
14.9197 0 0 
14.9232 0 0 
14.9267 0 0 
14.9301 0 0 
14.9336 0 0 
14.9371 0 0 
14.9406 0 0 
14.9441 0 0 
14.9475 0 0 
14.951 0 0 
14.9545 0 0 
14.958 0 0 
14.9615 0 0 
14.965 0 0 
14.9684 0 0 
14.9719 0 0 
14.9754 0 0 
14.9789 0 0 
14.9824 0 0 
14.9859 0 0 
14.9893 0 0 
14.9928 0 0 
14.9963 0 0 
14.9998 0 0 
15.0033 0 0 
15.0067 0 0 
15.0102 0 0 
15.0137 0 0 
15.0172 0 0 
15.0207 0 0 
15.0242 0 0 
15.0276 0 0 
15.0311 0 0 
15.0346 0 0 
15.0381 0 0 
15.0416 0 0 
15.045 0 0 
15.0485 0 0 
15.052 0 0 
15.0555 0 0 
15.059 0 0 
15.0625 0 0 
15.0659 0 0 
15.0694 0 0 
15.0729 0 0 
15.0764 0 0 
15.0799 0 0 
15.0833 0 0 
15.0868 0 0 
15.0903 0 0 
15.0938 0 0 
15.0973 0 0 
15.1008 0 0 
15.1042 0 0 
15.1077 0 0 
15.1112 0 0 
15.1147 0 0 
15.1182 0 0 
15.1216 0 0 
15.1251 0 0 
15.1286 0 0 
15.1321 0 0 
15.1356 0 0 
15.1391 0 0 
15.1425 0 0 
15.146 0 0 
15.1495 0 0 
15.153 0 0 
15.1565 0 0 
15.16 0 0 
15.1634 0 0 
15.1669 0 0 
15.1704 0 0 
15.1739 0 0 
15.1774 0 0 
15.1808 0 0 
15.1843 0 0 
15.1878 0 0 
15.1913 0 0 
15.1948 0 0 
15.1983 0 0 
15.2017 0 0 
15.2052 0 0 
15.2087 0 0 
15.2122 0 0 
15.2157 0 0 
15.2191 0 0 
15.2226 0 0 
15.2261 0 0 
15.2296 0 0 
15.2331 0 0 
15.2366 0 0 
15.24 0 0 
15.2435 0 0 
15.247 0 0 
15.2505 0 0 
15.254 0 0 
15.2574 0 0 
15.2609 0 0 
15.2644 0 0 
15.2679 0 0 
15.2714 0 0 
15.2749 0 0 
15.2783 0 0 
15.2818 0 0 
15.2853 0 0 
15.2888 0 0 
15.2923 0 0 
15.2958 0 0 
15.2992 0 0 
15.3027 0 0 
15.3062 0 0 
15.3097 0 0 
15.3132 0 0 
15.3166 0 0 
15.3201 0 0 
15.3236 0 0 
15.3271 0 0 
15.3306 0 0 
15.3341 0 0 
15.3375 0 0 
15.341 0 0 
15.3445 0 0 
15.348 0 0 
15.3515 0 0 
15.3549 0 0 
15.3584 0 0 
15.3619 0 0 
15.3654 0 0 
15.3689 0 0 
15.3724 0 0 
15.3758 0 0 
15.3793 0 0 
15.3828 0 0 
15.3863 0 0 
15.3898 0 0 
15.3932 0 0 
15.3967 0 0 
15.4002 0 0 
15.4037 0 0 
15.4072 0 0 
15.4107 0 0 
15.4141 0 0 
15.4176 0 0 
15.4211 0 0 
15.4246 0 0 
15.4281 0 0 
15.4315 0 0 
15.435 0 0 
15.4385 0 0 
15.442 0 0 
15.4455 0 0 
15.449 0 0 
15.4524 0 0 
15.4559 0 0 
15.4594 0 0 
15.4629 0 0 
15.4664 0 0 
15.4699 0 0 
15.4733 0 0 
15.4768 0 0 
15.4803 0 0 
15.4838 0 0 
15.4873 0 0 
15.4907 0 0 
15.4942 0 0 
15.4977 0 0 
15.5012 0 0 
15.5047 0 0 
15.5082 0 0 
15.5116 0 0 
15.5151 0 0 
15.5186 0 0 
15.5221 0 0 
15.5256 0 0 
15.529 0 0 
15.5325 0 0 
15.536 0 0 
15.5395 0 0 
15.543 0 0 
15.5465 0 0 
15.5499 0 0 
15.5534 0 0 
15.5569 0 0 
15.5604 0 0 
15.5639 0 0 
15.5673 0 0 
15.5708 0 0 
15.5743 0 0 
15.5778 0 0 
15.5813 0 0 
15.5848 0 0 
15.5882 0 0 
15.5917 0 0 
15.5952 0 0 
15.5987 0 0 
15.6022 0 0 
15.6057 0 0 
15.6091 0 0 
15.6126 0 0 
15.6161 0 0 
15.6196 0 0 
15.6231 0 0 
15.6265 0 0 
15.63 0 0 
15.6335 0 0 
15.637 0 0 
15.6405 0 0 
15.644 0 0 
15.6474 0 0 
15.6509 0 0 
15.6544 0 0 
15.6579 0 0 
15.6614 0 0 
15.6648 0 0 
15.6683 0 0 
15.6718 0 0 
15.6753 0 0 
15.6788 0 0 
15.6823 0 0 
15.6857 0 0 
15.6892 0 0 
15.6927 0 0 
15.6962 0 0 
15.6997 0 0 
15.7031 0 0 
15.7066 0 0 
15.7101 0 0 
15.7136 0 0 
15.7171 0 0 
15.7206 0 0 
15.724 0 0 
15.7275 0 0 
15.731 0 0 
15.7345 0 0 
15.738 0 0 
15.7415 0 0 
15.7449 0 0 
15.7484 0 0 
15.7519 0 0 
15.7554 0 0 
15.7589 0 0 
15.7623 0 0 
15.7658 0 0 
15.7693 0 0 
15.7728 0 0 
15.7763 0 0 
15.7798 0 0 
15.7832 0 0 
15.7867 0 0 
15.7902 0 0 
15.7937 0 0 
15.7972 0 0 
15.8006 0 0 
15.8041 0 0 
15.8076 0 0 
15.8111 0 0 
15.8146 0 0 
15.8181 0 0 
15.8215 0 0 
15.825 0 0 
15.8285 0 0 
15.832 0 0 
15.8355 0 0 
15.8389 0 0 
15.8424 0 0 
15.8459 0 0 
15.8494 0 0 
15.8529 0 0 
15.8564 0 0 
15.8598 0 0 
15.8633 0 0 
15.8668 0 0 
15.8703 0 0 
15.8738 0 0 
15.8772 0 0 
15.8807 0 0 
15.8842 0 0 
15.8877 0 0 
15.8912 0 0 
15.8947 0 0 
15.8981 0 0 
15.9016 0 0 
15.9051 0 0 
15.9086 0 0 
15.9121 0 0 
15.9156 0 0 
15.919 0 0 
15.9225 0 0 
15.926 0 0 
15.9295 0 0 
15.933 0 0 
15.9364 0 0 
15.9399 0 0 
15.9434 0 0 
15.9469 0 0 
15.9504 0 0 
15.9539 0 0 
15.9573 0 0 
15.9608 0 0 
15.9643 0 0 
15.9678 0 0 
15.9713 0 0 
15.9747 0 0 
15.9782 0 0 
15.9817 0 0 
15.9852 0 0 
15.9887 0 0 
15.9922 0 0 
15.9956 0 0 
15.9991 0 0 
16.0026 0 0 
16.0061 0 0 
16.0096 0 0 
16.013 0 0 
16.0165 0 0 
16.02 0 0 
16.0235 0 0 
16.027 0 0 
16.0305 0 0 
16.0339 0 0 
16.0374 0 0 
16.0409 0 0 
16.0444 0 0 
16.0479 0 0 
16.0514 0 0 
16.0548 0 0 
16.0583 0 0 
16.0618 0 0 
16.0653 0 0 
16.0688 0 0 
16.0722 0 0 
16.0757 0 0 
16.0792 0 0 
16.0827 0 0 
16.0862 0 0 
16.0897 0 0 
16.0931 0 0 
16.0966 0 0 
16.1001 0 0 
16.1036 0 0 
16.1071 0 0 
16.1105 0 0 
16.114 0 0 
16.1175 0 0 
16.121 0 0 
16.1245 0 0 
16.128 0 0 
16.1314 0 0 
16.1349 0 0 
16.1384 0 0 
16.1419 0 0 
16.1454 0 0 
16.1488 0 0 
16.1523 0 0 
16.1558 0 0 
16.1593 0 0 
16.1628 0 0 
16.1663 0 0 
16.1697 0 0 
16.1732 0 0 
16.1767 0 0 
16.1802 0 0 
16.1837 0 0 
16.1872 0 0 
16.1906 0 0 
16.1941 0 0 
16.1976 0 0 
16.2011 0 0 
16.2046 0 0 
16.208 0 0 
16.2115 0 0 
16.215 0 0 
16.2185 0 0 
16.222 0 0 
16.2255 0 0 
16.2289 0 0 
16.2324 0 0 
16.2359 0 0 
16.2394 0 0 
16.2429 0 0 
16.2463 0 0 
16.2498 0 0 
16.2533 0 0 
16.2568 0 0 
16.2603 0 0 
16.2638 0 0 
16.2672 0 0 
16.2707 0 0 
16.2742 0 0 
16.2777 0 0 
16.2812 0 0 
16.2846 0 0 
16.2881 0 0 
16.2916 0 0 
16.2951 0 0 
16.2986 0 0 
16.3021 0 0 
16.3055 0 0 
16.309 0 0 
16.3125 0 0 
16.316 0 0 
16.3195 0 0 
16.3229 0 0 
16.3264 0 0 
16.3299 0 0 
16.3334 0 0 
16.3369 0 0 
16.3404 0 0 
16.3438 0 0 
16.3473 0 0 
16.3508 0 0 
16.3543 0 0 
16.3578 0 0 
16.3613 0 0 
16.3647 0 0 
16.3682 0 0 
16.3717 0 0 
16.3752 0 0 
16.3787 0 0 
16.3821 0 0 
16.3856 0 0 
16.3891 0 0 
16.3926 0 0 
16.3961 0 0 
16.3996 0 0 
16.403 0 0 
16.4065 0 0 
16.41 0 0 
16.4135 0 0 
16.417 0 0 
16.4204 0 0 
16.4239 0 0 
16.4274 0 0 
16.4309 0 0 
16.4344 0 0 
16.4379 0 0 
16.4413 0 0 
16.4448 0 0 
16.4483 0 0 
16.4518 0 0 
16.4553 0 0 
16.4587 0 0 
16.4622 0 0 
16.4657 0 0 
16.4692 0 0 
16.4727 0 0 
16.4762 0 0 
16.4796 0 0 
16.4831 0 0 
16.4866 0 0 
16.4901 0 0 
16.4936 0 0 
16.4971 0 0 
16.5005 0 0 
16.504 0 0 
16.5075 0 0 
16.511 0 0 
16.5145 0 0 
16.5179 0 0 
16.5214 0 0 
16.5249 0 0 
16.5284 0 0 
16.5319 0 0 
16.5354 0 0 
16.5388 0 0 
16.5423 0 0 
16.5458 0 0 
16.5493 0 0 
16.5528 0 0 
16.5562 0 0 
16.5597 0 0 
16.5632 0 0 
16.5667 0 0 
16.5702 0 0 
16.5737 0 0 
16.5771 0 0 
16.5806 0 0 
16.5841 0 0 
16.5876 0 0 
16.5911 0 0 
16.5945 0 0 
16.598 0 0 
16.6015 0 0 
16.605 0 0 
16.6085 0 0 
16.612 0 0 
16.6154 0 0 
16.6189 0 0 
16.6224 0 0 
16.6259 0 0 
16.6294 0 0 
16.6328 0 0 
16.6363 0 0 
16.6398 0 0 
16.6433 0 0 
16.6468 0 0 
16.6503 0 0 
16.6537 0 0 
16.6572 0 0 
16.6607 0 0 
16.6642 0 0 
16.6677 0 0 
16.6712 0 0 
16.6746 0 0 
16.6781 0 0 
16.6816 0 0 
16.6851 0 0 
16.6886 0 0 
16.692 0 0 
16.6955 0 0 
16.699 0 0 
16.7025 0 0 
16.706 0 0 
16.7095 0 0 
16.7129 0 0 
16.7164 0 0 
16.7199 0 0 
16.7234 0 0 
16.7269 0 0 
16.7303 0 0 
16.7338 0 0 
16.7373 0 0 
16.7408 0 0 
16.7443 0 0 
16.7478 0 0 
16.7512 0 0 
16.7547 0 0 
16.7582 0 0 
16.7617 0 0 
16.7652 0 0 
16.7686 0 0 
16.7721 0 0 
16.7756 0 0 
16.7791 0 0 
16.7826 0 0 
16.7861 0 0 
16.7895 0 0 
16.793 0 0 
16.7965 0 0 
16.8 0 0 
16.8035 0 0 
16.807 0 0 
16.8104 0 0 
16.8139 0 0 
16.8174 0 0 
16.8209 0 0 
16.8244 0 0 
16.8278 0 0 
16.8313 0 0 
16.8348 0 0 
16.8383 0 0 
16.8418 0 0 
16.8453 0 0 
16.8487 0 0 
16.8522 0 0 
16.8557 0 0 
16.8592 0 0 
16.8627 0 0 
16.8661 0 0 
16.8696 0 0 
16.8731 0 0 
16.8766 0 0 
16.8801 0 0 
16.8836 0 0 
16.887 0 0 
16.8905 0 0 
16.894 0 0 
16.8975 0 0 
16.901 0 0 
16.9044 0 0 
16.9079 0 0 
16.9114 0 0 
16.9149 0 0 
16.9184 0 0 
16.9219 0 0 
16.9253 0 0 
16.9288 0 0 
16.9323 0 0 
16.9358 0 0 
16.9393 0 0 
16.9428 0 0 
16.9462 0 0 
16.9497 0 0 
16.9532 0 0 
16.9567 0 0 
16.9602 0 0 
16.9636 0 0 
16.9671 0 0 
16.9706 0 0 
16.9741 0 0 
16.9776 0 0 
16.9811 0 0 
16.9845 0 0 
16.988 0 0 
16.9915 0 0 
16.995 0 0 
16.9985 0 0 
17.0019 0 0 
17.0054 0 0 
17.0089 0 0 
17.0124 0 0 
17.0159 0 0 
17.0194 0 0 
17.0228 0 0 
17.0263 0 0 
17.0298 0 0 
17.0333 0 0 
17.0368 0 0 
17.0402 0 0 
17.0437 0 0 
17.0472 0 0 
17.0507 0 0 
17.0542 0 0 
17.0577 0 0 
17.0611 0 0 
17.0646 0 0 
17.0681 0 0 
17.0716 0 0 
17.0751 0 0 
17.0785 0 0 
17.082 0 0 
17.0855 0 0 
17.089 0 0 
17.0925 0 0 
17.096 0 0 
17.0994 0 0 
17.1029 0 0 
17.1064 0 0 
17.1099 0 0 
17.1134 0 0 
17.1169 0 0 
17.1203 0 0 
17.1238 0 0 
17.1273 0 0 
17.1308 0 0 
17.1343 0 0 
17.1377 0 0 
17.1412 0 0 
17.1447 0 0 
17.1482 0 0 
17.1517 0 0 
17.1552 0 0 
17.1586 0 0 
17.1621 0 0 
17.1656 0 0 
17.1691 0 0 
17.1726 0 0 
17.176 0 0 
17.1795 0 0 
17.183 0 0 
17.1865 0 0 
17.19 0 0 
17.1935 0 0 
17.1969 0 0 
17.2004 0 0 
17.2039 0 0 
17.2074 0 0 
17.2109 0 0 
17.2143 0 0 
17.2178 0 0 
17.2213 0 0 
17.2248 0 0 
17.2283 0 0 
17.2318 0 0 
17.2352 0 0 
17.2387 0 0 
17.2422 0 0 
17.2457 0 0 
17.2492 0 0 
17.2527 0 0 
17.2561 0 0 
17.2596 0 0 
17.2631 0 0 
17.2666 0 0 
17.2701 0 0 
17.2735 0 0 
17.277 0 0 
17.2805 0 0 
17.284 0 0 
17.2875 0 0 
17.291 0 0 
17.2944 0 0 
17.2979 0 0 
17.3014 0 0 
17.3049 0 0 
17.3084 0 0 
17.3118 0 0 
17.3153 0 0 
17.3188 0 0 
17.3223 0 0 
17.3258 0 0 
17.3293 0 0 
17.3327 0 0 
17.3362 0 0 
17.3397 0 0 
17.3432 0 0 
17.3467 0 0 
17.3501 0 0 
17.3536 0 0 
17.3571 0 0 
17.3606 0 0 
17.3641 0 0 
17.3676 0 0 
17.371 0 0 
17.3745 0 0 
17.378 0 0 
17.3815 0 0 
17.385 0 0 
17.3884 0 0 
17.3919 0 0 
17.3954 0 0 
17.3989 0 0 
17.4024 0 0 
17.4059 0 0 
17.4093 0 0 
17.4128 0 0 
17.4163 0 0 
17.4198 0 0 
17.4233 0 0 
17.4268 0 0 
17.4302 0 0 
17.4337 0 0 
17.4372 0 0 
17.4407 0 0 
17.4442 0 0 
17.4476 0 0 
17.4511 0 0 
17.4546 0 0 
17.4581 0 0 
17.4616 0 0 
17.4651 0 0 
17.4685 0 0 
17.472 0 0 
17.4755 0 0 
17.479 0 0 
17.4825 0 0 
17.4859 0 0 
17.4894 0 0 
17.4929 0 0 
17.4964 0 0 
17.4999 0 0 
17.5034 0 0 
17.5068 0 0 
17.5103 0 0 
17.5138 0 0 
17.5173 0 0 
17.5208 0 0 
17.5242 0 0 
17.5277 0 0 
17.5312 0 0 
17.5347 0 0 
17.5382 0 0 
17.5417 0 0 
17.5451 0 0 
17.5486 0 0 
17.5521 0 0 
17.5556 0 0 
17.5591 0 0 
17.5626 0 0 
17.566 0 0 
17.5695 0 0 
17.573 0 0 
17.5765 0 0 
17.58 0 0 
17.5834 0 0 
17.5869 0 0 
17.5904 0 0 
17.5939 0 0 
17.5974 0 0 
17.6009 0 0 
17.6043 0 0 
17.6078 0 0 
17.6113 0 0 
17.6148 0 0 
17.6183 0 0 
17.6217 0 0 
17.6252 0 0 
17.6287 0 0 
17.6322 0 0 
17.6357 0 0 
17.6392 0 0 
17.6426 0 0 
17.6461 0 0 
17.6496 0 0 
17.6531 0 0 
17.6566 0 0 
17.66 0 0 
17.6635 0 0 
17.667 0 0 
17.6705 0 0 
17.674 0 0 
17.6775 0 0 
17.6809 0 0 
17.6844 0 0 
17.6879 0 0 
17.6914 0 0 
17.6949 0 0 
17.6984 0 0 
17.7018 0 0 
17.7053 0 0 
17.7088 0 0 
17.7123 0 0 
17.7158 0 0 
17.7192 0 0 
17.7227 0 0 
17.7262 0 0 
17.7297 0 0 
17.7332 0 0 
17.7367 0 0 
17.7401 0 0 
17.7436 0 0 
17.7471 0 0 
17.7506 0 0 
17.7541 0 0 
17.7575 0 0 
17.761 0 0 
17.7645 0 0 
17.768 0 0 
17.7715 0 0 
17.775 0 0 
17.7784 0 0 
17.7819 0 0 
17.7854 0 0 
17.7889 0 0 
17.7924 0 0 
17.7958 0 0 
17.7993 0 0 
17.8028 0 0 
17.8063 0 0 
17.8098 0 0 
17.8133 0 0 
17.8167 0 0 
17.8202 0 0 
17.8237 0 0 
17.8272 0 0 
17.8307 0 0 
17.8341 0 0 
17.8376 0 0 
17.8411 0 0 
17.8446 0 0 
17.8481 0 0 
17.8516 0 0 
17.855 0 0 
17.8585 0 0 
17.862 0 0 
17.8655 0 0 
17.869 0 0 
17.8725 0 0 
17.8759 0 0 
17.8794 0 0 
17.8829 0 0 
17.8864 0 0 
17.8899 0 0 
17.8933 0 0 
17.8968 0 0 
17.9003 0 0 
17.9038 0 0 
17.9073 0 0 
17.9108 0 0 
17.9142 0 0 
17.9177 0 0 
17.9212 0 0 
17.9247 0 0 
17.9282 0 0 
17.9316 0 0 
17.9351 0 0 
17.9386 0 0 
17.9421 0 0 
17.9456 0 0 
17.9491 0 0 
17.9525 0 0 
17.956 0 0 
17.9595 0 0 
17.963 0 0 
17.9665 0 0 
17.9699 0 0 
17.9734 0 0 
17.9769 0 0 
17.9804 0 0 
17.9839 0 0 
17.9874 0 0 
17.9908 0 0 
17.9943 0 0 
17.9978 0 0 
18.0013 0 0 
18.0048 0 0 
18.0083 0 0 
18.0117 0 0 
18.0152 0 0 
18.0187 0 0 
18.0222 0 0 
18.0257 0 0 
18.0291 0 0 
18.0326 0 0 
18.0361 0 0 
18.0396 0 0 
18.0431 0 0 
18.0466 0 0 
18.05 0 0 
18.0535 0 0 
18.057 0 0 
18.0605 0 0 
18.064 0 0 
18.0674 0 0 
18.0709 0 0 
18.0744 0 0 
18.0779 0 0 
18.0814 0 0 
18.0849 0 0 
18.0883 0 0 
18.0918 0 0 
18.0953 0 0 
18.0988 0 0 
18.1023 0 0 
18.1057 0 0 
18.1092 0 0 
18.1127 0 0 
18.1162 0 0 
18.1197 0 0 
18.1232 0 0 
18.1266 0 0 
18.1301 0 0 
18.1336 0 0 
18.1371 0 0 
18.1406 0 0 
18.144 0 0 
18.1475 0 0 
18.151 0 0 
18.1545 0 0 
18.158 0 0 
18.1615 0 0 
18.1649 0 0 
18.1684 0 0 
18.1719 0 0 
18.1754 0 0 
18.1789 0 0 
18.1824 0 0 
18.1858 0 0 
18.1893 0 0 
18.1928 0 0 
18.1963 0 0 
18.1998 0 0 
18.2032 0 0 
18.2067 0 0 
18.2102 0 0 
18.2137 0 0 
18.2172 0 0 
18.2207 0 0 
18.2241 0 0 
18.2276 0 0 
18.2311 0 0 
18.2346 0 0 
18.2381 0 0 
18.2415 0 0 
18.245 0 0 
18.2485 0 0 
18.252 0 0 
18.2555 0 0 
18.259 0 0 
18.2624 0 0 
18.2659 0 0 
18.2694 0 0 
18.2729 0 0 
18.2764 0 0 
18.2798 0 0 
18.2833 0 0 
18.2868 0 0 
18.2903 0 0 
18.2938 0 0 
18.2973 0 0 
18.3007 0 0 
18.3042 0 0 
18.3077 0 0 
18.3112 0 0 
18.3147 0 0 
18.3182 0 0 
18.3216 0 0 
18.3251 0 0 
18.3286 0 0 
18.3321 0 0 
18.3356 0 0 
18.339 0 0 
18.3425 0 0 
18.346 0 0 
18.3495 0 0 
18.353 0 0 
18.3565 0 0 
18.3599 0 0 
18.3634 0 0 
18.3669 0 0 
18.3704 0 0 
18.3739 0 0 
18.3773 0 0 
18.3808 0 0 
18.3843 0 0 
18.3878 0 0 
18.3913 0 0 
18.3948 0 0 
18.3982 0 0 
18.4017 0 0 
18.4052 0 0 
18.4087 0 0 
18.4122 0 0 
18.4156 0 0 
18.4191 0 0 
18.4226 0 0 
18.4261 0 0 
18.4296 0 0 
18.4331 0 0 
18.4365 0 0 
18.44 0 0 
18.4435 0 0 
18.447 0 0 
18.4505 0 0 
18.454 0 0 
18.4574 0 0 
18.4609 0 0 
18.4644 0 0 
18.4679 0 0 
18.4714 0 0 
18.4748 0 0 
18.4783 0 0 
18.4818 0 0 
18.4853 0 0 
18.4888 0 0 
18.4923 0 0 
18.4957 0 0 
18.4992 0 0 
18.5027 0 0 
18.5062 0 0 
18.5097 0 0 
18.5131 0 0 
18.5166 0 0 
18.5201 0 0 
18.5236 0 0 
18.5271 0 0 
18.5306 0 0 
18.534 0 0 
18.5375 0 0 
18.541 0 0 
18.5445 0 0 
18.548 0 0 
18.5514 0 0 
18.5549 0 0 
18.5584 0 0 
18.5619 0 0 
18.5654 0 0 
18.5689 0 0 
18.5723 0 0 
18.5758 0 0 
18.5793 0 0 
18.5828 0 0 
18.5863 0 0 
18.5897 0 0 
18.5932 0 0 
18.5967 0 0 
18.6002 0 0 
18.6037 0 0 
18.6072 0 0 
18.6106 0 0 
18.6141 0 0 
18.6176 0 0 
18.6211 0 0 
18.6246 0 0 
18.6281 0 0 
18.6315 0 0 
18.635 0 0 
18.6385 0 0 
18.642 0 0 
18.6455 0 0 
18.6489 0 0 
18.6524 0 0 
18.6559 0 0 
18.6594 0 0 
18.6629 0 0 
18.6664 0 0 
18.6698 0 0 
18.6733 0 0 
18.6768 0 0 
18.6803 0 0 
18.6838 0 0 
18.6872 0 0 
18.6907 0 0 
18.6942 0 0 
18.6977 0 0 
18.7012 0 0 
18.7047 0 0 
18.7081 0 0 
18.7116 0 0 
18.7151 0 0 
18.7186 0 0 
18.7221 0 0 
18.7255 0 0 
18.729 0 0 
18.7325 0 0 
18.736 0 0 
18.7395 0 0 
18.743 0 0 
18.7464 0 0 
18.7499 0 0 
18.7534 0 0 
18.7569 0 0 
18.7604 0 0 
18.7639 0 0 
18.7673 0 0 
18.7708 0 0 
18.7743 0 0 
18.7778 0 0 
18.7813 0 0 
18.7847 0 0 
18.7882 0 0 
18.7917 0 0 
18.7952 0 0 
18.7987 0 0 
18.8022 0 0 
18.8056 0 0 
18.8091 0 0 
18.8126 0 0 
18.8161 0 0 
18.8196 0 0 
18.823 0 0 
18.8265 0 0 
18.83 0 0 
18.8335 0 0 
18.837 0 0 
18.8405 0 0 
18.8439 0 0 
18.8474 0 0 
18.8509 0 0 
18.8544 0 0 
18.8579 0 0 
18.8613 0 0 
18.8648 0 0 
18.8683 0 0 
18.8718 0 0 
18.8753 0 0 
18.8788 0 0 
18.8822 0 0 
18.8857 0 0 
18.8892 0 0 
18.8927 0 0 
18.8962 0 0 
18.8996 0 0 
18.9031 0 0 
18.9066 0 0 
18.9101 0 0 
18.9136 0 0 
18.9171 0 0 
18.9205 0 0 
18.924 0 0 
18.9275 0 0 
18.931 0 0 
18.9345 0 0 
18.938 0 0 
18.9414 0 0 
18.9449 0 0 
18.9484 0 0 
18.9519 0 0 
18.9554 0 0 
18.9588 0 0 
18.9623 0 0 
18.9658 0 0 
18.9693 0 0 
18.9728 0 0 
18.9763 0 0 
18.9797 0 0 
18.9832 0 0 
18.9867 0 0 
18.9902 0 0 
18.9937 0 0 
18.9971 0 0 
19.0006 0 0 
19.0041 0 0 
19.0076 0 0 
19.0111 0 0 
19.0146 0 0 
19.018 0 0 
19.0215 0 0 
19.025 0 0 
19.0285 0 0 
19.032 0 0 
19.0354 0 0 
19.0389 0 0 
19.0424 0 0 
19.0459 0 0 
19.0494 0 0 
19.0529 0 0 
19.0563 0 0 
19.0598 0 0 
19.0633 0 0 
19.0668 0 0 
19.0703 0 0 
19.0738 0 0 
19.0772 0 0 
19.0807 0 0 
19.0842 0 0 
19.0877 0 0 
19.0912 0 0 
19.0946 0 0 
19.0981 0 0 
19.1016 0 0 
19.1051 0 0 
19.1086 0 0 
19.1121 0 0 
19.1155 0 0 
19.119 0 0 
19.1225 0 0 
19.126 0 0 
19.1295 0 0 
19.1329 0 0 
19.1364 0 0 
19.1399 0 0 
19.1434 0 0 
19.1469 0 0 
19.1504 0 0 
19.1538 0 0 
19.1573 0 0 
19.1608 0 0 
19.1643 0 0 
19.1678 0 0 
19.1712 0 0 
19.1747 0 0 
19.1782 0 0 
19.1817 0 0 
19.1852 0 0 
19.1887 0 0 
19.1921 0 0 
19.1956 0 0 
19.1991 0 0 
19.2026 0 0 
19.2061 0 0 
19.2096 0 0 
19.213 0 0 
19.2165 0 0 
19.22 0 0 
19.2235 0 0 
19.227 0 0 
19.2304 0 0 
19.2339 0 0 
19.2374 0 0 
19.2409 0 0 
19.2444 0 0 
19.2479 0 0 
19.2513 0 0 
19.2548 0 0 
19.2583 0 0 
19.2618 0 0 
19.2653 0 0 
19.2687 0 0 
19.2722 0 0 
19.2757 0 0 
19.2792 0 0 
19.2827 0 0 
19.2862 0 0 
19.2896 0 0 
19.2931 0 0 
19.2966 0 0 
19.3001 0 0 
19.3036 0 0 
19.307 0 0 
19.3105 0 0 
19.314 0 0 
19.3175 0 0 
19.321 0 0 
19.3245 0 0 
19.3279 0 0 
19.3314 0 0 
19.3349 0 0 
19.3384 0 0 
19.3419 0 0 
19.3453 0 0 
19.3488 0 0 
19.3523 0 0 
19.3558 0 0 
19.3593 0 0 
19.3628 0 0 
19.3662 0 0 
19.3697 0 0 
19.3732 0 0 
19.3767 0 0 
19.3802 0 0 
19.3837 0 0 
19.3871 0 0 
19.3906 0 0 
19.3941 0 0 
19.3976 0 0 
19.4011 0 0 
19.4045 0 0 
19.408 0 0 
19.4115 0 0 
19.415 0 0 
19.4185 0 0 
19.422 0 0 
19.4254 0 0 
19.4289 0 0 
19.4324 0 0 
19.4359 0 0 
19.4394 0 0 
19.4428 0 0 
19.4463 0 0 
19.4498 0 0 
19.4533 0 0 
19.4568 0 0 
19.4603 0 0 
19.4637 0 0 
19.4672 0 0 
19.4707 0 0 
19.4742 0 0 
19.4777 0 0 
19.4811 0 0 
19.4846 0 0 
19.4881 0 0 
19.4916 0 0 
19.4951 0 0 
19.4986 0 0 
19.502 0 0 
19.5055 0 0 
19.509 0 0 
19.5125 0 0 
19.516 0 0 
19.5195 0 0 
19.5229 0 0 
19.5264 0 0 
19.5299 0 0 
19.5334 0 0 
19.5369 0 0 
19.5403 0 0 
19.5438 0 0 
19.5473 0 0 
19.5508 0 0 
19.5543 0 0 
19.5578 0 0 
19.5612 0 0 
19.5647 0 0 
19.5682 0 0 
19.5717 0 0 
19.5752 0 0 
19.5786 0 0 
19.5821 0 0 
19.5856 0 0 
19.5891 0 0 
19.5926 0 0 
19.5961 0 0 
19.5995 0 0 
19.603 0 0 
19.6065 0 0 
19.61 0 0 
19.6135 0 0 
19.6169 0 0 
19.6204 0 0 
19.6239 0 0 
19.6274 0 0 
19.6309 0 0 
19.6344 0 0 
19.6378 0 0 
19.6413 0 0 
19.6448 0 0 
19.6483 0 0 
19.6518 0 0 
19.6553 0 0 
19.6587 0 0 
19.6622 0 0 
19.6657 0 0 
19.6692 0 0 
19.6727 0 0 
19.6761 0 0 
19.6796 0 0 
19.6831 0 0 
19.6866 0 0 
19.6901 0 0 
19.6936 0 0 
19.697 0 0 
19.7005 0 0 
19.704 0 0 
19.7075 0 0 
19.711 0 0 
19.7144 0 0 
19.7179 0 0 
19.7214 0 0 
19.7249 0 0 
19.7284 0 0 
19.7319 0 0 
19.7353 0 0 
19.7388 0 0 
19.7423 0 0 
19.7458 0 0 
19.7493 0 0 
19.7527 0 0 
19.7562 0 0 
19.7597 0 0 
19.7632 0 0 
19.7667 0 0 
19.7702 0 0 
19.7736 0 0 
19.7771 0 0 
19.7806 0 0 
19.7841 0 0 
19.7876 0 0 
19.791 0 0 
19.7945 0 0 
19.798 0 0 
19.8015 0 0 
19.805 0 0 
19.8085 0 0 
19.8119 0 0 
19.8154 0 0 
19.8189 0 0 
19.8224 0 0 
19.8259 0 0 
19.8294 0 0 
19.8328 0 0 
19.8363 0 0 
19.8398 0 0 
19.8433 0 0 
19.8468 0 0 
19.8502 0 0 
19.8537 0 0 
19.8572 0 0 
19.8607 0 0 
19.8642 0 0 
19.8677 0 0 
19.8711 0 0 
19.8746 0 0 
19.8781 0 0 
19.8816 0 0 
19.8851 0 0 
19.8885 0 0 
19.892 0 0 
19.8955 0 0 
19.899 0 0 
19.9025 0 0 
19.906 0 0 
19.9094 0 0 
19.9129 0 0 
19.9164 0 0 
19.9199 0 0 
19.9234 0 0 
19.9268 0 0 
19.9303 0 0 
19.9338 0 0 
19.9373 0 0 
19.9408 0 0 
19.9443 0 0 
19.9477 0 0 
19.9512 0 0 
19.9547 0 0 
19.9582 0 0 
19.9617 0 0 
19.9652 0 0 
19.9686 0 0 
19.9721 0 0 
19.9756 0 0 
19.9791 0 0 
19.9826 0 0 
19.986 0 0 
19.9895 0 0 
19.993 0 0 
19.9965 0 0 
20 0 0 
20.0035 0 0 
20.0069 0 0 
20.0104 0 0 
20.0139 0 0 
20.0174 0 0 
20.0209 0 0 
20.0243 0 0 
20.0278 0 0 
20.0313 0 0 
20.0348 0 0 
20.0383 0 0 
20.0418 0 0 
20.0452 0 0 
20.0487 0 0 
20.0522 0 0 
20.0557 0 0 
20.0592 0 0 
20.0626 0 0 
20.0661 0 0 
20.0696 0 0 
20.0731 0 0 
20.0766 0 0 
20.0801 0 0 
20.0835 0 0 
20.087 0 0 
20.0905 0 0 
20.094 0 0 
20.0975 0 0 
20.1009 0 0 
20.1044 0 0 
20.1079 0 0 
20.1114 0 0 
20.1149 0 0 
20.1184 0 0 
20.1218 0 0 
20.1253 0 0 
20.1288 0 0 
20.1323 0 0 
20.1358 0 0 
20.1393 0 0 
20.1427 0 0 
20.1462 0 0 
20.1497 0 0 
20.1532 0 0 
20.1567 0 0 
20.1601 0 0 
20.1636 0 0 
20.1671 0 0 
20.1706 0 0 
20.1741 0 0 
20.1776 0 0 
20.181 0 0 
20.1845 0 0 
20.188 0 0 
20.1915 0 0 
20.195 0 0 
20.1984 0 0 
20.2019 0 0 
20.2054 0 0 
20.2089 0 0 
20.2124 0 0 
20.2159 0 0 
20.2193 0 0 
20.2228 0 0 
20.2263 0 0 
20.2298 0 0 
20.2333 0 0 
20.2367 0 0 
20.2402 0 0 
20.2437 0 0 
20.2472 0 0 
20.2507 0 0 
20.2542 0 0 
20.2576 0 0 
20.2611 0 0 
20.2646 0 0 
20.2681 0 0 
20.2716 0 0 
20.2751 0 0 
20.2785 0 0 
20.282 0 0 
20.2855 0 0 
20.289 0 0 
20.2925 0 0 
20.2959 0 0 
20.2994 0 0 
20.3029 0 0 
20.3064 0 0 
20.3099 0 0 
20.3134 0 0 
20.3168 0 0 
20.3203 0 0 
20.3238 0 0 
20.3273 0 0 
20.3308 0 0 
20.3342 0 0 
20.3377 0 0 
20.3412 0 0 
20.3447 0 0 
20.3482 0 0 
20.3517 0 0 
20.3551 0 0 
20.3586 0 0 
20.3621 0 0 
20.3656 0 0 
20.3691 0 0 
20.3725 0 0 
20.376 0 0 
20.3795 0 0 
20.383 0 0 
20.3865 0 0 
20.39 0 0 
20.3934 0 0 
20.3969 0 0 
20.4004 0 0 
20.4039 0 0 
20.4074 0 0 
20.4109 0 0 
20.4143 0 0 
20.4178 0 0 
20.4213 0 0 
20.4248 0 0 
20.4283 0 0 
20.4317 0 0 
20.4352 0 0 
20.4387 0 0 
20.4422 0 0 
20.4457 0 0 
20.4492 0 0 
20.4526 0 0 
20.4561 0 0 
20.4596 0 0 
20.4631 0 0 
20.4666 0 0 
20.47 0 0 
20.4735 0 0 
20.477 0 0 
20.4805 0 0 
20.484 0 0 
20.4875 0 0 
20.4909 0 0 
20.4944 0 0 
20.4979 0 0 
20.5014 0 0 
20.5049 0 0 
20.5083 0 0 
20.5118 0 0 
20.5153 0 0 
20.5188 0 0 
20.5223 0 0 
20.5258 0 0 
20.5292 0 0 
20.5327 0 0 
20.5362 0 0 
20.5397 0 0 
20.5432 0 0 
20.5466 0 0 
20.5501 0 0 
20.5536 0 0 
20.5571 0 0 
20.5606 0 0 
20.5641 0 0 
20.5675 0 0 
20.571 0 0 
20.5745 0 0 
20.578 0 0 
20.5815 0 0 
20.585 0 0 
20.5884 0 0 
20.5919 0 0 
20.5954 0 0 
20.5989 0 0 
20.6024 0 0 
20.6058 0 0 
20.6093 0 0 
20.6128 0 0 
20.6163 0 0 
20.6198 0 0 
20.6233 0 0 
20.6267 0 0 
20.6302 0 0 
20.6337 0 0 
20.6372 0 0 
20.6407 0 0 
20.6441 0 0 
20.6476 0 0 
20.6511 0 0 
20.6546 0 0 
20.6581 0 0 
20.6616 0 0 
20.665 0 0 
20.6685 0 0 
20.672 0 0 
20.6755 0 0 
20.679 0 0 
20.6824 0 0 
20.6859 0 0 
20.6894 0 0 
20.6929 0 0 
20.6964 0 0 
20.6999 0 0 
20.7033 0 0 
20.7068 0 0 
20.7103 0 0 
20.7138 0 0 
20.7173 0 0 
20.7208 0 0 
20.7242 0 0 
20.7277 0 0 
20.7312 0 0 
20.7347 0 0 
20.7382 0 0 
20.7416 0 0 
20.7451 0 0 
20.7486 0 0 
20.7521 0 0 
20.7556 0 0 
20.7591 0 0 
20.7625 0 0 
20.766 0 0 
20.7695 0 0 
20.773 0 0 
20.7765 0 0 
20.7799 0 0 
20.7834 0 0 
20.7869 0 0 
20.7904 0 0 
20.7939 0 0 
20.7974 0 0 
20.8008 0 0 
20.8043 0 0 
20.8078 0 0 
20.8113 0 0 
20.8148 0 0 
20.8182 0 0 
20.8217 0 0 
20.8252 0 0 
20.8287 0 0 
20.8322 0 0 
20.8357 0 0 
20.8391 0 0 
20.8426 0 0 
20.8461 0 0 
20.8496 0 0 
20.8531 0 0 
20.8565 0 0 
20.86 0 0 
20.8635 0 0 
20.867 0 0 
20.8705 0 0 
20.874 0 0 
20.8774 0 0 
20.8809 0 0 
20.8844 0 0 
20.8879 0 0 
20.8914 0 0 
20.8949 0 0 
20.8983 0 0 
20.9018 0 0 
20.9053 0 0 
20.9088 0 0 
20.9123 0 0 
20.9157 0 0 
20.9192 0 0 
20.9227 0 0 
20.9262 0 0 
20.9297 0 0 
20.9332 0 0 
20.9366 0 0 
20.9401 0 0 
20.9436 0 0 
20.9471 0 0 
20.9506 0 0 
20.954 0 0 
20.9575 0 0 
20.961 0 0 
20.9645 0 0 
20.968 0 0 
20.9715 0 0 
20.9749 0 0 
20.9784 0 0 
20.9819 0 0 
20.9854 0 0 
20.9889 0 0 
20.9923 0 0 
20.9958 0 0 
20.9993 0 0 
21.0028 0 0 
21.0063 0 0 
21.0098 0 0 
21.0132 0 0 
21.0167 0 0 
21.0202 0 0 
21.0237 0 0 
21.0272 0 0 
21.0307 0 0 
21.0341 0 0 
21.0376 0 0 
21.0411 0 0 
21.0446 0 0 
21.0481 0 0 
21.0515 0 0 
21.055 0 0 
21.0585 0 0 
21.062 0 0 
21.0655 0 0 
21.069 0 0 
21.0724 0 0 
21.0759 0 0 
21.0794 0 0 
21.0829 0 0 
21.0864 0 0 
21.0898 0 0 
21.0933 0 0 
21.0968 0 0 
21.1003 0 0 
21.1038 0 0 
21.1073 0 0 
21.1107 0 0 
21.1142 0 0 
21.1177 0 0 
21.1212 0 0 
21.1247 0 0 
21.1281 0 0 
21.1316 0 0 
21.1351 0 0 
21.1386 0 0 
21.1421 0 0 
21.1456 0 0 
21.149 0 0 
21.1525 0 0 
21.156 0 0 
21.1595 0 0 
21.163 0 0 
21.1665 0 0 
21.1699 0 0 
21.1734 0 0 
21.1769 0 0 
21.1804 0 0 
21.1839 0 0 
21.1873 0 0 
21.1908 0 0 
21.1943 0 0 
21.1978 0 0 
21.2013 0 0 
21.2048 0 0 
21.2082 0 0 
21.2117 0 0 
21.2152 0 0 
21.2187 0 0 
21.2222 0 0 
21.2256 0 0 
21.2291 0 0 
21.2326 0 0 
21.2361 0 0 
21.2396 0 0 
21.2431 0 0 
21.2465 0 0 
21.25 0 0 
21.2535 0 0 
21.257 0 0 
21.2605 0 0 
21.2639 0 0 
21.2674 0 0 
21.2709 0 0 
21.2744 0 0 
21.2779 0 0 
21.2814 0 0 
21.2848 0 0 
21.2883 0 0 
21.2918 0 0 
21.2953 0 0 
21.2988 0 0 
21.3022 0 0 
21.3057 0 0 
21.3092 0 0 
21.3127 0 0 
21.3162 0 0 
21.3197 0 0 
21.3231 0 0 
21.3266 0 0 
21.3301 0 0 
21.3336 0 0 
21.3371 0 0 
21.3406 0 0 
21.344 0 0 
21.3475 0 0 
21.351 0 0 
21.3545 0 0 
21.358 0 0 
21.3614 0 0 
21.3649 0 0 
21.3684 0 0 
21.3719 0 0 
21.3754 0 0 
21.3789 0 0 
21.3823 0 0 
21.3858 0 0 
21.3893 0 0 
21.3928 0 0 
21.3963 0 0 
21.3997 0 0 
21.4032 0 0 
21.4067 0 0 
21.4102 0 0 
21.4137 0 0 
21.4172 0 0 
21.4206 0 0 
21.4241 0 0 
21.4276 0 0 
21.4311 0 0 
21.4346 0 0 
21.438 0 0 
21.4415 0 0 
21.445 0 0 
21.4485 0 0 
21.452 0 0 
21.4555 0 0 
21.4589 0 0 
21.4624 0 0 
21.4659 0 0 
21.4694 0 0 
21.4729 0 0 
21.4764 0 0 
21.4798 0 0 
21.4833 0 0 
21.4868 0 0 
21.4903 0 0 
21.4938 0 0 
21.4972 0 0 
21.5007 0 0 
21.5042 0 0 
21.5077 0 0 
21.5112 0 0 
21.5147 0 0 
21.5181 0 0 
21.5216 0 0 
21.5251 0 0 
21.5286 0 0 
21.5321 0 0 
21.5355 0 0 
21.539 0 0 
21.5425 0 0 
21.546 0 0 
21.5495 0 0 
21.553 0 0 
21.5564 0 0 
21.5599 0 0 
21.5634 0 0 
21.5669 0 0 
21.5704 0 0 
21.5738 0 0 
21.5773 0 0 
21.5808 0 0 
21.5843 0 0 
21.5878 0 0 
21.5913 0 0 
21.5947 0 0 
21.5982 0 0 
21.6017 0 0 
21.6052 0 0 
21.6087 0 0 
21.6121 0 0 
21.6156 0 0 
21.6191 0 0 
21.6226 0 0 
21.6261 0 0 
21.6296 0 0 
21.633 0 0 
21.6365 0 0 
21.64 0 0 
21.6435 0 0 
21.647 0 0 
21.6505 0 0 
21.6539 0 0 
21.6574 0 0 
21.6609 0 0 
21.6644 0 0 
21.6679 0 0 
21.6713 0 0 
21.6748 0 0 
21.6783 0 0 
21.6818 0 0 
21.6853 0 0 
21.6888 0 0 
21.6922 0 0 
21.6957 0 0 
21.6992 0 0 
21.7027 0 0 
21.7062 0 0 
21.7096 0 0 
21.7131 0 0 
21.7166 0 0 
21.7201 0 0 
21.7236 0 0 
21.7271 0 0 
21.7305 0 0 
21.734 0 0 
21.7375 0 0 
21.741 0 0 
21.7445 0 0 
21.7479 0 0 
21.7514 0 0 
21.7549 0 0 
21.7584 0 0 
21.7619 0 0 
21.7654 0 0 
21.7688 0 0 
21.7723 0 0 
21.7758 0 0 
21.7793 0 0 
21.7828 0 0 
21.7863 0 0 
21.7897 0 0 
21.7932 0 0 
21.7967 0 0 
21.8002 0 0 
21.8037 0 0 
21.8071 0 0 
21.8106 0 0 
21.8141 0 0 
21.8176 0 0 
21.8211 0 0 
21.8246 0 0 
21.828 0 0 
21.8315 0 0 
21.835 0 0 
21.8385 0 0 
21.842 0 0 
21.8454 0 0 
21.8489 0 0 
21.8524 0 0 
21.8559 0 0 
21.8594 0 0 
21.8629 0 0 
21.8663 0 0 
21.8698 0 0 
21.8733 0 0 
21.8768 0 0 
21.8803 0 0 
21.8837 0 0 
21.8872 0 0 
21.8907 0 0 
21.8942 0 0 
21.8977 0 0 
21.9012 0 0 
21.9046 0 0 
21.9081 0 0 
21.9116 0 0 
21.9151 0 0 
21.9186 0 0 
21.9221 0 0 
21.9255 0 0 
21.929 0 0 
21.9325 0 0 
21.936 0 0 
21.9395 0 0 
21.9429 0 0 
21.9464 0 0 
21.9499 0 0 
21.9534 0 0 
21.9569 0 0 
21.9604 0 0 
21.9638 0 0 
21.9673 0 0 
21.9708 0 0 
21.9743 0 0 
21.9778 0 0 
21.9812 0 0 
21.9847 0 0 
21.9882 0 0 
21.9917 0 0 
21.9952 0 0 
21.9987 0 0 
22.0021 0 0 
22.0056 0 0 
22.0091 0 0 
22.0126 0 0 
22.0161 0 0 
22.0195 0 0 
22.023 0 0 
22.0265 0 0 
22.03 0 0 
22.0335 0 0 
22.037 0 0 
22.0404 0 0 
22.0439 0 0 
22.0474 0 0 
22.0509 0 0 
22.0544 0 0 
22.0578 0 0 
22.0613 0 0 
22.0648 0 0 
22.0683 0 0 
22.0718 0 0 
22.0753 0 0 
22.0787 0 0 
22.0822 0 0 
22.0857 0 0 
22.0892 0 0 
22.0927 0 0 
22.0962 0 0 
22.0996 0 0 
22.1031 0 0 
22.1066 0 0 
22.1101 0 0 
22.1136 0 0 
22.117 0 0 
22.1205 0 0 
22.124 0 0 
22.1275 0 0 
22.131 0 0 
22.1345 0 0 
22.1379 0 0 
22.1414 0 0 
22.1449 0 0 
22.1484 0 0 
22.1519 0 0 
22.1553 0 0 
22.1588 0 0 
22.1623 0 0 
22.1658 0 0 
22.1693 0 0 
22.1728 0 0 
22.1762 0 0 
22.1797 0 0 
22.1832 0 0 
22.1867 0 0 
22.1902 0 0 
22.1936 0 0 
22.1971 0 0 
22.2006 0 0 
22.2041 0 0 
22.2076 0 0 
22.2111 0 0 
22.2145 0 0 
22.218 0 0 
22.2215 0 0 
22.225 0 0 
22.2285 0 0 
22.232 0 0 
22.2354 0 0 
22.2389 0 0 
22.2424 0 0 
22.2459 0 0 
22.2494 0 0 
22.2528 0 0 
22.2563 0 0 
22.2598 0 0 
22.2633 0 0 
22.2668 0 0 
22.2703 0 0 
22.2737 0 0 
22.2772 0 0 
22.2807 0 0 
22.2842 0 0 
22.2877 0 0 
22.2911 0 0 
22.2946 0 0 
22.2981 0 0 
22.3016 0 0 
22.3051 0 0 
22.3086 0 0 
22.312 0 0 
22.3155 0 0 
22.319 0 0 
22.3225 0 0 
22.326 0 0 
22.3294 0 0 
22.3329 0 0 
22.3364 0 0 
22.3399 0 0 
22.3434 0 0 
22.3469 0 0 
22.3503 0 0 
22.3538 0 0 
22.3573 0 0 
22.3608 0 0 
22.3643 0 0 
22.3677 0 0 
22.3712 0 0 
22.3747 0 0 
22.3782 0 0 
22.3817 0 0 
22.3852 0 0 
22.3886 0 0 
22.3921 0 0 
22.3956 0 0 
22.3991 0 0 
22.4026 0 0 
22.4061 0 0 
22.4095 0 0 
22.413 0 0 
22.4165 0 0 
22.42 0 0 
22.4235 0 0 
22.4269 0 0 
22.4304 0 0 
22.4339 0 0 
22.4374 0 0 
22.4409 0 0 
22.4444 0 0 
22.4478 0 0 
22.4513 0 0 
22.4548 0 0 
22.4583 0 0 
22.4618 0 0 
22.4652 0 0 
22.4687 0 0 
22.4722 0 0 
22.4757 0 0 
22.4792 0 0 
22.4827 0 0 
22.4861 0 0 
22.4896 0 0 
22.4931 0 0 
22.4966 0 0 
22.5001 0 0 
22.5035 0 0 
22.507 0 0 
22.5105 0 0 
22.514 0 0 
22.5175 0 0 
22.521 0 0 
22.5244 0 0 
22.5279 0 0 
22.5314 0 0 
22.5349 0 0 
22.5384 0 0 
22.5419 0 0 
22.5453 0 0 
22.5488 0 0 
22.5523 0 0 
22.5558 0 0 
22.5593 0 0 
22.5627 0 0 
22.5662 0 0 
22.5697 0 0 
22.5732 0 0 
22.5767 0 0 
22.5802 0 0 
22.5836 0 0 
22.5871 0 0 
22.5906 0 0 
22.5941 0 0 
22.5976 0 0 
22.601 0 0 
22.6045 0 0 
22.608 0 0 
22.6115 0 0 
22.615 0 0 
22.6185 0 0 
22.6219 0 0 
22.6254 0 0 
22.6289 0 0 
22.6324 0 0 
22.6359 0 0 
22.6393 0 0 
22.6428 0 0 
22.6463 0 0 
22.6498 0 0 
22.6533 0 0 
22.6568 0 0 
22.6602 0 0 
22.6637 0 0 
22.6672 0 0 
22.6707 0 0 
22.6742 0 0 
22.6777 0 0 
22.6811 0 0 
22.6846 0 0 
22.6881 0 0 
22.6916 0 0 
22.6951 0 0 
22.6985 0 0 
22.702 0 0 
22.7055 0 0 
22.709 0 0 
22.7125 0 0 
22.716 0 0 
22.7194 0 0 
22.7229 0 0 
22.7264 0 0 
22.7299 0 0 
22.7334 0 0 
22.7368 0 0 
22.7403 0 0 
22.7438 0 0 
22.7473 0 0 
22.7508 0 0 
22.7543 0 0 
22.7577 0 0 
22.7612 0 0 
22.7647 0 0 
22.7682 0 0 
22.7717 0 0 
22.7751 0 0 
22.7786 0 0 
22.7821 0 0 
22.7856 0 0 
22.7891 0 0 
22.7926 0 0 
22.796 0 0 
22.7995 0 0 
22.803 0 0 
22.8065 0 0 
22.81 0 0 
22.8134 0 0 
22.8169 0 0 
22.8204 0 0 
22.8239 0 0 
22.8274 0 0 
22.8309 0 0 
22.8343 0 0 
22.8378 0 0 
22.8413 0 0 
22.8448 0 0 
22.8483 0 0 
22.8518 0 0 
22.8552 0 0 
22.8587 0 0 
22.8622 0 0 
22.8657 0 0 
22.8692 0 0 
22.8726 0 0 
22.8761 0 0 
22.8796 0 0 
22.8831 0 0 
22.8866 0 0 
22.8901 0 0 
22.8935 0 0 
22.897 0 0 
22.9005 0 0 
22.904 0 0 
22.9075 0 0 
22.9109 0 0 
22.9144 0 0 
22.9179 0 0 
22.9214 0 0 
22.9249 0 0 
22.9284 0 0 
22.9318 0 0 
22.9353 0 0 
22.9388 0 0 
22.9423 0 0 
22.9458 0 0 
22.9492 0 0 
22.9527 0 0 
22.9562 0 0 
22.9597 0 0 
22.9632 0 0 
22.9667 0 0 
22.9701 0 0 
22.9736 0 0 
22.9771 0 0 
22.9806 0 0 
22.9841 0 0 
22.9876 0 0 
22.991 0 0 
22.9945 0 0 
22.998 0 0 
23.0015 0 0 
23.005 0 0 
23.0084 0 0 
23.0119 0 0 
23.0154 0 0 
23.0189 0 0 
23.0224 0 0 
23.0259 0 0 
23.0293 0 0 
23.0328 0 0 
23.0363 0 0 
23.0398 0 0 
23.0433 0 0 
23.0467 0 0 
23.0502 0 0 
23.0537 0 0 
23.0572 0 0 
23.0607 0 0 
23.0642 0 0 
23.0676 0 0 
23.0711 0 0 
23.0746 0 0 
23.0781 0 0 
23.0816 0 0 
23.085 0 0 
23.0885 0 0 
23.092 0 0 
23.0955 0 0 
23.099 0 0 
23.1025 0 0 
23.1059 0 0 
23.1094 0 0 
23.1129 0 0 
23.1164 0 0 
23.1199 0 0 
23.1234 0 0 
23.1268 0 0 
23.1303 0 0 
23.1338 0 0 
23.1373 0 0 
23.1408 0 0 
23.1442 0 0 
23.1477 0 0 
23.1512 0 0 
23.1547 0 0 
23.1582 0 0 
23.1617 0 0 
23.1651 0 0 
23.1686 0 0 
23.1721 0 0 
23.1756 0 0 
23.1791 0 0 
23.1825 0 0 
23.186 0 0 
23.1895 0 0 
23.193 0 0 
23.1965 0 0 
23.2 0 0 
23.2034 0 0 
23.2069 0 0 
23.2104 0 0 
23.2139 0 0 
23.2174 0 0 
23.2208 0 0 
23.2243 0 0 
23.2278 0 0 
23.2313 0 0 
23.2348 0 0 
23.2383 0 0 
23.2417 0 0 
23.2452 0 0 
23.2487 0 0 
23.2522 0 0 
23.2557 0 0 
23.2591 0 0 
23.2626 0 0 
23.2661 0 0 
23.2696 0 0 
23.2731 0 0 
23.2766 0 0 
23.28 0 0 
23.2835 0 0 
23.287 0 0 
23.2905 0 0 
23.294 0 0 
23.2975 0 0 
23.3009 0 0 
23.3044 0 0 
23.3079 0 0 
23.3114 0 0 
23.3149 0 0 
23.3183 0 0 
23.3218 0 0 
23.3253 0 0 
23.3288 0 0 
23.3323 0 0 
23.3358 0 0 
23.3392 0 0 
23.3427 0 0 
23.3462 0 0 
23.3497 0 0 
23.3532 0 0 
23.3566 0 0 
23.3601 0 0 
23.3636 0 0 
23.3671 0 0 
23.3706 0 0 
23.3741 0 0 
23.3775 0 0 
23.381 0 0 
23.3845 0 0 
23.388 0 0 
23.3915 0 0 
23.3949 0 0 
23.3984 0 0 
23.4019 0 0 
23.4054 0 0 
23.4089 0 0 
23.4124 0 0 
