6.00000000000000 0.00000000000000 0.00000000000000 0.00000000000000 0.00000000000000
6.01603206412826 0.06536950081399 0.00000000000000 -0.04123723368578 0.00000000000000
6.03206412825651 0.13189296509194 0.00000000000000 -0.08320184979938 0.00000000000000
6.04809619238477 0.20058976707002 0.00000000000000 -0.12653636299868 0.00000000000000
6.06412825651303 0.27235084463800 0.00000000000000 -0.17180224858844 0.00000000000000
6.08016032064128 0.34795293722652 0.00000000000000 -0.21948888750302 0.00000000000000
6.09619238476954 0.42806746499744 0.00000000000000 -0.27001914569769 0.00000000000000
6.11222444889780 0.51326516661418 0.00000000000000 -0.32375228604021 0.00000000000000
6.12825651302605 0.60401741134000 0.00000000000000 -0.38098478761849 0.00000000000000
6.14428857715431 0.70069495402546 0.00000000000000 -0.44194955627664 0.00000000000000
6.16032064128257 0.80356479391943 0.00000000000000 -0.50681394308275 0.00000000000000
6.17635270541082 0.91278571905073 0.00000000000000 -0.57567693782996 0.00000000000000
6.19238476953908 1.02840305868541 0.00000000000000 -0.64856586744661 0.00000000000000
6.20841683366733 1.15034312051997 0.00000000000000 -0.72543290030817 0.00000000000000
6.22444889779559 1.27840775174676 0.00000000000000 -0.80615163374627 0.00000000000000
6.24048096192385 1.41226942999892 0.00000000000000 -0.89051402108101 0.00000000000000
6.25651302605210 1.55146725844149 0.00000000000000 -0.97822787437692 0.00000000000000
6.27254509018036 1.69540420667067 0.00000000000000 -1.06891515842579 0.00000000000000
6.28857715430862 1.84334590399954 0.00000000000000 -1.16211126917846 0.00000000000000
6.30460921843687 1.99442125307953 0.00000000000000 -1.25726546531552 0.00000000000000
6.32064128256513 2.14762508904249 0.00000000000000 -1.35374259449816 0.00000000000000
6.33667334669339 2.30182298407269 0.00000000000000 -1.45082617668422 0.00000000000000
6.35270541082164 2.45575718797222 0.00000000000000 -1.54772220753136 0.00000000000000
6.36873747494990 2.60805091404004 0.00000000000000 -1.64356192241241 0.00000000000000
6.38476953907816 2.75721800046510 0.00000000000000 -1.73740795135199 0.00000000000000
6.40080160320641 2.90167643822317 0.00000000000000 -1.82826291190288 0.00000000000000
6.41683366733467 3.03976453118837 0.00000000000000 -1.91507966024477 0.00000000000000
6.43286573146293 3.16975948724095 0.00000000000000 -1.99677307185926 0.00000000000000
6.44889779559118 3.28989827463708 0.00000000000000 -2.07223324538173 0.00000000000000
6.46492985971944 3.39840051715295 0.00000000000000 -2.14033998485438 0.00000000000000
6.48096192384770 3.49349314335982 0.00000000000000 -2.19997837891303 0.00000000000000
6.49699398797595 3.57343645129091 0.00000000000000 -2.25005526135953 0.00000000000000
6.51302605210421 3.63655120114733 0.00000000000000 -2.28951630700503 0.00000000000000
6.52905811623247 3.68124630689923 0.00000000000000 -2.31736349046178 0.00000000000000
6.54509018036072 3.70604666387888 0.00000000000000 -2.33267261447716 0.00000000000000
6.56112224448898 3.70962062477706 0.00000000000000 -2.33461059909904 0.00000000000000
6.57715430861724 3.69080662168265 0.00000000000000 -2.32245221396165 0.00000000000000
6.59318637274549 3.64863842755420 0.00000000000000 -2.29559593366528 0.00000000000000
6.60921843687375 3.58236855713814 0.00000000000000 -2.25357860080776 0.00000000000000
6.62525050100200 3.49148932493835 0.00000000000000 -2.19608859275902 0.00000000000000
6.64128256513026 3.37575110621405 0.00000000000000 -2.12297720662649 0.00000000000000
6.65731462925852 3.23517738568235 0.00000000000000 -2.03426800174298 0.00000000000000
6.67334669338677 3.07007622691807 0.00000000000000 -1.93016386995740 0.00000000000000
6.68937875751503 2.88104785241997 0.00000000000000 -1.81105164041079 0.00000000000000
6.70541082164329 2.66898808878101 0.00000000000000 -1.67750406658322 0.00000000000000
6.72144288577154 2.43508750200276 0.00000000000000 -1.53027908833478 0.00000000000000
6.73747494989980 2.18082612322398 0.00000000000000 -1.37031630947374 0.00000000000000
6.75350701402806 1.90796374337470 0.00000000000000 -1.19873068103682 0.00000000000000
6.76953907815631 1.61852583483222 0.00000000000000 -1.01680343088770 0.00000000000000
6.78557114228457 1.31478523733541 0.00000000000000 -0.82597033034301 0.00000000000000
6.80160320641283 0.99923982251431 0.00000000000000 -0.62780743724696 0.00000000000000
6.81763527054108 0.67458642478712 0.00000000000000 -0.42401450120138 0.00000000000000
6.83366733466934 0.34369139448541 0.00000000000000 -0.21639625954903 0.00000000000000
6.84969939879760 0.00955819065899 0.00000000000000 -0.00684189132260 0.00000000000000
6.86573146292585 -0.32470751548009 0.00000000000000 0.20269707006641 0.00000000000000
6.88176352705411 -0.65593471071027 0.00000000000000 0.41023003676348 0.00000000000000
6.89779559118237 -0.98092533284444 0.00000000000000 0.61375152875018 0.00000000000000
6.91382765531062 -1.29649341994754 0.00000000000000 0.81126584144139 0.00000000000000
6.92985971943888 -1.59950461711608 0.00000000000000 1.00081193268113 0.00000000000000
6.94589178356714 -1.88691547786317 0.00000000000000 1.18048818703624 0.00000000000000
6.96192384769539 -2.15581176148488 0.00000000000000 1.34847649162257 0.00000000000000
6.97795591182365 -2.40344518512783 0.00000000000000 1.50306529545746 0.00000000000000
6.99398797595190 -2.62726809692135 0.00000000000000 1.64267131207163 0.00000000000000
7.01002004008016 -2.82496556517405 0.00000000000000 1.76585954832305 0.00000000000000
7.02605210420842 -2.99448442524281 0.00000000000000 1.87136140273668 0.00000000000000
7.04208416833667 -3.13405887896144 0.00000000000000 1.95809056924968 0.00000000000000
7.05811623246493 -3.24223230116607 0.00000000000000 2.02515653248821 0.00000000000000
7.07414829659319 -3.31787497225654 0.00000000000000 2.07187548365613 0.00000000000000
7.09018036072144 -3.36019752344530 0.00000000000000 2.09777852956208 0.00000000000000
7.10621242484970 -3.36875995101476 0.00000000000000 2.10261711194704 0.00000000000000
7.12224448897796 -3.34347612619440 0.00000000000000 2.08636559922932 0.00000000000000
7.13827655310621 -3.28461379688558 0.00000000000000 2.04922105722298 0.00000000000000
7.15430861723447 -3.19279014517836 0.00000000000000 1.99160024851792 0.00000000000000
7.17034068136273 -3.06896302928240 0.00000000000000 1.91413395130342 0.00000000000000
7.18637274549098 -2.91441809910654 0.00000000000000 1.81765872680777 0.00000000000000
7.20240480961924 -2.73075203036470 0.00000000000000 1.70320629963169 0.00000000000000
7.21843687374750 -2.51985217199440 0.00000000000000 1.57199074657754 0.00000000000000
7.23446893787575 -2.28387294522852 0.00000000000000 1.42539371671579 0.00000000000000
7.25050100200401 -2.02520936938890 0.00000000000000 1.26494792807880 0.00000000000000
7.26653306613227 -1.74646811905413 0.00000000000000 1.09231920431894 0.00000000000000
7.28256513026052 -1.45043653952060 0.00000000000000 0.90928732779819 0.00000000000000
7.29859719438878 -1.14005006239757 0.00000000000000 0.71772599386806 0.00000000000000
7.31462925851704 -0.81835847085978 0.00000000000000 0.51958215461590 0.00000000000000
7.33066132264529 -0.48849146475489 0.00000000000000 0.31685503924399 0.00000000000000
7.34669338677355 -0.15362396977010 0.00000000000000 0.11157513273074 0.00000000000000
7.36272545090180 0.18305837735781 0.00000000000000 -0.09421661521445 0.00000000000000
7.37875751503006 0.51839315352932 0.00000000000000 -0.29848909230737 0.00000000000000
7.39478957915832 0.84927409284516 0.00000000000000 -0.49924059516615 0.00000000000000
7.41082164328657 1.17268268553662 0.00000000000000 -0.69451744808582 0.00000000000000
7.42685370741483 1.48571810006216 0.00000000000000 -0.88243146936165 0.00000000000000
7.44288577154309 1.78562513057493 0.00000000000000 -1.06117610972177 0.00000000000000
7.45891783567134 2.06981990876601 0.00000000000000 -1.22904111329314 0.00000000000000
7.47494989979960 2.33591315758570 0.00000000000000 -1.38442557846107 0.00000000000000
7.49098196392786 2.58173080386408 0.00000000000000 -1.52584932351871 0.00000000000000
7.50701402805611 2.80533180674523 0.00000000000000 -1.65196248968084 0.00000000000000
7.52304609218437 3.00502309851074 0.00000000000000 -1.76155334142205 0.00000000000000
7.53907815631263 3.17937157323855 0.00000000000000 -1.85355425078357 0.00000000000000
7.55511022044088 3.32721309631725 0.00000000000000 -1.92704587790339 0.00000000000000
7.57114228456914 3.44765854366634 0.00000000000000 -1.98125958422147 0.00000000000000
7.58717434869740 3.54009691321571 0.00000000000000 -2.01557813729894 0.00000000000000
7.60320641282565 3.60419558244748 0.00000000000000 -2.02953478671320 0.00000000000000
7.61923847695391 3.63989781434342 0.00000000000000 -2.02281080883703 0.00000000000000
7.63527054108217 3.64741763971194 0.00000000000000 -1.99523163431433 0.00000000000000
7.65130260521042 3.62723226645417 0.00000000000000 -1.94676168558571 0.00000000000000
7.66733466933868 3.58007218578737 0.00000000000000 -1.87749806281656 0.00000000000000
7.68336673346694 3.50690916174849 0.00000000000000 -1.78766322500321 0.00000000000000
7.69939879759519 3.40894230347269 0.00000000000000 -1.67759681888598 0.00000000000000
7.71543086172345 3.28758242984443 0.00000000000000 -1.54774681162549 0.00000000000000
7.73146292585171 3.14443494325631 0.00000000000000 -1.39866008408071 0.00000000000000
7.74749498997996 2.98128143351790 0.00000000000000 -1.23097264007768 0.00000000000000
7.76352705410822 2.80006023459687 0.00000000000000 -1.04539958341702 0.00000000000000
7.77955911823647 2.60284615603177 0.00000000000000 -0.84272500870614 0.00000000000000
7.79559118236473 2.39182960773292 0.00000000000000 -0.62379194460512 0.00000000000000
7.81162324649299 2.16929533169593 0.00000000000000 -0.38949247895281 0.00000000000000
7.82765531062124 1.93760094711403 0.00000000000000 -0.14075818471044 0.00000000000000
7.84368737474950 1.69915550671232 0.00000000000000 0.12144904604410 0.00000000000000
7.85971943887776 1.45639825206204 0.00000000000000 0.39614566548276 0.00000000000000
7.87575150300601 1.21177774438497 0.00000000000000 0.68233454951124 0.00000000000000
7.89178356713427 0.96773153513713 0.00000000000000 0.97901242593842 0.00000000000000
7.90781563126253 0.72666652767071 0.00000000000000 1.28517659794410 0.00000000000000
7.92384769539078 0.49094016770362 0.00000000000000 1.59983092351459 0.00000000000000
7.93987975951904 0.26284258635615 0.00000000000000 1.92199102537165 0.00000000000000
7.95591182364730 0.04457980530995 0.00000000000000 2.25068871937890 0.00000000000000
7.97194388777555 -0.16174190064465 0.00000000000000 2.58497566228916 0.00000000000000
7.98797595190381 -0.35413040264178 0.00000000000000 2.92392623183304 0.00000000000000
8.00400801603207 -0.53072081138249 0.00000000000000 3.26663966339999 0.00000000000000
8.02004008016032 -0.68978721219027 0.00000000000000 3.61224147780547 0.00000000000000
8.03607214428858 -0.82975300167869 0.00000000000000 3.95988424377019 0.00000000000000
8.05210420841683 -0.94919979916271 0.00000000000000 4.30874772668160 0.00000000000000
8.06813627254509 -1.04687491834563 0.00000000000000 4.65803848190620 0.00000000000000
8.08416833667334 -1.12169739662077 0.00000000000000 5.00698895634000 0.00000000000000
8.10020040080160 -1.17276259049411 0.00000000000000 5.35485616600940 0.00000000000000
8.11623246492985 -1.19934535611934 0.00000000000000 5.70092002037275 0.00000000000000
8.13226452905811 -1.20090184371046 0.00000000000000 6.04448136555102 0.00000000000000
8.14829659318637 -1.17706994363539 0.00000000000000 6.38485981907665 0.00000000000000
8.16432865731462 -1.12766843027968 0.00000000000000 6.72139146795441 0.00000000000000
8.18036072144288 -1.05269485729232 0.00000000000000 7.05342649995031 0.00000000000000
8.19639278557113 -0.95232226458068 0.00000000000000 7.38032683515163 0.00000000000000
8.21242484969939 -0.82689476340819 0.00000000000000 7.70146382107008 0.00000000000000
8.22845691382764 -0.67692207117003 0.00000000000000 8.01621604999649 0.00000000000000
8.24448897795590 -0.50307307188814 0.00000000000000 8.32396735207084 0.00000000000000
8.26052104208416 -0.30616848218636 0.00000000000000 8.62410501172237 0.00000000000000
8.27655310621241 -0.08717270549658 0.00000000000000 8.91601824887754 0.00000000000000
8.29258517034067 0.15281504047721 0.00000000000000 9.19909699974877 0.00000000000000
8.30861723446892 0.41257023642675 0.00000000000000 9.47273102521862 0.00000000000000
8.32464929859718 0.69075312671559 0.00000000000000 9.73630936793681 0.00000000000000
8.34068136272543 0.98591924947144 0.00000000000000 9.98922017235891 0.00000000000000
8.35671342685369 1.29653034405197 0.00000000000000 10.23085087517656 0.00000000000000
8.37274549098194 1.62096554937736 0.00000000000000 10.46058876701596 0.00000000000000
8.38877755511020 1.95753280811572 0.00000000000000 10.67782191999750 0.00000000000000
8.40480961923846 2.30448039372155 0.00000000000000 10.88194046983389 0.00000000000000
8.42084168336671 2.66000847982896 0.00000000000000 11.07233823566096 0.00000000000000
8.43687374749497 3.02228067445183 0.00000000000000 11.24841465580359 0.00000000000000
8.45290581162322 3.38943544480475 0.00000000000000 11.40957701322276 0.00000000000000
8.46893787575148 3.75959736229171 0.00000000000000 11.55524292050498 0.00000000000000
8.48496993987973 4.13088810127272 0.00000000000000 11.68484303096762 0.00000000000000
8.50100200400799 4.50143712957039 0.00000000000000 11.79782393977644 0.00000000000000
8.51703406813625 4.86939203327748 0.00000000000000 11.89365123691221 0.00000000000000
8.53306613226450 5.23292842322900 0.00000000000000 11.97181267237636 0.00000000000000
8.54909819639276 5.59025937546723 0.00000000000000 12.03182139317930 0.00000000000000
8.56513026052101 5.93964436311216 0.00000000000000 12.07321921138962 0.00000000000000
8.58116232464927 6.27939764221293 0.00000000000000 12.09557986281015 0.00000000000000
8.59719438877752 6.60789605935539 0.00000000000000 12.09851221665621 0.00000000000000
8.61322645290578 6.92358625400026 0.00000000000000 12.08166339790235 0.00000000000000
8.62925851703404 7.22499123368533 0.00000000000000 12.04472178569538 0.00000000000000
8.64529058116229 7.51071630530822 0.00000000000000 11.98741985335681 0.00000000000000
8.66132264529055 7.77945435068081 0.00000000000000 11.90953681796958 0.00000000000000
8.67735470941880 8.02999043937774 0.00000000000000 11.81090107031083 0.00000000000000
8.69338677354706 8.26120577656287 0.00000000000000 11.69139235890482 0.00000000000000
8.70941883767531 8.47208098794034 0.00000000000000 11.55094370517639 0.00000000000000
8.72545090180357 8.66169874821765 0.00000000000000 11.38954303003566 0.00000000000000
8.74148296593182 8.82924576346540 0.00000000000000 11.20723447566997 0.00000000000000
8.75751503006008 8.97401412149357 0.00000000000000 11.00411940981207 0.00000000000000
8.77354709418834 9.09540202782271 0.00000000000000 10.78035710325040 0.00000000000000
8.78957915831659 9.19291394799585 0.00000000000000 10.53616507480478 0.00000000000000
8.80561122244485 9.26616017984674 0.00000000000000 10.27181910137188 0.00000000000000
8.82164328657310 9.31485588190280 0.00000000000000 9.98765289391281 0.00000000000000
8.83767535070136 9.33881958635467 0.00000000000000 9.68405744337971 0.00000000000000
8.85370741482961 9.33797122696774 0.00000000000000 9.36148004353058 0.00000000000000
8.86973947895787 9.31232971394463 0.00000000000000 9.02042300033872 0.00000000000000
8.88577154308613 9.26201008907708 0.00000000000000 8.66144204024476 0.00000000000000
8.90180360721438 9.18722029555633 0.00000000000000 8.28514443180979 0.00000000000000
8.91783567134264 9.08825759755136 0.00000000000000 7.89218683739425 0.00000000000000
8.93386773547089 8.96550468512573 0.00000000000000 7.48327291330221 0.00000000000000
8.94989979959915 8.81942550025655 0.00000000000000 7.05915067838744 0.00000000000000
8.96593186372740 8.65056081965852 0.00000000000000 6.62060967241625 0.00000000000000
8.98196392785566 8.45952362981644 0.00000000000000 6.16847792652263 0.00000000000000
8.99799599198391 8.24699432910632 0.00000000000000 5.70361876887807 0.00000000000000
9.01402805611217 8.01371579115620 0.00000000000000 5.22692748923916 0.00000000000000
9.03006012024043 7.76048832267996 0.00000000000000 4.73932788633793 0.00000000000000
9.04609218436868 7.48816454792847 0.00000000000000 4.24176872215597 0.00000000000000
9.06212424849694 7.19764425066159 0.00000000000000 3.73522010698407 0.00000000000000
9.07815631262519 6.88986920316868 0.00000000000000 3.22066983883053 0.00000000000000
9.09418837675345 6.56581801037441 0.00000000000000 2.69911972021757 0.00000000000000
9.11022044088170 6.22650099547704 0.00000000000000 2.17158187471218 0.00000000000000
9.12625250500996 5.87295515189713 0.00000000000000 1.63907508469383 0.00000000000000
9.14228456913822 5.50623918458178 0.00000000000000 1.10262117088133 0.00000000000000
9.15831663326647 5.12742866193006 0.00000000000000 0.56324143304444 0.00000000000000
9.17434869739473 4.73761129779504 0.00000000000000 0.02195317012829 0.00000000000000
9.19038076152298 4.33788238119141 0.00000000000000 -0.52023370326171 0.00000000000000
9.20641282565124 3.92934036950940 0.00000000000000 -1.06231992841423 0.00000000000000
9.22244488977949 3.51308265921826 0.00000000000000 -1.60332004790285 0.00000000000000
9.23847695390775 3.09020154624864 0.00000000000000 -2.14226541204332 0.00000000000000
9.25450901803601 2.66178038648319 0.00000000000000 -2.67820703510029 0.00000000000000
9.27054108216426 2.22888996506929 0.00000000000000 -3.21021829138626 0.00000000000000
9.28657314629252 1.79258508160508 0.00000000000000 -3.73739744284894 0.00000000000000
9.30260521042077 1.35390135664882 0.00000000000000 -4.25886999117874 0.00000000000000
9.31863727454903 0.91385226346833 0.00000000000000 -4.77379084887465 0.00000000000000
9.33466933867728 0.47342638748745 0.00000000000000 -5.28134632507509 0.00000000000000
9.35070140280554 0.03358491450575 0.00000000000000 -5.78075592328092 0.00000000000000
9.36673346693379 -0.40474065253045 0.00000000000000 -6.27127394936456 0.00000000000000
9.38276553106205 -0.84065054964087 0.00000000000000 -6.75219092946370 0.00000000000000
9.39879759519031 -1.27327858336727 0.00000000000000 -7.22283483849677 0.00000000000000
9.41482965931856 -1.70179374136876 0.00000000000000 -7.68257214110449 0.00000000000000
9.43086172344682 -2.12540158659838 0.00000000000000 -8.13080864781420 0.00000000000000
9.44689378757507 -2.54334544045989 0.00000000000000 -8.56699019013949 0.00000000000000
9.46292585170333 -2.95490736111216 0.00000000000000 -8.99060311916340 0.00000000000000
9.47895791583158 -3.35940892376909 0.00000000000000 -9.40117463291080 0.00000000000000
9.49498997995984 -3.75621181043873 0.00000000000000 -9.79827293849132 0.00000000000000
9.51102204408810 -4.14471821705746 0.00000000000000 -10.18150725559174 0.00000000000000
9.52705410821635 -4.52437108640744 0.00000000000000 -10.55052766841486 0.00000000000000
9.54308617234461 -4.89465417556027 0.00000000000000 -10.90502483360435 0.00000000000000
9.55911823647286 -5.25509196687105 0.00000000000000 -11.24472955206178 0.00000000000000
9.57515030060112 -5.60524943175842 0.00000000000000 -11.56941221285773 0.00000000000000
9.59118236472937 -5.94473165665065 0.00000000000000 -11.87888211766539 0.00000000000000
9.60721442885763 -6.27318334056133 0.00000000000000 -12.17298669430590 0.00000000000000
9.62324649298588 -6.59028817378227 0.00000000000000 -12.45161060809299 0.00000000000000
9.63927855711414 -6.89576810715277 0.00000000000000 -12.71467477970537 0.00000000000000
9.65531062124240 -7.18938252128549 0.00000000000000 -12.96213531830086 0.00000000000000
9.67134268537065 -7.47092730500532 0.00000000000000 -13.19398237852190 0.00000000000000
9.68737474949891 -7.74023385209233 0.00000000000000 -13.41023894993088 0.00000000000000
9.70340681362716 -7.99716798521794 0.00000000000000 -13.61095958726109 0.00000000000000
9.71943887775542 -8.24162881572798 0.00000000000000 -13.79622908967726 0.00000000000000
9.73547094188367 -8.47354754766235 0.00000000000000 -13.96616113701432 0.00000000000000
9.75150300601193 -8.69288623411112 0.00000000000000 -14.12089689070737 0.00000000000000
9.76753507014019 -8.89963649369597 0.00000000000000 -14.26060356684382 0.00000000000000
9.78356713426844 -9.09381819463644 0.00000000000000 -14.38547298846394 0.00000000000000
9.79959919839670 -9.27547811351624 0.00000000000000 -14.49572012391273 0.00000000000000
9.81563126252495 -9.44468857550921 0.00000000000000 -14.59158161770661 0.00000000000000
9.83166332665321 -9.60154608245965 0.00000000000000 -14.67331432002704 0.00000000000000
9.84769539078146 -9.74616993484150 0.00000000000000 -14.74119382059278 0.00000000000000
9.86372745490972 -9.87870085324658 0.00000000000000 -14.79551299229530 0.00000000000000
9.87975951903798 -9.99929960467730 0.00000000000000 -14.83658054961138 0.00000000000000
9.89579158316623 -10.10814563854504 0.00000000000000 -14.86471962643526 0.00000000000000
9.91182364729449 -10.20543573690509 0.00000000000000 -14.88026637760255 0.00000000000000
9.92785571142274 -10.29138268309283 0.00000000000000 -14.88356860801030 0.00000000000000
9.94388777555100 -10.36621395256670 0.00000000000000 -14.87498443287664 0.00000000000000
9.95991983967925 -10.43017042941236 0.00000000000000 -14.85488097232741 0.00000000000000
9.97595190380751 -10.48350515161985 0.00000000000000 -14.82363308315149 0.00000000000000
9.99198396793576 -10.52648208791470 0.00000000000000 -14.78162213022914 0.00000000000000
10.00801603206402 -10.55937494860296 0.00000000000000 -14.72923479981255 0.00000000000000
10.02404809619228 -10.58246603258202 0.00000000000000 -14.66686195652346 0.00000000000000
10.04008016032053 -10.59604511237398 0.00000000000000 -14.59489754563194 0.00000000000000
10.05611222444879 -10.60040835875557 0.00000000000000 -14.51373754189317 0.00000000000000
10.07214428857704 -10.59585730629071 0.00000000000000 -14.42377894594525 0.00000000000000
10.08817635270530 -10.58269786081711 0.00000000000000 -14.32541882901237 0.00000000000000
10.10420841683355 -10.56123934969827 0.00000000000000 -14.21905342641337 0.00000000000000
10.12024048096181 -10.53179361542592 0.00000000000000 -14.10507728014679 0.00000000000000
10.13627254509007 -10.49467415294679 0.00000000000000 -13.98388243060856 0.00000000000000
10.15230460921832 -10.45019529088958 0.00000000000000 -13.85585765730000 0.00000000000000
10.16833667334658 -10.39867141668493 0.00000000000000 -13.72138776819889 0.00000000000000
10.18436873747483 -10.34041624540147 0.00000000000000 -13.58085293729668 0.00000000000000
10.20040080160309 -10.27574213196491 0.00000000000000 -13.43462808964956 0.00000000000000
10.21643286573134 -10.20495942628441 0.00000000000000 -13.28308233315022 0.00000000000000
10.23246492985960 -10.12837587068025 0.00000000000000 -13.12657843609883 0.00000000000000
10.24849699398785 -10.04629603888943 0.00000000000000 -12.96547234953826 0.00000000000000
10.26452905811611 -9.95902081582021 0.00000000000000 -12.80011277321650 0.00000000000000
10.28056112224437 -9.86684691713262 0.00000000000000 -12.63084076395020 0.00000000000000
10.29659318637262 -9.77006644763850 0.00000000000000 -12.45798938508621 0.00000000000000
10.31262525050088 -9.66896649744288 0.00000000000000 -12.28188339569139 0.00000000000000
10.32865731462913 -9.56382877468555 0.00000000000000 -12.10283897804563 0.00000000000000
10.34468937875739 -9.45492927368833 0.00000000000000 -11.92116350196776 0.00000000000000
10.36072144288564 -9.34253797727061 0.00000000000000 -11.73715532446795 0.00000000000000
10.37675350701390 -9.22691859195896 0.00000000000000 -11.55110362319352 0.00000000000000
10.39278557114216 -9.10832831478940 0.00000000000000 -11.36328826211624 0.00000000000000
10.40881763527041 -8.98701763038085 0.00000000000000 -11.17397968789863 0.00000000000000
10.42484969939867 -8.86323013694437 0.00000000000000 -10.98343885537319 0.00000000000000
10.44088176352692 -8.73720239988591 0.00000000000000 -10.79191718057120 0.00000000000000
10.45691382765518 -8.60916383165917 0.00000000000000 -10.59965651974754 0.00000000000000
10.47294589178343 -8.47933659652917 0.00000000000000 -10.40688917286203 0.00000000000000
10.48897795591169 -8.34793553891638 0.00000000000000 -10.21383790999847 0.00000000000000
10.50501002003995 -8.21516813400506 0.00000000000000 -10.02071601922610 0.00000000000000
10.52104208416820 -8.08123445931657 0.00000000000000 -9.82772737443726 0.00000000000000
10.53707414829646 -7.94632718597061 0.00000000000000 -9.63506652172697 0.00000000000000
10.55310621242471 -7.81063158838105 0.00000000000000 -9.44291878291574 0.00000000000000
10.56913827655297 -7.67432557116122 0.00000000000000 -9.25146037485453 0.00000000000000
10.58517034068122 -7.53757971204305 0.00000000000000 -9.06085854319212 0.00000000000000
10.60120240480948 -7.40055731964699 0.00000000000000 -8.87127170932685 0.00000000000000
10.61723446893773 -7.26341450497352 0.00000000000000 -8.68284962930977 0.00000000000000
10.63326653306599 -7.12630026552282 0.00000000000000 -8.49573356351121 0.00000000000000
10.64929859719425 -6.98935658098599 0.00000000000000 -8.31005645590988 0.00000000000000
10.66533066132250 -6.85271851948956 0.00000000000000 -8.12594312191083 0.00000000000000
10.68136272545076 -6.71651435341347 0.00000000000000 -7.94351044364676 0.00000000000000
10.69739478957901 -6.58086568384220 0.00000000000000 -7.76286757176499 0.00000000000000
10.71342685370727 -6.44588757274845 0.00000000000000 -7.58411613275131 0.00000000000000
10.72945891783552 -6.31168868204888 0.00000000000000 -7.40735044088922 0.00000000000000
10.74549098196378 -6.17837141871103 0.00000000000000 -7.23265771400153 0.00000000000000
10.76152304609204 -6.04603208513043 0.00000000000000 -7.06011829216819 0.00000000000000
10.77755511022029 -5.91476103403641 0.00000000000000 -6.88980585866073 0.00000000000000
10.79358717434855 -5.78464282722404 0.00000000000000 -6.72178766237973 0.00000000000000
10.80961923847680 -5.65575639744807 0.00000000000000 -6.55612474112633 0.00000000000000
10.82565130260506 -5.52817521285267 0.00000000000000 -6.39287214508282 0.00000000000000
10.84168336673331 -5.40196744334754 0.00000000000000 -6.23207915991988 0.00000000000000
10.85771543086157 -5.27719612837766 0.00000000000000 -6.07378952898973 0.00000000000000
10.87374749498982 -5.15391934556846 0.00000000000000 -5.91804167410468 0.00000000000000
10.88977955911808 -5.03219037976344 0.00000000000000 -5.76486891443930 0.00000000000000
10.90581162324634 -4.91205789200377 0.00000000000000 -5.61429968313245 0.00000000000000
10.92184368737459 -4.79356608803245 0.00000000000000 -5.46635774120106 0.00000000000000
10.93787575150285 -4.67675488593589 0.00000000000000 -5.32106238841288 0.00000000000000
10.95390781563110 -4.56166008256677 0.00000000000000 -5.17842867079816 0.00000000000000
10.96993987975936 -4.44831351842012 0.00000000000000 -5.03846758451278 0.00000000000000
10.98597194388761 -4.33674324066293 0.00000000000000 -4.90118627579513 0.00000000000000
11.00200400801587 -4.22697366404376 0.00000000000000 -4.76658823678836 0.00000000000000
11.01803607214413 -4.11902572943473 0.00000000000000 -4.63467349702735 0.00000000000000
11.03406813627238 -4.01291705978192 0.00000000000000 -4.50543881041530 0.00000000000000
11.05010020040064 -3.90866211326411 0.00000000000000 -4.37887783754023 0.00000000000000
11.06613226452889 -3.80627233348102 0.00000000000000 -4.25498132320441 0.00000000000000
11.08216432865715 -3.70575629651374 0.00000000000000 -4.13373726906233 0.00000000000000
11.09819639278540 -3.60711985471933 0.00000000000000 -4.01513110128283 0.00000000000000
11.11422845691366 -3.51036627714049 0.00000000000000 -3.89914583317094 0.00000000000000
11.13026052104192 -3.41549638642877 0.00000000000000 -3.78576222270282 0.00000000000000
11.14629258517017 -3.32250869219634 0.00000000000000 -3.67495892494400 0.00000000000000
11.16232464929843 -3.23139952072688 0.00000000000000 -3.56671263933720 0.00000000000000
11.17835671342668 -3.14216314099101 0.00000000000000 -3.46099825186008 0.00000000000000
11.19438877755494 -3.05479188692479 0.00000000000000 -3.35778897206719 0.00000000000000
11.21042084168319 -2.96927627594311 0.00000000000000 -3.25705646504256 0.00000000000000
11.22645290581145 -2.88560512367123 0.00000000000000 -3.15877097830090 0.00000000000000
11.24248496993970 -2.80376565488902 0.00000000000000 -3.06290146368565 0.00000000000000
11.25851703406796 -2.72374361069224 0.00000000000000 -2.96941569432188 0.00000000000000
11.27454909819622 -2.64552335188499 0.00000000000000 -2.87828037669028 0.00000000000000
11.29058116232447 -2.56908795862567 0.00000000000000 -2.78946125789676 0.00000000000000
11.30661322645273 -2.49441932635708 0.00000000000000 -2.70292322821865 0.00000000000000
11.32264529058098 -2.42149825805807 0.00000000000000 -2.61863041901497 0.00000000000000
11.33867735470924 -2.35030455286120 0.00000000000000 -2.53654629609377 0.00000000000000
11.35470941883749 -2.28081709108617 0.00000000000000 -2.45663374863419 0.00000000000000
11.37074148296575 -2.21301391574483 0.00000000000000 -2.37885517376504 0.00000000000000
11.38677354709401 -2.14687231057760 0.00000000000000 -2.30317255690559 0.00000000000000
11.40280561122226 -2.08236887468603 0.00000000000000 -2.22954754797675 0.00000000000000
11.41883767535052 -2.01947959382947 0.00000000000000 -2.15794153359378 0.00000000000000
11.43486973947877 -1.95817990845736 0.00000000000000 -2.08831570535325 0.00000000000000
11.45090180360703 -1.89844477855143 0.00000000000000 -2.02063112432882 0.00000000000000
11.46693386773528 -1.84024874535429 0.00000000000000 -1.95484878189114 0.00000000000000
11.48296593186354 -1.78356599006321 0.00000000000000 -1.89092965696820 0.00000000000000
11.49899799599179 -1.72837038956926 0.00000000000000 -1.82883476986242 0.00000000000000
11.51503006012005 -1.67463556932349 0.00000000000000 -1.76852523274113 0.00000000000000
11.53106212424831 -1.62233495341255 0.00000000000000 -1.70996229691629 0.00000000000000
11.54709418837656 -1.57144181192719 0.00000000000000 -1.65310739702915 0.00000000000000
11.56312625250482 -1.52192930570708 0.00000000000000 -1.59792219225424 0.00000000000000
11.57915831663307 -1.47377052854594 0.00000000000000 -1.54436860463622 0.00000000000000
11.59519038076133 -1.42693854694055 0.00000000000000 -1.49240885467161 0.00000000000000
11.61122244488958 -1.38140643746723 0.00000000000000 -1.44200549424598 0.00000000000000
11.62725450901784 -1.33714732186857 0.00000000000000 -1.39312143703547 0.00000000000000
11.64328657314610 -1.29413439993284 0.00000000000000 -1.34571998647947 0.00000000000000
11.65931863727435 -1.25234098024751 0.00000000000000 -1.29976486142943 0.00000000000000
11.67535070140261 -1.21174050890726 0.00000000000000 -1.25522021957668 0.00000000000000
11.69138276553086 -1.17230659625600 0.00000000000000 -1.21205067875970 0.00000000000000
11.70741482965912 -1.13401304174096 0.00000000000000 -1.17022133624917 0.00000000000000
11.72344689378737 -1.09683385695564 0.00000000000000 -1.12969778610654 0.00000000000000
11.73947895791563 -1.06074328694715 0.00000000000000 -1.09044613470948 0.00000000000000
11.75551102204389 -1.02571582986163 0.00000000000000 -1.05243301453516 0.00000000000000
11.77154308617214 -0.99172625500018 0.00000000000000 -1.01562559628943 0.00000000000000
11.78757515030040 -0.95874961935600 0.00000000000000 -0.97999159946777 0.00000000000000
11.80360721442865 -0.92676128270152 0.00000000000000 -0.94549930143099 0.00000000000000
11.81963927855691 -0.89573692129295 0.00000000000000 -0.91211754507613 0.00000000000000
11.83567134268516 -0.86565254025768 0.00000000000000 -0.87981574518040 0.00000000000000
11.85170340681342 -0.83648448472808 0.00000000000000 -0.84856389349339 0.00000000000000
11.86773547094167 -0.80820944978371 0.00000000000000 -0.81833256265015 0.00000000000000
11.88376753506993 -0.78080448926184 0.00000000000000 -0.78909290897508 0.00000000000000
11.89979959919819 -0.75424702349456 0.00000000000000 -0.76081667424419 0.00000000000000
11.91583166332644 -0.72851484602880 0.00000000000000 -0.73347618647058 0.00000000000000
11.93186372745470 -0.70358612938372 0.00000000000000 -0.70704435977553 0.00000000000000
11.94789579158295 -0.67943942989822 0.00000000000000 -0.68149469340517 0.00000000000000
11.96392785571121 -0.65605369171943 0.00000000000000 -0.65680126995023 0.00000000000000
11.97995991983946 -0.63340824998123 0.00000000000000 -0.63293875282405 0.00000000000000
11.99599198396772 -0.61148283322008 0.00000000000000 -0.60988238305160 0.00000000000000
12.01202404809598 -0.59025756507374 0.00000000000000 -0.58760797541999 0.00000000000000
12.02805611222423 -0.56971296530663 0.00000000000000 -0.56609191403892 0.00000000000000
12.04408817635249 -0.54982995020392 0.00000000000000 -0.54531114735696 0.00000000000000
12.06012024048074 -0.53058983237489 0.00000000000000 -0.52524318267785 0.00000000000000
12.07615230460900 -0.51197432000412 0.00000000000000 -0.50586608021859 0.00000000000000
12.09218436873725 -0.49396551558788 0.00000000000000 -0.48715844674931 0.00000000000000
12.10821643286551 -0.47654591419128 0.00000000000000 -0.46909942885286 0.00000000000000
12.12424849699376 -0.45969840126009 0.00000000000000 -0.45166870584016 0.00000000000000
12.14028056112202 -0.44340625002002 0.00000000000000 -0.43484648235556 0.00000000000000
12.15631262525028 -0.42765311849439 0.00000000000000 -0.41861348070475 0.00000000000000
12.17234468937853 -0.41242304616995 0.00000000000000 -0.40295093293576 0.00000000000000
12.18837675350679 -0.39770045033910 0.00000000000000 -0.38784057270232 0.00000000000000
12.20440881763504 -0.38347012214547 0.00000000000000 -0.37326462693696 0.00000000000000
12.22044088176330 -0.36971722235863 0.00000000000000 -0.35920580735987 0.00000000000000
12.23647294589155 -0.35642727690203 0.00000000000000 -0.34564730184779 0.00000000000000
12.25250501001981 -0.34358617215771 0.00000000000000 -0.33257276568622 0.00000000000000
12.26853707414807 -0.33118015006944 0.00000000000000 -0.31996631272634 0.00000000000000
12.28456913827632 -0.31919580306529 0.00000000000000 -0.30781250646710 0.00000000000000
12.30060120240458 -0.30762006881934 0.00000000000000 -0.29609635108152 0.00000000000000
12.31663326653283 -0.29644022487121 0.00000000000000 -0.28480328240502 0.00000000000000
12.33266533066109 -0.28564388312100 0.00000000000000 -0.27391915890243 0.00000000000000
12.34869739478934 -0.27521898421632 0.00000000000000 -0.26343025262932 0.00000000000000
12.36472945891760 -0.26515379184721 0.00000000000000 -0.25332324020202 0.00000000000000
12.38076152304586 -0.25543688696351 0.00000000000000 -0.24358519379001 0.00000000000000
12.39679358717411 -0.24605716192885 0.00000000000000 -0.23420357214289 0.00000000000000
12.41282565130237 -0.23700381462418 0.00000000000000 -0.22516621166382 0.00000000000000
12.42885771543062 -0.22826634251308 0.00000000000000 -0.21646131753992 0.00000000000000
12.44488977955888 -0.21983453668044 0.00000000000000 -0.20807745493953 0.00000000000000
12.46092184368713 -0.21169847585515 0.00000000000000 -0.20000354028545 0.00000000000000
12.47695390781539 -0.20384852042692 0.00000000000000 -0.19222883261232 0.00000000000000
12.49298597194364 -0.19627530646644 0.00000000000000 -0.18474292501586 0.00000000000000
12.50901803607190 -0.18896973975779 0.00000000000000 -0.17753573620080 0.00000000000000
12.52505010020016 -0.18192298985101 0.00000000000000 -0.17059750213363 0.00000000000000
12.54108216432841 -0.17512648414236 0.00000000000000 -0.16391876780601 0.00000000000000
12.55711422845667 -0.16857190198928 0.00000000000000 -0.15749037911366 0.00000000000000
12.57314629258492 -0.16225116886634 0.00000000000000 -0.15130347485539 0.00000000000000
12.58917835671318 -0.15615645056818 0.00000000000000 -0.14534947885614 0.00000000000000
12.60521042084143 -0.15028014746470 0.00000000000000 -0.13962009221759 0.00000000000000
12.62124248496969 -0.14461488881353 0.00000000000000 -0.13410728569926 0.00000000000000
12.63727454909795 -0.13915352713435 0.00000000000000 -0.12880329223289 0.00000000000000
12.65330661322620 -0.13388913264895 0.00000000000000 -0.12370059957200 0.00000000000000
12.66933867735446 -0.12881498779090 0.00000000000000 -0.11879194307872 0.00000000000000
12.68537074148271 -0.12392458178814 0.00000000000000 -0.11407029864916 0.00000000000000
12.70140280561097 -0.11921160532132 0.00000000000000 -0.10952887577846 0.00000000000000
12.71743486973922 -0.11466994526075 0.00000000000000 -0.10516111076639 0.00000000000000
12.73346693386748 -0.11029367948407 0.00000000000000 -0.10096066006391 0.00000000000000
12.74949899799573 -0.10607707177683 0.00000000000000 -0.09692139376099 0.00000000000000
12.76553106212399 -0.10201456681769 0.00000000000000 -0.09303738921563 0.00000000000000
12.78156312625225 -0.09810078524966 0.00000000000000 -0.08930292482389 0.00000000000000
12.79759519038050 -0.09433051883877 0.00000000000000 -0.08571247393034 0.00000000000000
12.81362725450876 -0.09069872572103 0.00000000000000 -0.08226069887839 0.00000000000000
12.82965931863701 -0.08720052573857 0.00000000000000 -0.07894244519955 0.00000000000000
12.84569138276527 -0.08383119586558 0.00000000000000 -0.07575273594057 0.00000000000000
12.86172344689352 -0.08058616572438 0.00000000000000 -0.07268676612739 0.00000000000000
12.87775551102178 -0.07746101319183 0.00000000000000 -0.06973989736445 0.00000000000000
12.89378757515004 -0.07445146009627 0.00000000000000 -0.06690765256786 0.00000000000000
12.90981963927829 -0.07155336800480 0.00000000000000 -0.06418571083106 0.00000000000000
12.92585170340655 -0.06876273410065 0.00000000000000 -0.06156990242097 0.00000000000000
12.94188376753480 -0.06607568715032 0.00000000000000 -0.05905620390312 0.00000000000000
12.95791583166306 -0.06348848356002 0.00000000000000 -0.05664073339363 0.00000000000000
12.97394789579131 -0.06099750352071 0.00000000000000 -0.05431974593630 0.00000000000000
12.98997995991957 -0.05859924724113 0.00000000000000 -0.05208962900260 0.00000000000000
13.00601202404783 -0.05629033126790 0.00000000000000 -0.04994689811257 0.00000000000000
13.02204408817608 -0.05406748489200 0.00000000000000 -0.04788819257443 0.00000000000000
13.03807615230434 -0.05192754664030 0.00000000000000 -0.04591027134073 0.00000000000000
13.05410821643259 -0.04986746085150 0.00000000000000 -0.04401000897880 0.00000000000000
13.07014028056085 -0.04788427433499 0.00000000000000 -0.04218439175318 0.00000000000000
13.08617234468910 -0.04597513311170 0.00000000000000 -0.04043051381782 0.00000000000000
13.10220440881736 -0.04413727923558 0.00000000000000 -0.03874557351561 0.00000000000000
13.11823647294561 -0.04236804769439 0.00000000000000 -0.03712686978306 0.00000000000000
13.13426853707387 -0.04066486338859 0.00000000000000 -0.03557179865755 0.00000000000000
13.15030060120213 -0.03902523818684 0.00000000000000 -0.03407784988503 0.00000000000000
13.16633266533038 -0.03744676805672 0.00000000000000 -0.03264260362561 0.00000000000000
13.18236472945864 -0.03592713026921 0.00000000000000 -0.03126372725478 0.00000000000000
13.19839679358689 -0.03446408067557 0.00000000000000 -0.02993897225784 0.00000000000000
13.21442885771515 -0.03305545105492 0.00000000000000 -0.02866617121523 0.00000000000000
13.23046092184340 -0.03169914653120 0.00000000000000 -0.02744323487631 0.00000000000000
13.24649298597166 -0.03039314305783 0.00000000000000 -0.02626814931936 0.00000000000000
13.26252505009992 -0.02913548496859 0.00000000000000 -0.02513897319539 0.00000000000000
13.27855711422817 -0.02792428259311 0.00000000000000 -0.02405383505349 0.00000000000000
13.29458917835643 -0.02675770993554 0.00000000000000 -0.02301093074539 0.00000000000000
13.31062124248468 -0.02563400241451 0.00000000000000 -0.02200852090692 0.00000000000000
13.32665330661294 -0.02455145466318 0.00000000000000 -0.02104492851425 0.00000000000000
13.34268537074119 -0.02350841838748 0.00000000000000 -0.02011853651246 0.00000000000000
13.35871743486945 -0.02250330028112 0.00000000000000 -0.01922778551442 0.00000000000000
13.37474949899770 -0.02153455999571 0.00000000000000 -0.01837117156762 0.00000000000000
13.39078156312596 -0.02060070816444 0.00000000000000 -0.01754724398693 0.00000000000000
13.40681362725422 -0.01970030447768 0.00000000000000 -0.01675460325098 0.00000000000000
13.42284569138247 -0.01883195580898 0.00000000000000 -0.01599189896025 0.00000000000000
13.43887775551073 -0.01799431438985 0.00000000000000 -0.01525782785452 0.00000000000000
13.45490981963898 -0.01718607603175 0.00000000000000 -0.01455113188779 0.00000000000000
13.47094188376724 -0.01640597839374 0.00000000000000 -0.01387059635860 0.00000000000000
13.48697394789549 -0.01565279929422 0.00000000000000 -0.01321504809363 0.00000000000000
13.50300601202375 -0.01492535506517 0.00000000000000 -0.01258335368268 0.00000000000000
13.51903807615201 -0.01422249894742 0.00000000000000 -0.01197441776301 0.00000000000000
13.53507014028026 -0.01354311952536 0.00000000000000 -0.01138718135110 0.00000000000000
13.55110220440852 -0.01288613919951 0.00000000000000 -0.01082062021987 0.00000000000000
13.56713426853677 -0.01225051269557 0.00000000000000 -0.01027374331955 0.00000000000000
13.58316633266503 -0.01163522560822 0.00000000000000 -0.00974559124016 0.00000000000000
13.59919839679328 -0.01103929297838 0.00000000000000 -0.00923523471389 0.00000000000000
13.61523046092154 -0.01046175790227 0.00000000000000 -0.00874177315542 0.00000000000000
13.63126252504980 -0.00990169017084 0.00000000000000 -0.00826433323847 0.00000000000000
13.64729458917805 -0.00935818493801 0.00000000000000 -0.00780206750663 0.00000000000000
13.66332665330631 -0.00883036141634 0.00000000000000 -0.00735415301678 0.00000000000000
13.67935871743456 -0.00831736159855 0.00000000000000 -0.00691979001335 0.00000000000000
13.69539078156282 -0.00781834900345 0.00000000000000 -0.00649820063149 0.00000000000000
13.71142284569107 -0.00733250744479 0.00000000000000 -0.00608862762766 0.00000000000000
13.72745490981933 -0.00685903982153 0.00000000000000 -0.00569033313561 0.00000000000000
13.74348697394758 -0.00639716692812 0.00000000000000 -0.00530259744627 0.00000000000000
13.75951903807584 -0.00594612628328 0.00000000000000 -0.00492471780970 0.00000000000000
13.77555110220410 -0.00550517097573 0.00000000000000 -0.00455600725734 0.00000000000000
13.79158316633235 -0.00507356852548 0.00000000000000 -0.00419579344301 0.00000000000000
13.80761523046061 -0.00465059975924 0.00000000000000 -0.00384341750079 0.00000000000000
13.82364729458886 -0.00423555769829 0.00000000000000 -0.00349823291818 0.00000000000000
13.83967935871712 -0.00382774645741 0.00000000000000 -0.00315960442271 0.00000000000000
13.85571142284537 -0.00342648015348 0.00000000000000 -0.00282690688043 0.00000000000000
13.87174348697363 -0.00303108182198 0.00000000000000 -0.00249952420446 0.00000000000000
13.88777555110189 -0.00264088234006 0.00000000000000 -0.00217684827190 0.00000000000000
13.90380761523014 -0.00225521935461 0.00000000000000 -0.00185827784734 0.00000000000000
13.91983967935840 -0.00187343621372 0.00000000000000 -0.00154321751128 0.00000000000000
13.93587174348665 -0.00149488089990 0.00000000000000 -0.00123107659157 0.00000000000000
13.95190380761491 -0.00111890496374 0.00000000000000 -0.00092126809625 0.00000000000000
13.96793587174316 -0.00074486245597 0.00000000000000 -0.00061320764585 0.00000000000000
13.98396793587142 -0.00037210885672 0.00000000000000 -0.00030631240335 0.00000000000000
13.99999999999967 0.00000000000000 0.00000000000000 0.00000000000000 0.00000000000000
