6.00000000000000 0.00000000000000 0.00000000000000 0.00000000000000 0.00000000000000
6.01603206412826 0.00000000000000 -0.00001728204001 0.00000000000000 0.00001749749468
6.03206412825651 0.00000000000000 -0.00003628030550 0.00000000000000 0.00003673335961
6.04809619238477 0.00000000000000 -0.00005876096074 0.00000000000000 0.00005949621039
6.06412825651303 0.00000000000000 -0.00008668076121 0.00000000000000 0.00008776755695
6.08016032064128 0.00000000000000 -0.00012233239568 0.00000000000000 0.00012386908085
6.09619238476954 0.00000000000000 -0.00016849483913 0.00000000000000 0.00017061489770
6.11222444889780 0.00000000000000 -0.00022859769512 0.00000000000000 0.00023147794140
6.12825651302605 0.00000000000000 -0.00030690722852 0.00000000000000 0.00031077827929
6.14428857715431 0.00000000000000 -0.00040874107994 0.00000000000000 0.00041390043282
6.16032064128257 0.00000000000000 -0.00054071829920 0.00000000000000 0.00054754641251
6.17635270541082 0.00000000000000 -0.00071105119083 0.00000000000000 0.00072003102317
6.19238476953908 0.00000000000000 -0.00092988542194 0.00000000000000 0.00094162594695
6.20841683366733 0.00000000000000 -0.00120969482201 0.00000000000000 0.00122495908377
6.22444889779559 0.00000000000000 -0.00156573724035 0.00000000000000 0.00158547555686
6.24048096192385 0.00000000000000 -0.00201657766542 0.00000000000000 0.00204196661892
6.25651302605210 0.00000000000000 -0.00258468450403 0.00000000000000 0.00261717237461
6.27254509018036 0.00000000000000 -0.00329710442447 0.00000000000000 0.00333846372355
6.28857715430862 0.00000000000000 -0.00418622044757 0.00000000000000 0.00423860818715
6.30460921843687 0.00000000000000 -0.00529059698957 0.00000000000000 0.00535662327647
6.32064128256513 0.00000000000000 -0.00665591429110 0.00000000000000 0.00673871975917
6.33667334669339 0.00000000000000 -0.00833599280109 0.00000000000000 0.00843933527960
6.35270541082164 0.00000000000000 -0.01039390185833 0.00000000000000 0.01052225246874
6.36873747494990 0.00000000000000 -0.01290313354736 0.00000000000000 0.01306178203412
6.38476953907816 0.00000000000000 -0.01594885384580 0.00000000000000 0.01614402293720
6.40080160320641 0.00000000000000 -0.01962921784516 0.00000000000000 0.01986818610230
6.41683366733467 0.00000000000000 -0.02405673056570 0.00000000000000 0.02434796276808
6.43286573146293 0.00000000000000 -0.02935963396949 0.00000000000000 0.02971291766063
6.44889779559118 0.00000000000000 -0.03568329682978 0.00000000000000 0.03610988317397
6.46492985971944 0.00000000000000 -0.04319157972093 0.00000000000000 0.04370432630287
6.48096192384770 0.00000000000000 -0.05206814295679 0.00000000000000 0.05268165559668
6.49699398797595 0.00000000000000 -0.06251766094508 0.00000000000000 0.06324843101200
6.51302605210421 0.00000000000000 -0.07476690227554 0.00000000000000 0.07563343537442
6.52905811623247 0.00000000000000 -0.08906563106997 0.00000000000000 0.09008856236679
6.54509018036072 0.00000000000000 -0.10568728184919 0.00000000000000 0.10688947270369
6.56112224448898 0.00000000000000 -0.12492935758173 0.00000000000000 0.12633596759679
6.57715430861724 0.00000000000000 -0.14711349883731 0.00000000000000 0.14875202693278
6.59318637274549 0.00000000000000 -0.17258517123756 0.00000000000000 0.17448545893742
6.60921843687375 0.00000000000000 -0.20171291883083 0.00000000000000 0.20390710864265
6.62525050100200 0.00000000000000 -0.23488713275530 0.00000000000000 0.23740957434603
6.64128256513026 0.00000000000000 -0.27251828771203 0.00000000000000 0.27540538457033
6.65731462925852 0.00000000000000 -0.31503460343715 0.00000000000000 0.31832459288414
6.67334669338677 0.00000000000000 -0.36287909459682 0.00000000000000 0.36661175438678
6.68937875751503 0.00000000000000 -0.41650598034931 0.00000000000000 0.42072225570771
6.70541082164329 0.00000000000000 -0.47637643420321 0.00000000000000 0.48111797999494
6.72144288577154 0.00000000000000 -0.54295366568148 0.00000000000000 0.54826229949451
6.73747494989980 0.00000000000000 -0.61669733756292 0.00000000000000 0.62261440083110
6.75350701402806 0.00000000000000 -0.69805733595373 0.00000000000000 0.70462296181727
6.76953907815631 0.00000000000000 -0.78746692493361 0.00000000000000 0.79471921332615
6.78557114228457 0.00000000000000 -0.88533533276895 0.00000000000000 0.89330943519437
6.80160320641283 0.00000000000000 -0.99203983239894 0.00000000000000 1.00076695097215
6.81763527054108 0.00000000000000 -1.10791739456735 0.00000000000000 1.11742373209954
6.83366733466934 0.00000000000000 -1.23325600649272 0.00000000000000 1.24356156114212
6.84969939879760 0.00000000000000 -1.36828576986609 0.00000000000000 1.37940315664613
6.86573146292585 0.00000000000000 -1.51316989679185 0.00000000000000 1.52510309369018
6.88176352705411 0.00000000000000 -1.66799574101347 0.00000000000000 1.68073880432635
6.89779559118237 0.00000000000000 -1.83276601152662 0.00000000000000 1.84630177613070
6.91382765531062 0.00000000000000 -2.00739032412555 0.00000000000000 2.02168911114511
6.92985971943888 0.00000000000000 -2.19167725035036 0.00000000000000 2.20669566673042
6.94589178356714 0.00000000000000 -2.38532702583431 0.00000000000000 2.40100693451579
6.96192384769539 0.00000000000000 -2.58792508250192 0.00000000000000 2.60419270927007
6.97795591182365 0.00000000000000 -2.79893656565932 0.00000000000000 2.81570176923967
6.99398797595190 0.00000000000000 -3.01770201082061 0.00000000000000 3.03485774258198
7.01002004008016 0.00000000000000 -3.24343432848746 0.00000000000000 3.26085630629793
7.02605210420842 0.00000000000000 -3.47521717772069 0.00000000000000 3.49276382962498
7.04208416833667 0.00000000000000 -3.71200487398870 0.00000000000000 3.72951758834749
7.05811623246493 0.00000000000000 -3.95262393300316 0.00000000000000 3.96992764803099
7.07414829659319 0.00000000000000 -4.19577632759204 0.00000000000000 4.21268049081127
7.09018036072144 0.00000000000000 -4.44004451086592 0.00000000000000 4.45634443581447
7.10621242484970 0.00000000000000 -4.68389823314873 0.00000000000000 4.69937687677088
7.12224448897796 0.00000000000000 -4.92570315283226 0.00000000000000 4.94013333238493
7.13827655310621 0.00000000000000 -5.16373121296610 0.00000000000000 5.17687827604016
7.15430861723447 0.00000000000000 -5.39617272653116 0.00000000000000 5.40779768199090
7.17034068136273 0.00000000000000 -5.62115008450930 0.00000000000000 5.63101319587955
7.18637274549098 0.00000000000000 -5.83673297260397 0.00000000000000 5.84459780878497
7.20240480961924 0.00000000000000 -6.04095495533506 0.00000000000000 6.04659288661481
7.21843687374750 0.00000000000000 -6.23183126075482 0.00000000000000 6.23502638104267
7.23446893787575 0.00000000000000 -6.40737757571520 0.00000000000000 6.40793202487186
7.25050100200401 0.00000000000000 -6.56562964092074 0.00000000000000 6.56336929414922
7.26653306613227 0.00000000000000 -6.70466341734122 0.00000000000000 6.69944390197023
7.28256513026052 0.00000000000000 -6.82261558128772 0.00000000000000 6.81432857506609
7.29859719438878 0.00000000000000 -6.91770409486406 0.00000000000000 6.90628385422713
7.31462925851704 0.00000000000000 -6.98824859181063 0.00000000000000 6.97367865360704
7.33066132264529 0.00000000000000 -7.03269031610064 0.00000000000000 7.01501031209774
7.34669338677355 0.00000000000000 -7.04961135209347 0.00000000000000 7.02892387231606
7.36272545090180 0.00000000000000 -7.03775289058227 0.00000000000000 7.01423032926930
7.37875751503006 0.00000000000000 -6.99603228460157 0.00000000000000 6.96992360135568
7.39478957915832 0.00000000000000 -6.92355866222061 0.00000000000000 6.89519599082171
7.41082164328657 0.00000000000000 -6.81964688050451 0.00000000000000 6.78945191888297
7.42685370741483 0.00000000000000 -6.68382962508185 0.00000000000000 6.65231974209591
7.44288577154309 0.00000000000000 -6.51586748295953 0.00000000000000 6.48366148086735
7.45891783567134 0.00000000000000 -6.31575684197295 0.00000000000000 6.28358031777875
7.47494989979960 0.00000000000000 -6.08373549811208 0.00000000000000 6.05242575221876
7.49098196392786 0.00000000000000 -5.82028588145205 0.00000000000000 5.79079632816901
7.50701402805611 0.00000000000000 -5.52613584205210 0.00000000000000 5.49953988336095
7.52304609218437 0.00000000000000 -5.20225696847112 0.00000000000000 5.17975129990212
7.53907815631263 0.00000000000000 -4.84986044298148 0.00000000000000 4.83276776833941
7.55511022044088 0.00000000000000 -4.47039046865848 0.00000000000000 4.46016160848608
7.57114228456914 0.00000000000000 -4.06551533380733 0.00000000000000 4.06373072070615
7.58717434869740 0.00000000000000 -3.63711620821846 0.00000000000000 3.64548677027424
7.60320641282565 0.00000000000000 -3.18727379310344 0.00000000000000 3.20764123449894
7.61923847695391 0.00000000000000 -2.71825297188392 0.00000000000000 2.75258946714409
7.63527054108217 0.00000000000000 -2.23248563195689 0.00000000000000 2.28289295698386
7.65130260521042 0.00000000000000 -1.73255184786128 0.00000000000000 1.80125997681859
7.66733466933868 0.00000000000000 -1.22115963369354 0.00000000000000 1.31052483574577
7.68336673346694 0.00000000000000 -0.70112348698989 0.00000000000000 0.81362596077018
7.69939879759519 0.00000000000000 -0.17534195748608 0.00000000000000 0.31358304385146
7.71543086172345 0.00000000000000 0.35322551788342 0.00000000000000 -0.18652650281488
7.73146292585171 0.00000000000000 0.88158226769409 0.00000000000000 -0.68359153709180
7.74749498997996 0.00000000000000 1.40671827892816 0.00000000000000 -1.17449137642234
7.76352705410822 0.00000000000000 1.92563408421607 0.00000000000000 -1.65611994319639
7.77955911823647 0.00000000000000 2.43536440227210 0.00000000000000 -2.12540962851426
7.79559118236473 0.00000000000000 2.93300129791941 0.00000000000000 -2.57935464560240
7.81162324649299 0.00000000000000 3.41571663829638 0.00000000000000 -3.01503365538114
7.82765531062124 0.00000000000000 3.88078363445618 0.00000000000000 -3.42963146021247
7.84368737474950 0.00000000000000 4.32559727235701 0.00000000000000 -3.82045957738712
7.85971943887776 0.00000000000000 4.74769345391958 0.00000000000000 -4.18497552114994
7.87575150300601 0.00000000000000 5.14476668711054 0.00000000000000 -4.52080064070343
7.89178356713427 0.00000000000000 5.51468618359786 0.00000000000000 -4.82573638136140
7.90781563126253 0.00000000000000 5.85551024311523 0.00000000000000 -5.09777885653713
7.92384769539078 0.00000000000000 6.16549882496465 0.00000000000000 -5.33513163923863
7.93987975951904 0.00000000000000 6.44312422878297 0.00000000000000 -5.53621670291277
7.95591182364730 0.00000000000000 6.68707982851267 0.00000000000000 -5.69968346254998
7.97194388777555 0.00000000000000 6.89628682517291 0.00000000000000 -5.82441588766834
7.98797595190381 0.00000000000000 7.06989900526686 0.00000000000000 -5.90953767889883
8.00400801603207 0.00000000000000 7.20730551224403 0.00000000000000 -5.95441551917240
8.02004008016032 0.00000000000000 7.30813165814305 0.00000000000000 -5.95866042877042
8.03607214428858 0.00000000000000 7.37223782117558 0.00000000000000 -5.92212727057442
8.05210420841683 0.00000000000000 7.39971649240223 0.00000000000000 -5.84491246759821
8.06813627254509 0.00000000000000 7.39088755065149 0.00000000000000 -5.72735000919039
8.08416833667334 0.00000000000000 7.34629185931974 0.00000000000000 -5.57000583507202
8.10020040080160 0.00000000000000 7.26668329157038 0.00000000000000 -5.37367069755987
8.11623246492985 0.00000000000000 7.15301930165188 0.00000000000000 -5.13935161188675
8.13226452905811 0.00000000000000 7.00645016953301 0.00000000000000 -4.86826201245275
8.14829659318637 0.00000000000000 6.82830705378694 0.00000000000000 -4.56181073913656
8.16432865731462 0.00000000000000 6.62008899364627 0.00000000000000 -4.22158998249409
8.18036072144288 0.00000000000000 6.38344900541825 0.00000000000000 -3.84936231982124
8.19639278557113 0.00000000000000 6.12017942103778 0.00000000000000 -3.44704697572456
8.21242484969939 0.00000000000000 5.83219661750287 0.00000000000000 -3.01670544110547
8.22845691382764 0.00000000000000 5.52152528535853 0.00000000000000 -2.56052658341208
8.24448897795590 0.00000000000000 5.19028238235998 0.00000000000000 -2.08081137874734
8.26052104208416 0.00000000000000 4.84066091505488 0.00000000000000 -1.57995739304995
8.27655310621241 0.00000000000000 4.47491368638799 0.00000000000000 -1.06044313519879
8.29258517034067 0.00000000000000 4.09533714166807 0.00000000000000 -0.52481239964677
8.30861723446892 0.00000000000000 3.70425543847030 0.00000000000000 0.02434128981527
8.32464929859718 0.00000000000000 3.30400485840568 0.00000000000000 0.58439003021507
8.34068136272543 0.00000000000000 2.89691867030207 0.00000000000000 1.15268658570579
8.35671342685369 0.00000000000000 2.48531254533942 0.00000000000000 1.72657903985221
8.37274549098194 0.00000000000000 2.07147061519378 0.00000000000000 2.30342497163416
8.38877755511020 0.00000000000000 1.65763225439676 0.00000000000000 2.88060508102362
8.40480961923846 0.00000000000000 1.24597965803179 0.00000000000000 3.45553619822380
8.42084168336671 0.00000000000000 0.83862627568227 0.00000000000000 4.02568361891442
8.43687374749497 0.00000000000000 0.43760615233038 0.00000000000000 4.58857271604736
8.45290581162322 0.00000000000000 0.04486421678331 0.00000000000000 5.14179978680474
8.46893787575148 0.00000000000000 -0.33775245173002 0.00000000000000 5.68304210120371
8.48496993987973 0.00000000000000 -0.70850235780426 0.00000000000000 6.21006712644846
8.50100200400799 0.00000000000000 -1.06575631325859 0.00000000000000 6.72074090844194
8.51703406813625 0.00000000000000 -1.40800314688226 0.00000000000000 7.21303559883273
8.53306613226450 0.00000000000000 -1.73385440610383 0.00000000000000 7.68503612255331
8.54909819639276 0.00000000000000 -2.04204806401684 0.00000000000000 8.13494598697505
8.56513026052101 0.00000000000000 -2.33145125246916 0.00000000000000 8.56109223954169
8.58116232464927 0.00000000000000 -2.60106204858696 0.00000000000000 8.96192958603189
8.59719438877752 0.00000000000000 -2.85001034813081 0.00000000000000 9.33604368643306
8.61322645290578 0.00000000000000 -3.07755786445677 0.00000000000000 9.68215364977918
8.62925851703404 0.00000000000000 -3.28309729656935 0.00000000000000 9.99911375321563
8.64529058116229 0.00000000000000 -3.46615071380639 0.00000000000000 10.28591441400889
8.66132264529055 0.00000000000000 -3.62636720809349 0.00000000000000 10.54168244622764
8.67735470941880 0.00000000000000 -3.76351986745933 0.00000000000000 10.76568063639666
8.69338677354706 0.00000000000000 -3.87750212663219 0.00000000000000 10.95730667457971
8.70941883767531 0.00000000000000 -3.96832355206292 0.00000000000000 11.11609147910212
8.72545090180357 0.00000000000000 -4.03610511966995 0.00000000000000 11.24169695449419
8.74148296593182 0.00000000000000 -4.08107404400619 0.00000000000000 11.33391322324669
8.75751503006008 0.00000000000000 -4.10355821744205 0.00000000000000 11.39265537263929
8.77354709418834 0.00000000000000 -4.10398031737765 0.00000000000000 11.41795975825585
8.78957915831659 0.00000000000000 -4.08285163848102 0.00000000000000 11.40997990586011
8.80561122244485 0.00000000000000 -4.04076570553568 0.00000000000000 11.36898205309409
8.82164328657310 0.00000000000000 -3.97839172071262 0.00000000000000 11.29534037200427
8.83767535070136 0.00000000000000 -3.89646789699786 0.00000000000000 11.18953191271954
8.85370741482961 0.00000000000000 -3.79579472714975 0.00000000000000 11.05213130772291
8.86973947895787 0.00000000000000 -3.67722823496908 0.00000000000000 10.88380527509911
8.88577154308613 0.00000000000000 -3.54167325288003 0.00000000000000 10.68530695792223
8.90180360721438 0.00000000000000 -3.39007676687928 0.00000000000000 10.45747013559404
8.91783567134264 0.00000000000000 -3.22342136685021 0.00000000000000 10.20120334147266
8.93386773547089 0.00000000000000 -3.04271883709495 0.00000000000000 9.91748391956261
8.94989979959915 0.00000000000000 -2.84900391874111 0.00000000000000 9.60735205138842
8.96593186372740 0.00000000000000 -2.64332827246400 0.00000000000000 9.27190478246099
8.98196392785566 0.00000000000000 -2.42675466675688 0.00000000000000 8.91229007598506
8.99799599198391 0.00000000000000 -2.20035141380795 0.00000000000000 8.52970091966172
9.01402805611217 0.00000000000000 -1.96518707192685 0.00000000000000 8.12536950962500
9.03006012024043 0.00000000000000 -1.72232543042717 0.00000000000000 7.70056153372928
9.04609218436868 0.00000000000000 -1.47282078993278 0.00000000000000 7.25657057458432
9.06212424849694 0.00000000000000 -1.21771354825279 0.00000000000000 6.79471265092994
9.07815631262519 0.00000000000000 -0.95802609927472 0.00000000000000 6.31632091415916
9.09418837675345 0.00000000000000 -0.69475904977159 0.00000000000000 5.82274051504774
9.11022044088170 0.00000000000000 -0.42888775661433 0.00000000000000 5.31532365403567
9.12625250500996 0.00000000000000 -0.16135918463463 0.00000000000000 4.79542482673896
9.14228456913822 0.00000000000000 0.10691091670020 0.00000000000000 4.26439627475456
9.15831663326647 0.00000000000000 0.37504052155545 0.00000000000000 3.72358365026153
9.17434869739473 0.00000000000000 0.64218352644377 0.00000000000000 3.17432190142251
9.19038076152298 0.00000000000000 0.90753164646960 0.00000000000000 2.61793138415449
9.20641282565124 0.00000000000000 1.17031601759822 0.00000000000000 2.05571420446980
9.22244488977949 0.00000000000000 1.42980851469169 0.00000000000000 1.48895079428950
9.23847695390775 0.00000000000000 1.68532279613972 0.00000000000000 0.91889672240369
9.25450901803601 0.00000000000000 1.93621508684289 0.00000000000000 0.34677974109787
9.27054108216426 0.00000000000000 2.18188471208388 0.00000000000000 -0.22620293211764
9.28657314629252 0.00000000000000 2.42177439545683 0.00000000000000 -0.79888709924728
9.30260521042077 0.00000000000000 2.65537033452107 0.00000000000000 -1.37014383552614
9.31863727454903 0.00000000000000 2.88220206821264 0.00000000000000 -1.93888151548230
9.33466933867728 0.00000000000000 3.10184215029151 0.00000000000000 -2.50404761550637
9.35070140280554 0.00000000000000 3.31390564323411 0.00000000000000 -3.06463029780867
9.36673346693379 0.00000000000000 3.51804944700643 0.00000000000000 -3.61965978129462
9.38276553106205 0.00000000000000 3.71397147708262 0.00000000000000 -4.16820950547137
9.39879759519031 0.00000000000000 3.90140970591529 0.00000000000000 -4.70939709401483
9.41482965931856 0.00000000000000 4.08014108182548 0.00000000000000 -5.24238512507869
9.43086172344682 0.00000000000000 4.24998033897080 0.00000000000000 -5.76638171581777
9.44689378757507 0.00000000000000 4.41077871167777 0.00000000000000 -6.28064092892913
9.46292585170333 0.00000000000000 4.56242256599686 0.00000000000000 -6.78446300928913
9.47895791583158 0.00000000000000 4.70483196086356 0.00000000000000 -7.27719445898482
9.49498997995984 0.00000000000000 4.83795915073399 0.00000000000000 -7.75822795920658
9.51102204408810 0.00000000000000 4.96178704101502 0.00000000000000 -8.22700214758941
9.52705410821635 0.00000000000000 5.07632760703431 0.00000000000000 -8.68300125966361
9.54308617234461 0.00000000000000 5.18162028670061 0.00000000000000 -9.12575464310688
9.55911823647286 0.00000000000000 5.27773035639491 0.00000000000000 -9.55483615348017
9.57515030060112 0.00000000000000 5.36474729901445 0.00000000000000 -9.96986344008243
9.59118236472937 0.00000000000000 5.44278317246851 0.00000000000000 -10.37049713047780
9.60721442885763 0.00000000000000 5.51197098630243 0.00000000000000 -10.75643992213491
9.62324649298588 0.00000000000000 5.57246309350793 0.00000000000000 -11.12743558947511
9.63927855711414 0.00000000000000 5.62442960396778 0.00000000000000 -11.48326791445709
9.65531062124240 0.00000000000000 5.66805682538440 0.00000000000000 -11.82375954863177
9.67134268537065 0.00000000000000 5.70354573695771 0.00000000000000 -12.14877081438659
9.68737474949891 0.00000000000000 5.73111050050977 0.00000000000000 -12.45819845286516
9.70340681362716 0.00000000000000 5.75097701320612 0.00000000000000 -12.75197432579762
9.71943887775542 0.00000000000000 5.76338150549582 0.00000000000000 -13.03006407821291
9.73547094188367 0.00000000000000 5.76856918738765 0.00000000000000 -13.29246576872787
9.75150300601193 0.00000000000000 5.76679294569855 0.00000000000000 -13.53920847382163
9.76753507014019 0.00000000000000 5.75831209445394 0.00000000000000 -13.77035087220983
9.78356713426844 0.00000000000000 5.74339118018801 0.00000000000000 -13.98597981513258
9.79959919839670 0.00000000000000 5.72229884348718 0.00000000000000 -14.18620888806593
9.81563126252495 0.00000000000000 5.69530673773990 0.00000000000000 -14.37117696905943
9.83166332665321 0.00000000000000 5.66268850570281 0.00000000000000 -14.54104678859385
9.84769539078146 0.00000000000000 5.62471881416590 0.00000000000000 -14.69600349554609
9.86372745490972 0.00000000000000 5.58167244669713 0.00000000000000 -14.83625323354164
9.87975951903798 0.00000000000000 5.53382345417027 0.00000000000000 -14.96202173167277
9.89579158316623 0.00000000000000 5.48144436252773 0.00000000000000 -15.07355291326092
9.91182364729449 0.00000000000000 5.42480543700149 0.00000000000000 -15.17110752604895
9.92785571142274 0.00000000000000 5.36417400181045 0.00000000000000 -15.25496179692075
9.94388777555100 0.00000000000000 5.29981381416901 0.00000000000000 -15.32540611396533
9.95991983967925 0.00000000000000 5.23198449128080 0.00000000000000 -15.38274373842954
9.97595190380751 0.00000000000000 5.16094098884975 0.00000000000000 -15.42728954883855
9.99198396793576 0.00000000000000 5.08693312951913 0.00000000000000 -15.45936881930786
10.00801603206402 0.00000000000000 5.01020517954551 0.00000000000000 -15.47931603382351
10.02404809619228 0.00000000000000 4.93099547192871 0.00000000000000 -15.48747373803105
10.04008016032053 0.00000000000000 4.84953607414840 0.00000000000000 -15.48419142984639
10.05611222444879 0.00000000000000 4.76605249860389 0.00000000000000 -15.46982448998577
10.07214428857704 0.00000000000000 4.68076345381220 0.00000000000000 -15.44473315330549
10.08817635270530 0.00000000000000 4.59388063439261 0.00000000000000 -15.40928152164735
10.10420841683355 0.00000000000000 4.50560854785001 0.00000000000000 -15.36383661870039
10.12024048096181 0.00000000000000 4.41614437616496 0.00000000000000 -15.30876748721577
10.13627254509007 0.00000000000000 4.32567787020407 0.00000000000000 -15.24444432874811
10.15230460921832 0.00000000000000 4.23439127497898 0.00000000000000 -15.17123768594350
10.16833667334658 0.00000000000000 4.14245928380543 0.00000000000000 -15.08951766725205
10.18436873747483 0.00000000000000 4.05004901944411 0.00000000000000 -14.99965321381054
10.20040080160309 0.00000000000000 3.95732004034213 0.00000000000000 -14.90201140811828
10.21643286573134 0.00000000000000 3.86442437013651 0.00000000000000 -14.79695682401691
10.23246492985960 0.00000000000000 3.77150654862912 0.00000000000000 -14.68485091738205
10.24849699398785 0.00000000000000 3.67870370249422 0.00000000000000 -14.56605145684083
10.26452905811611 0.00000000000000 3.58614563403582 0.00000000000000 -14.44091199374466
10.28056112224437 0.00000000000000 3.49395492637082 0.00000000000000 -14.30978137055097
10.29659318637262 0.00000000000000 3.40224706347488 0.00000000000000 -14.17300326669908
10.31262525050088 0.00000000000000 3.31113056359154 0.00000000000000 -14.03091578100636
10.32865731462913 0.00000000000000 3.22070712456952 0.00000000000000 -13.88385104955838
10.34468937875739 0.00000000000000 3.13107177975872 0.00000000000000 -13.73213489802178
10.36072144288564 0.00000000000000 3.04231306316176 0.00000000000000 -13.57608652727075
10.37675350701390 0.00000000000000 2.95451318260418 0.00000000000000 -13.41601823118659
10.39278557114216 0.00000000000000 2.86774819975257 0.00000000000000 -13.25223514546473
10.40881763527041 0.00000000000000 2.78208821587578 0.00000000000000 -13.08503502624351
10.42484969939867 0.00000000000000 2.69759756230910 0.00000000000000 -12.91470805735602
10.44088176352692 0.00000000000000 2.61433499464565 0.00000000000000 -12.74153668499662
10.45691382765518 0.00000000000000 2.53235388974157 0.00000000000000 -12.56579547859019
10.47294589178343 0.00000000000000 2.45170244468325 0.00000000000000 -12.38775101665206
10.48897795591169 0.00000000000000 2.37242387692454 0.00000000000000 -12.20766179643161
10.50501002003995 0.00000000000000 2.29455662485993 0.00000000000000 -12.02577816613995
10.52104208416820 0.00000000000000 2.21813454815592 0.00000000000000 -11.84234227857429
10.53707414829646 0.00000000000000 2.14318712721728 0.00000000000000 -11.65758806496640
10.55310621242471 0.00000000000000 2.06973966121677 0.00000000000000 -11.47174122789965
10.56913827655297 0.00000000000000 1.99781346416779 0.00000000000000 -11.28501925216036
10.58517034068122 0.00000000000000 1.92742605856676 0.00000000000000 -11.09763143241049
10.60120240480948 0.00000000000000 1.85859136617874 0.00000000000000 -10.90977891659461
10.61723446893773 0.00000000000000 1.79131989558310 0.00000000000000 -10.72165476401943
10.63326653306599 0.00000000000000 1.72561892613784 0.00000000000000 -10.53344401707286
10.64929859719425 0.00000000000000 1.66149268806083 0.00000000000000 -10.34532378557844
10.66533066132250 0.00000000000000 1.59894253836341 0.00000000000000 -10.15746334281203
10.68136272545076 0.00000000000000 1.53796713240698 0.00000000000000 -9.97002423223845
10.69739478957901 0.00000000000000 1.47856259088668 0.00000000000000 -9.78316038405858
10.71342685370727 0.00000000000000 1.42072266207702 0.00000000000000 -9.59701824068971
10.72945891783552 0.00000000000000 1.36443887920390 0.00000000000000 -9.41173689033578
10.74549098196378 0.00000000000000 1.30970071283415 0.00000000000000 -9.22744820783700
10.76152304609204 0.00000000000000 1.25649571819962 0.00000000000000 -9.04427700202257
10.77755511022029 0.00000000000000 1.20480967739602 0.00000000000000 -8.86234116882367
10.79358717434855 0.00000000000000 1.15462673641845 0.00000000000000 -8.68175184943744
10.80961923847680 0.00000000000000 1.10592953701592 0.00000000000000 -8.50261359286616
10.82565130260506 0.00000000000000 1.05869934336545 0.00000000000000 -8.32502452218895
10.84168336673331 0.00000000000000 1.01291616358305 0.00000000000000 -8.14907650395567
10.85771543086157 0.00000000000000 0.96855886610474 0.00000000000000 -7.97485532012534
10.87374749498982 0.00000000000000 0.92560529098440 0.00000000000000 -7.80244084200265
10.88977955911808 0.00000000000000 0.88403235616800 0.00000000000000 -7.63190720565734
10.90581162324634 0.00000000000000 0.84381615881523 0.00000000000000 -7.46332298834157
10.92184368737459 0.00000000000000 0.80493207174962 0.00000000000000 -7.29675138544989
10.93787575150285 0.00000000000000 0.76735483512726 0.00000000000000 -7.13225038759540
10.95390781563110 0.00000000000000 0.73105864342224 0.00000000000000 -6.96987295740360
10.96993987975936 0.00000000000000 0.69601722783390 0.00000000000000 -6.80966720565287
10.98597194388761 0.00000000000000 0.66220393422668 0.00000000000000 -6.65167656641645
11.00200400801587 0.00000000000000 0.62959179671895 0.00000000000000 -6.49593997088677
11.01803607214413 0.00000000000000 0.59815360704101 0.00000000000000 -6.34249201958698
11.03406813627238 0.00000000000000 0.56786197978610 0.00000000000000 -6.19136315269868
11.05010020040064 0.00000000000000 0.53868941368125 0.00000000000000 -6.04257981825726
11.06613226452889 0.00000000000000 0.51060834900643 0.00000000000000 -5.89616463798818
11.08216432865715 0.00000000000000 0.48359122129252 0.00000000000000 -5.75213657057847
11.09819639278540 0.00000000000000 0.45761051142905 0.00000000000000 -5.61051107219757
11.11422845691366 0.00000000000000 0.43263879231340 0.00000000000000 -5.47130025410088
11.13026052104192 0.00000000000000 0.40864877217300 0.00000000000000 -5.33451303716734
11.14629258517017 0.00000000000000 0.38561333469147 0.00000000000000 -5.20015530324002
11.16232464929843 0.00000000000000 0.36350557606890 0.00000000000000 -5.06823004315451
11.17835671342668 0.00000000000000 0.34229883914516 0.00000000000000 -4.93873750135619
11.19438877755494 0.00000000000000 0.32196674471352 0.00000000000000 -4.81167531702149
11.21042084168319 0.00000000000000 0.30248322015022 0.00000000000000 -4.68703866161269
11.22645290581145 0.00000000000000 0.28382252548315 0.00000000000000 -4.56482037280855
11.24248496993970 0.00000000000000 0.26595927702101 0.00000000000000 -4.44501108476547
11.25851703406796 0.00000000000000 0.24886846866118 0.00000000000000 -4.32759935467554
11.27454909819622 0.00000000000000 0.23252549099254 0.00000000000000 -4.21257178559850
11.29058116232447 0.00000000000000 0.21690614830590 0.00000000000000 -4.09991314555490
11.30661322645273 0.00000000000000 0.20198667362249 0.00000000000000 -3.98960648287695
11.32264529058098 0.00000000000000 0.18774374184730 0.00000000000000 -3.88163323782261
11.33867735470924 0.00000000000000 0.17415448115132 0.00000000000000 -3.77597335046629
11.35470941883749 0.00000000000000 0.16119648268329 0.00000000000000 -3.67260536488725
11.37074148296575 0.00000000000000 0.14884780870851 0.00000000000000 -3.57150652968358
11.38677354709401 0.00000000000000 0.13708699926893 0.00000000000000 -3.47265289484610
11.40280561122226 0.00000000000000 0.12589307745522 0.00000000000000 -3.37601940503221
11.41883767535052 0.00000000000000 0.11524555337868 0.00000000000000 -3.28157998928516
11.43486973947877 0.00000000000000 0.10512442692714 0.00000000000000 -3.18930764724880
11.45090180360703 0.00000000000000 0.09551018938589 0.00000000000000 -3.09917453193255
11.46693386773528 0.00000000000000 0.08638382400149 0.00000000000000 -3.01115202908488
11.48296593186354 0.00000000000000 0.07772680556297 0.00000000000000 -2.92521083323720
11.49899799599179 0.00000000000000 0.06952109907190 0.00000000000000 -2.84132102048319
11.51503006012005 0.00000000000000 0.06174915756947 0.00000000000000 -2.75945211806124
11.53106212424831 0.00000000000000 0.05439391918597 0.00000000000000 -2.67957317080995
11.54709418837656 0.00000000000000 0.04743880347478 0.00000000000000 -2.60165280456868
11.56312625250482 0.00000000000000 0.04086770709012 0.00000000000000 -2.52565928659693
11.57915831663307 0.00000000000000 0.03466499886506 0.00000000000000 -2.45156058308751
11.59519038076133 0.00000000000000 0.02881551434326 0.00000000000000 -2.37932441384974
11.61122244488958 0.00000000000000 0.02330454981548 0.00000000000000 -2.30891830423964
11.62725450901784 0.00000000000000 0.01811785590897 0.00000000000000 -2.24030963441478
11.64328657314610 0.00000000000000 0.01324163077539 0.00000000000000 -2.17346568599181
11.65931863727435 0.00000000000000 0.00866251292058 0.00000000000000 -2.10835368618471
11.67535070140261 0.00000000000000 0.00436757371679 0.00000000000000 -2.04494084950206
11.69138276553086 0.00000000000000 0.00034430963597 0.00000000000000 -1.98319441708110
11.70741482965912 0.00000000000000 -0.00341936575987 0.00000000000000 -1.92308169373624
11.72344689378737 0.00000000000000 -0.00693513003696 0.00000000000000 -1.86457008279898
11.73947895791563 0.00000000000000 -0.01021426028493 0.00000000000000 -1.80762711882551
11.75551102204389 0.00000000000000 -0.01326764165883 0.00000000000000 -1.75222049824778
11.77154308617214 0.00000000000000 -0.01610577603992 0.00000000000000 -1.69831810804241
11.78757515030040 0.00000000000000 -0.01873879078905 0.00000000000000 -1.64588805249115
11.80360721442865 0.00000000000000 -0.02117644756821 0.00000000000000 -1.59489867810554
11.81963927855691 0.00000000000000 -0.02342815120747 0.00000000000000 -1.54531859678687
11.83567134268516 0.00000000000000 -0.02550295859614 0.00000000000000 -1.49711670729155
11.85170340681342 0.00000000000000 -0.02740958757862 0.00000000000000 -1.45026221507071
11.86773547094167 0.00000000000000 -0.02915642583673 0.00000000000000 -1.40472465055115
11.88376753506993 0.00000000000000 -0.03075153974172 0.00000000000000 -1.36047388592359
11.89979959919819 0.00000000000000 -0.03220268316077 0.00000000000000 -1.31748015050263
11.91583166332644 0.00000000000000 -0.03351730620350 0.00000000000000 -1.27571404472117
11.93186372745470 0.00000000000000 -0.03470256389586 0.00000000000000 -1.23514655282064
11.94789579158295 0.00000000000000 -0.03576532476929 0.00000000000000 -1.19574905429670
11.96392785571121 0.00000000000000 -0.03671217935463 0.00000000000000 -1.15749333415861
11.97995991983946 0.00000000000000 -0.03754944857090 0.00000000000000 -1.12035159205865
11.99599198396772 0.00000000000000 -0.03828319200030 0.00000000000000 -1.08429645034657
12.01202404809598 0.00000000000000 -0.03891921604146 0.00000000000000 -1.04930096110233
12.02805611222423 0.00000000000000 -0.03946308193399 0.00000000000000 -1.01533861219869
12.04408817635249 0.00000000000000 -0.03992011364816 0.00000000000000 -0.98238333244375
12.06012024048074 0.00000000000000 -0.04029540563417 0.00000000000000 -0.95040949585194
12.07615230460900 0.00000000000000 -0.04059383042639 0.00000000000000 -0.91939192509007
12.09218436873725 0.00000000000000 -0.04082004609840 0.00000000000000 -0.88930589414390
12.10821643286551 0.00000000000000 -0.04097850356541 0.00000000000000 -0.86012713024877
12.12424849699376 0.00000000000000 -0.04107345373126 0.00000000000000 -0.83183181512650
12.14028056112202 0.00000000000000 -0.04110895447760 0.00000000000000 -0.80439658556915
12.15631262525028 0.00000000000000 -0.04108887749340 0.00000000000000 -0.77779853340871
12.17234468937853 0.00000000000000 -0.04101691494360 0.00000000000000 -0.75201520491040
12.18837675350679 0.00000000000000 -0.04089658597581 0.00000000000000 -0.72702459962574
12.20440881763504 0.00000000000000 -0.04073124306471 0.00000000000000 -0.70280516874014
12.22044088176330 0.00000000000000 -0.04052407819387 0.00000000000000 -0.67933581294840
12.23647294589155 0.00000000000000 -0.04027812887535 0.00000000000000 -0.65659587989013
12.25250501001981 0.00000000000000 -0.03999628400753 0.00000000000000 -0.63456516117566
12.26853707414807 0.00000000000000 -0.03968128957201 0.00000000000000 -0.61322388903206
12.28456913827632 0.00000000000000 -0.03933575417069 0.00000000000000 -0.59255273259702
12.30060120240458 0.00000000000000 -0.03896215440431 0.00000000000000 -0.57253279388784
12.31663326653283 0.00000000000000 -0.03856284009415 0.00000000000000 -0.55314560347082
12.33266533066109 0.00000000000000 -0.03814003934844 0.00000000000000 -0.53437311585596
12.34869739478934 0.00000000000000 -0.03769586347565 0.00000000000000 -0.51619770463988
12.36472945891760 0.00000000000000 -0.03723231174650 0.00000000000000 -0.49860215741965
12.38076152304586 0.00000000000000 -0.03675127600726 0.00000000000000 -0.48156967049844
12.39679358717411 0.00000000000000 -0.03625454514642 0.00000000000000 -0.46508384340319
12.41282565130237 0.00000000000000 -0.03574380941739 0.00000000000000 -0.44912867323361
12.42885771543062 0.00000000000000 -0.03522066461979 0.00000000000000 -0.43368854886049
12.44488977955888 0.00000000000000 -0.03468661614197 0.00000000000000 -0.41874824499067
12.46092184368713 0.00000000000000 -0.03414308286758 0.00000000000000 -0.40429291611506
12.47695390781539 0.00000000000000 -0.03359140094891 0.00000000000000 -0.39030809035502
12.49298597194364 0.00000000000000 -0.03303282744997 0.00000000000000 -0.37677966322189
12.50901803607190 0.00000000000000 -0.03246854386210 0.00000000000000 -0.36369389130338
12.52505010020016 0.00000000000000 -0.03189965949519 0.00000000000000 -0.35103738588985
12.54108216432841 0.00000000000000 -0.03132721474729 0.00000000000000 -0.33879710655287
12.55711422845667 0.00000000000000 -0.03075218425575 0.00000000000000 -0.32696035468738
12.57314629258492 0.00000000000000 -0.03017547993275 0.00000000000000 -0.31551476702861
12.58917835671318 0.00000000000000 -0.02959795388829 0.00000000000000 -0.30444830915370
12.60521042084143 0.00000000000000 -0.02902040124355 0.00000000000000 -0.29374926897765
12.62124248496969 0.00000000000000 -0.02844356283755 0.00000000000000 -0.28340625025261
12.63727454909795 0.00000000000000 -0.02786812783023 0.00000000000000 -0.27340816607873
12.65330661322620 0.00000000000000 -0.02729473620461 0.00000000000000 -0.26374423243445
12.66933867735446 0.00000000000000 -0.02672398117114 0.00000000000000 -0.25440396173342
12.68537074148271 0.00000000000000 -0.02615641147704 0.00000000000000 -0.24537715641477
12.70140280561097 0.00000000000000 -0.02559253362336 0.00000000000000 -0.23665390257302
12.71743486973922 0.00000000000000 -0.02503281399271 0.00000000000000 -0.22822456363337
12.73346693386748 0.00000000000000 -0.02447768089033 0.00000000000000 -0.22007977407764
12.74949899799573 0.00000000000000 -0.02392752650119 0.00000000000000 -0.21221043322577
12.76553106212399 0.00000000000000 -0.02338270876580 0.00000000000000 -0.20460769907745
12.78156312625225 0.00000000000000 -0.02284355317742 0.00000000000000 -0.19726298221783
12.79759519038050 0.00000000000000 -0.02231035450309 0.00000000000000 -0.19016793979110
12.81362725450876 0.00000000000000 -0.02178337843111 0.00000000000000 -0.18331446954534
12.82965931863701 0.00000000000000 -0.02126286314742 0.00000000000000 -0.17669470395162
12.84569138276527 0.00000000000000 -0.02074902084324 0.00000000000000 -0.17030100440013
12.86172344689352 0.00000000000000 -0.02024203915639 0.00000000000000 -0.16412595547570
12.87775551102178 0.00000000000000 -0.01974208254851 0.00000000000000 -0.15816235931487
12.89378757515004 0.00000000000000 -0.01924929362051 0.00000000000000 -0.15240323004647
12.90981963927829 0.00000000000000 -0.01876379436846 0.00000000000000 -0.14684178831706
12.92585170340655 0.00000000000000 -0.01828568738190 0.00000000000000 -0.14147145590303
12.94188376753480 0.00000000000000 -0.01781505698685 0.00000000000000 -0.13628585041002
12.95791583166306 0.00000000000000 -0.01735197033544 0.00000000000000 -0.13127878006094
12.97394789579131 0.00000000000000 -0.01689647844408 0.00000000000000 -0.12644423857323
12.98997995991957 0.00000000000000 -0.01644861718229 0.00000000000000 -0.12177640012578
13.00601202404783 0.00000000000000 -0.01600840821374 0.00000000000000 -0.11726961441605
13.02204408817608 0.00000000000000 -0.01557585989165 0.00000000000000 -0.11291840180736
13.03807615230434 0.00000000000000 -0.01515096811001 0.00000000000000 -0.10871744856665
13.05410821643259 0.00000000000000 -0.01473371711255 0.00000000000000 -0.10466160219236
13.07014028056085 0.00000000000000 -0.01432408026089 0.00000000000000 -0.10074586683225
13.08617234468910 0.00000000000000 -0.01392202076368 0.00000000000000 -0.09696539879082
13.10220440881736 0.00000000000000 -0.01352749236816 0.00000000000000 -0.09331550212577
13.11823647294561 0.00000000000000 -0.01314044001560 0.00000000000000 -0.08979162433282
13.13426853707387 0.00000000000000 -0.01276080046216 0.00000000000000 -0.08638935211837
13.15030060120213 0.00000000000000 -0.01238850286656 0.00000000000000 -0.08310440725880
13.16633266533038 0.00000000000000 -0.01202346934580 0.00000000000000 -0.07993264254596
13.18236472945864 0.00000000000000 -0.01166561550040 0.00000000000000 -0.07687003781735
13.19839679358689 0.00000000000000 -0.01131485091026 0.00000000000000 -0.07391269607032
13.21442885771515 0.00000000000000 -0.01097107960250 0.00000000000000 -0.07105683965885
13.23046092184340 0.00000000000000 -0.01063420049230 0.00000000000000 -0.06829880657181
13.24649298597166 0.00000000000000 -0.01030410779802 0.00000000000000 -0.06563504679135
13.26252505009992 0.00000000000000 -0.00998069143155 0.00000000000000 -0.06306211873014
13.27855711422817 0.00000000000000 -0.00966383736507 0.00000000000000 -0.06057668574591
13.29458917835643 0.00000000000000 -0.00935342797512 0.00000000000000 -0.05817551273200
13.31062124248468 0.00000000000000 -0.00904934236494 0.00000000000000 -0.05585546278235
13.32665330661294 0.00000000000000 -0.00875145666615 0.00000000000000 -0.05361349392926
13.34268537074119 0.00000000000000 -0.00845964432051 0.00000000000000 -0.05144665595260
13.35871743486945 0.00000000000000 -0.00817377634268 0.00000000000000 -0.04935208725860
13.37474949899770 0.00000000000000 -0.00789372156481 0.00000000000000 -0.04732701182668
13.39078156312596 0.00000000000000 -0.00761934686375 0.00000000000000 -0.04536873622267
13.40681362725422 0.00000000000000 -0.00735051737163 0.00000000000000 -0.04347464667663
13.42284569138247 0.00000000000000 -0.00708709667051 0.00000000000000 -0.04164220622356
13.43887775551073 0.00000000000000 -0.00682894697182 0.00000000000000 -0.03986895190526
13.45490981963898 0.00000000000000 -0.00657592928129 0.00000000000000 -0.03815249203159
13.47094188376724 0.00000000000000 -0.00632790354992 0.00000000000000 -0.03649050349921
13.48697394789549 0.00000000000000 -0.00608472881167 0.00000000000000 -0.03488072916613
13.50300601202375 0.00000000000000 -0.00584626330841 0.00000000000000 -0.03332097528016
13.51903807615201 0.00000000000000 -0.00561236460270 0.00000000000000 -0.03180910895938
13.53507014028026 0.00000000000000 -0.00538288967892 0.00000000000000 -0.03034305572283
13.55110220440852 0.00000000000000 -0.00515769503325 0.00000000000000 -0.02892079706951
13.56713426853677 0.00000000000000 -0.00493663675300 0.00000000000000 -0.02754036810378
13.58316633266503 0.00000000000000 -0.00471957058567 0.00000000000000 -0.02619985520529
13.59919839679328 0.00000000000000 -0.00450635199829 0.00000000000000 -0.02489739374152
13.61523046092154 0.00000000000000 -0.00429683622736 0.00000000000000 -0.02363116582092
13.63126252504980 0.00000000000000 -0.00409087831975 0.00000000000000 -0.02239939808481
13.64729458917805 0.00000000000000 -0.00388833316509 0.00000000000000 -0.02120035953603
13.66332665330631 0.00000000000000 -0.00368905551974 0.00000000000000 -0.02003235940240
13.67935871743456 0.00000000000000 -0.00349290002293 0.00000000000000 -0.01889374503291
13.69539078156282 0.00000000000000 -0.00329972120522 0.00000000000000 -0.01778289982483
13.71142284569107 0.00000000000000 -0.00310937348956 0.00000000000000 -0.01669824117948
13.72745490981933 0.00000000000000 -0.00292171118533 0.00000000000000 -0.01563821848490
13.74348697394758 0.00000000000000 -0.00273658847555 0.00000000000000 -0.01460131112312
13.75951903807584 0.00000000000000 -0.00255385939744 0.00000000000000 -0.01358602650018
13.77555110220410 0.00000000000000 -0.00237337781669 0.00000000000000 -0.01259089809669
13.79158316633235 0.00000000000000 -0.00219499739553 0.00000000000000 -0.01161448353689
13.80761523046061 0.00000000000000 -0.00201857155483 0.00000000000000 -0.01065536267401
13.82364729458886 0.00000000000000 -0.00184395343037 0.00000000000000 -0.00971213568994
13.83967935871712 0.00000000000000 -0.00167099582359 0.00000000000000 -0.00878342120689
13.85571142284537 0.00000000000000 -0.00149955114668 0.00000000000000 -0.00786785440886
13.87174348697363 0.00000000000000 -0.00132947136249 0.00000000000000 -0.00696408517087
13.88777555110189 0.00000000000000 -0.00116060791906 0.00000000000000 -0.00607077619342
13.90380761523014 0.00000000000000 -0.00099281167913 0.00000000000000 -0.00518660114015
13.91983967935840 0.00000000000000 -0.00082593284455 0.00000000000000 -0.00431024277623
13.93587174348665 0.00000000000000 -0.00065982087573 0.00000000000000 -0.00344039110515
13.95190380761491 0.00000000000000 -0.00049432440631 0.00000000000000 -0.00257574150157
13.96793587174316 0.00000000000000 -0.00032929115284 0.00000000000000 -0.00171499283774
13.98396793587142 0.00000000000000 -0.00016456781984 0.00000000000000 -0.00085684560103
13.99999999999967 0.00000000000000 0.00000000000000 0.00000000000000 0.00000000000000
