6.00000000000000 0.00000000000000 0.00000000000000 0.00000000000000 0.00000000000000
6.01603206412826 0.00000000000000 -0.00001235895534 0.00000000000000 0.00001251303613
6.03206412825651 0.00000000000000 -0.00002598171710 0.00000000000000 0.00002630617170
6.04809619238477 0.00000000000000 -0.00004217498218 0.00000000000000 0.00004270270858
6.06412825651303 0.00000000000000 -0.00006239643316 0.00000000000000 0.00006317876934
6.08016032064128 0.00000000000000 -0.00008836736369 0.00000000000000 0.00008947741613
6.09619238476954 0.00000000000000 -0.00012219094299 0.00000000000000 0.00012372841582
6.11222444889780 0.00000000000000 -0.00016648346028 0.00000000000000 0.00016858111693
6.12825651302605 0.00000000000000 -0.00022452508271 0.00000000000000 0.00022735706116
6.14428857715431 0.00000000000000 -0.00030043631411 0.00000000000000 0.00030422859074
6.16032064128257 0.00000000000000 -0.00039938629844 0.00000000000000 0.00040442966251
6.17635270541082 0.00000000000000 -0.00052783926318 0.00000000000000 0.00053450522769
6.19238476953908 0.00000000000000 -0.00069384566416 0.00000000000000 0.00070260580140
6.20841683366733 0.00000000000000 -0.00090738491675 0.00000000000000 0.00091883416699
6.22444889779559 0.00000000000000 -0.00118076692914 0.00000000000000 0.00119565148881
6.24048096192385 0.00000000000000 -0.00152909995161 0.00000000000000 0.00154835040040
6.25651302605210 0.00000000000000 -0.00197083248181 0.00000000000000 0.00199560285448
6.27254509018036 0.00000000000000 -0.00252837708484 0.00000000000000 0.00256009063030
6.28857715430862 0.00000000000000 -0.00322882396284 0.00000000000000 0.00326922635631
6.30460921843687 0.00000000000000 -0.00410475190767 0.00000000000000 0.00415597268827
6.32064128256513 0.00000000000000 -0.00519514385913 0.00000000000000 0.00525976685005
6.33667334669339 0.00000000000000 -0.00654641341569 0.00000000000000 0.00662755684042
6.35270541082164 0.00000000000000 -0.00821354431622 0.00000000000000 0.00831495120767
6.36873747494990 0.00000000000000 -0.01026133469834 0.00000000000000 0.01038747393505
6.38476953907816 0.00000000000000 -0.01276576277606 0.00000000000000 0.01292194110575
6.40080160320641 0.00000000000000 -0.01581547125407 0.00000000000000 0.01600795642799
6.41683366733467 0.00000000000000 -0.01951336378649 0.00000000000000 0.01974951862152
6.43286573146293 0.00000000000000 -0.02397830605506 0.00000000000000 0.02426673290599
6.44889779559118 0.00000000000000 -0.02934692074545 0.00000000000000 0.02969761547704
6.46492985971944 0.00000000000000 -0.03577546181191 0.00000000000000 0.03619997590567
6.48096192384770 0.00000000000000 -0.04344174922116 0.00000000000000 0.04395335813483
6.49699398797595 0.00000000000000 -0.05254714091656 0.00000000000000 0.05316101623816
6.51302605210421 0.00000000000000 -0.06331851411980 0.00000000000000 0.06405189642664
6.52905811623247 0.00000000000000 -0.07601022338165 0.00000000000000 0.07688259203551
6.54509018036072 0.00000000000000 -0.09090599811378 0.00000000000000 0.09193923350533
6.56112224448898 0.00000000000000 -0.10832073779997 0.00000000000000 0.10953927081137
6.57715430861724 0.00000000000000 -0.12860215883053 0.00000000000000 0.13003310152957
6.59318637274549 0.00000000000000 -0.15213224306894 0.00000000000000 0.15380549389863
6.60921843687375 0.00000000000000 -0.17932843499117 0.00000000000000 0.18127675099527
6.62525050100200 0.00000000000000 -0.21064453168432 0.00000000000000 0.21290355963417
6.64128256513026 0.00000000000000 -0.24657120829779 0.00000000000000 0.24917946598239
6.65731462925852 0.00000000000000 -0.28763612084643 0.00000000000000 0.29063491928072
6.67334669338677 0.00000000000000 -0.33440352869830 0.00000000000000 0.33783682561870
6.68937875751503 0.00000000000000 -0.38747338075073 0.00000000000000 0.39138755552701
6.70541082164329 0.00000000000000 -0.44747981229805 0.00000000000000 0.45192335231792
6.72144288577154 0.00000000000000 -0.51508900398762 0.00000000000000 0.52011209268524
6.73747494989980 0.00000000000000 -0.59099636008359 0.00000000000000 0.59665035709986
6.75350701402806 0.00000000000000 -0.67592297051534 0.00000000000000 0.68225977500496
6.76953907815631 0.00000000000000 -0.77061132984753 0.00000000000000 0.77768261868655
6.78557114228457 0.00000000000000 -0.87582029630680 0.00000000000000 0.88367662989523
6.80160320641283 0.00000000000000 -0.99231928523099 0.00000000000000 1.00100907470678
6.81763527054108 0.00000000000000 -1.12088170363269 0.00000000000000 1.13045003458157
6.83366733466934 0.00000000000000 -1.26227764581455 0.00000000000000 1.27276495491678
6.84969939879760 0.00000000000000 -1.41726588393499 0.00000000000000 1.42870648637761
6.86573146292585 0.00000000000000 -1.58658520186394 0.00000000000000 1.59900566864662
6.88176352705411 0.00000000000000 -1.77094513533430 0.00000000000000 1.78436252071214
6.89779559118237 0.00000000000000 -1.97101619600979 0.00000000000000 1.98543611608267
6.91382765531062 0.00000000000000 -2.18741967110296 0.00000000000000 2.20283424159163
6.92985971943888 0.00000000000000 -2.42071710101832 0.00000000000000 2.43710281025161
6.94589178356714 0.00000000000000 -2.67139954867573 0.00000000000000 2.68871514035655
6.96192384769539 0.00000000000000 -2.93987678727261 0.00000000000000 2.95806110695085
6.97795591182365 0.00000000000000 -3.22646654183571 0.00000000000000 3.24543636684543
6.99398797595190 0.00000000000000 -3.53138395014832 0.00000000000000 3.55103182410077
7.01002004008016 0.00000000000000 -3.85473139569369 0.00000000000000 3.87492348857360
7.02605210420842 0.00000000000000 -4.19648880391606 0.00000000000000 4.21706285802902
7.04208416833667 0.00000000000000 -4.55650458512103 0.00000000000000 4.57726798980311
7.05811623246493 0.00000000000000 -4.93448737759876 0.00000000000000 4.95521541574773
7.07414829659319 0.00000000000000 -5.32999873655678 0.00000000000000 5.35043304799772
7.09018036072144 0.00000000000000 -5.74244690752775 0.00000000000000 5.76229421563363
7.10621242484970 0.00000000000000 -6.17108181348790 0.00000000000000 6.19001296230259
7.12224448897796 0.00000000000000 -6.61499137311310 0.00000000000000 6.63264072242755
7.13827655310621 0.00000000000000 -7.07309925356843 0.00000000000000 7.08906447894428
7.15430861723447 0.00000000000000 -7.54416414517584 0.00000000000000 7.55800648876834
7.17034068136273 0.00000000000000 -8.02678062747830 0.00000000000000 8.03802564366426
7.18637274549098 0.00000000000000 -8.51938167689884 0.00000000000000 8.52752051416010
7.20240480961924 0.00000000000000 -9.02024284569241 0.00000000000000 9.02473410294371
7.21843687374750 0.00000000000000 -9.52748812054415 0.00000000000000 9.52776031214275
7.23446893787575 0.00000000000000 -10.03909744733443 0.00000000000000 10.03455210639209
7.25050100200401 0.00000000000000 -10.55291588663224 0.00000000000000 10.54293133100542
7.26653306613227 0.00000000000000 -11.06666434276094 0.00000000000000 11.05060012226794
7.28256513026052 0.00000000000000 -11.57795178816522 0.00000000000000 11.55515382522384
7.29859719438878 0.00000000000000 -12.08428888464212 0.00000000000000 12.05409531370339
7.31462925851704 0.00000000000000 -12.58310288411229 0.00000000000000 12.54485058805364
7.33066132264529 0.00000000000000 -13.07175367430222 0.00000000000000 13.02478550841421
7.34669338677355 0.00000000000000 -13.54755081925502 0.00000000000000 13.49122350569130
7.36272545090180 0.00000000000000 -14.00777143122249 0.00000000000000 13.94146409886685
7.37875751503006 0.00000000000000 -14.44967869940833 0.00000000000000 14.37280203613412
7.39478957915832 0.00000000000000 -14.87054089238515 0.00000000000000 14.78254686872851
7.41082164328657 0.00000000000000 -15.26765064490210 0.00000000000000 15.16804276033048
7.42685370741483 0.00000000000000 -15.63834433629771 0.00000000000000 15.52668833161669
7.44288577154309 0.00000000000000 -15.98002136684971 0.00000000000000 15.85595633893963
7.45891783567134 0.00000000000000 -16.29016314010105 0.00000000000000 16.15341298819278
7.47494989979960 0.00000000000000 -16.56635156342694 0.00000000000000 16.41673668959277
7.49098196392786 0.00000000000000 -16.80628688574093 0.00000000000000 16.64373606626603
7.50701402805611 0.00000000000000 -17.00780470012885 0.00000000000000 16.83236703901089
7.52304609218437 0.00000000000000 -17.16889195016808 0.00000000000000 16.98074882123085
7.53907815631263 0.00000000000000 -17.28770179152577 0.00000000000000 17.08717867158552
7.55511022044088 0.00000000000000 -17.36256717490054 0.00000000000000 17.15014526714324
7.57114228456914 0.00000000000000 -17.39201303222729 0.00000000000000 17.16834057648561
7.58717434869740 0.00000000000000 -17.37476696503888 0.00000000000000 17.14067013003855
7.60320641282565 0.00000000000000 -17.30976835169947 0.00000000000000 17.06626160360790
7.61923847695391 0.00000000000000 -17.19617580861751 0.00000000000000 16.94447165039626
7.63527054108217 0.00000000000000 -17.03337295923713 0.00000000000000 16.77489093639369
7.65130260521042 0.00000000000000 -16.82097248332907 0.00000000000000 16.55734735369083
7.66733466933868 0.00000000000000 -16.55881843760019 0.00000000000000 16.29190740569864
7.68336673346694 0.00000000000000 -16.24698685667279 0.00000000000000 15.97887577722280
7.69939879759519 0.00000000000000 -15.88578466082536 0.00000000000000 15.61879312060270
7.71543086172345 0.00000000000000 -15.47574691333581 0.00000000000000 15.21243210647397
7.73146292585171 0.00000000000000 -15.01763248564309 0.00000000000000 14.76079180396136
7.74749498997996 0.00000000000000 -14.51241820268915 0.00000000000000 14.26509047009256
7.76352705410822 0.00000000000000 -13.96129155359089 0.00000000000000 13.72675684180391
7.77955911823647 0.00000000000000 -13.36564206411666 0.00000000000000 13.14742003597711
7.79559118236473 0.00000000000000 -12.72705143722719 0.00000000000000 12.52889817341458
7.81162324649299 0.00000000000000 -12.04728257613682 0.00000000000000 11.87318585147268
7.82765531062124 0.00000000000000 -11.32826761093005 0.00000000000000 11.18244059719414
7.84368737474950 0.00000000000000 -10.57209505473177 0.00000000000000 10.45896843820413
7.85971943887776 0.00000000000000 -9.78099621879671 0.00000000000000 9.70520873237459
7.87575150300601 0.00000000000000 -8.95733101769784 0.00000000000000 8.92371839935331
7.89178356713427 0.00000000000000 -8.10357329611640 0.00000000000000 8.11715569755605
7.90781563126253 0.00000000000000 -7.22229580764500 0.00000000000000 7.28826368920214
7.92384769539078 0.00000000000000 -6.31615497360325 0.00000000000000 6.43985353352850
7.93987975951904 0.00000000000000 -5.38787554623631 0.00000000000000 5.57478774454222
7.95591182364730 0.00000000000000 -4.44023529593507 0.00000000000000 4.69596354468385
7.97194388777555 0.00000000000000 -3.47604983640447 0.00000000000000 3.80629643969005
7.98797595190381 0.00000000000000 -2.49815769513829 0.00000000000000 2.90870413289540
8.00400801603207 0.00000000000000 -1.50940572926546 0.00000000000000 2.00609088932827
8.02004008016032 0.00000000000000 -0.51263497894313 0.00000000000000 1.10133245136915
8.03607214428858 0.00000000000000 0.48933295788605 0.00000000000000 0.19726159858488
8.05210420841683 0.00000000000000 1.49370895425536 0.00000000000000 -0.70334556523911
8.06813627254509 0.00000000000000 2.49774872025928 0.00000000000000 -1.59778252474658
8.08416833667334 0.00000000000000 3.49876444929745 0.00000000000000 -2.48342440229996
8.10020040080160 0.00000000000000 4.49413569634127 0.00000000000000 -3.35773909102432
8.11623246492985 0.00000000000000 5.48131944901626 0.00000000000000 -4.21829742882479
8.13226452905811 0.00000000000000 6.45785936103254 0.00000000000000 -5.06278238055638
8.14829659318637 0.00000000000000 7.42139412596192 0.00000000000000 -5.88899720524361
8.16432865731462 0.00000000000000 8.36966497748371 0.00000000000000 -6.69487259463940
8.18036072144288 0.00000000000000 9.30052230993841 0.00000000000000 -7.47847277840434
8.19639278557113 0.00000000000000 10.21193142028885 0.00000000000000 -8.23800059970985
8.21242484969939 0.00000000000000 11.10197737934790 0.00000000000000 -8.97180157306955
8.22845691382764 0.00000000000000 11.96886904635963 0.00000000000000 -9.67836694363314
8.24448897795590 0.00000000000000 12.81094224669122 0.00000000000000 -10.35633577400089
8.26052104208416 0.00000000000000 13.62666213749167 0.00000000000000 -11.00449609080670
8.27655310621241 0.00000000000000 14.41462479069335 0.00000000000000 -11.62178512885437
8.29258517034067 0.00000000000000 15.17355802667213 0.00000000000000 -12.20728871546529
8.30861723446892 0.00000000000000 15.90232153525005 0.00000000000000 -12.76023984190308
8.32464929859718 0.00000000000000 16.59990632353243 0.00000000000000 -13.28001647228704
8.34068136272543 0.00000000000000 17.26543353233708 0.00000000000000 -13.76613864330182
8.35671342685369 0.00000000000000 17.89815266471932 0.00000000000000 -14.21826491027335
8.37274549098194 0.00000000000000 18.49743927134998 0.00000000000000 -14.63618819683288
8.38877755511020 0.00000000000000 19.06279213829167 0.00000000000000 -15.01983110645902
8.40480961923846 0.00000000000000 19.59383002307471 0.00000000000000 -15.36924075470211
8.42084168336671 0.00000000000000 20.09028798493190 0.00000000000000 -15.68458318089198
8.43687374749497 0.00000000000000 20.55201335464388 0.00000000000000 -15.96613739764333
8.45290581162322 0.00000000000000 20.97896138871038 0.00000000000000 -16.21428913554410
8.46893787575148 0.00000000000000 21.37119065153387 0.00000000000000 -16.42952433907933
8.48496993987973 0.00000000000000 21.72885816801380 0.00000000000000 -16.61242246814864
8.50100200400799 0.00000000000000 22.05221438743791 0.00000000000000 -16.76364965751980
8.51703406813625 0.00000000000000 22.34159799785584 0.00000000000000 -16.88395178426644
8.53306613226450 0.00000000000000 22.59743062825969 0.00000000000000 -16.97414749070498
8.54909819639276 0.00000000000000 22.82021147390909 0.00000000000000 -17.03512120761346
8.56513026052101 0.00000000000000 23.01051187805149 0.00000000000000 -17.06781621962333
8.58116232464927 0.00000000000000 23.16896990113167 0.00000000000000 -17.07322781166033
8.59719438877752 0.00000000000000 23.29628490637883 0.00000000000000 -17.05239653220770
8.61322645290578 0.00000000000000 23.39321218843197 0.00000000000000 -17.00640160600761
8.62925851703404 0.00000000000000 23.46055766943228 0.00000000000000 -16.93635452563610
8.64529058116229 0.00000000000000 23.49917268479596 0.00000000000000 -16.84339284821133
8.66132264529055 0.00000000000000 23.50994887869710 0.00000000000000 -16.72867422035107
8.67735470941880 0.00000000000000 23.49381322715414 0.00000000000000 -16.59337065140688
8.69338677354706 0.00000000000000 23.45172320453490 0.00000000000000 -16.43866305199135
8.70941883767531 0.00000000000000 23.38466210729023 0.00000000000000 -16.26573605189938
8.72545090180357 0.00000000000000 23.29363454679697 0.00000000000000 -16.07577310872066
8.74148296593182 0.00000000000000 23.17966212135025 0.00000000000000 -15.86995191576475
8.75751503006008 0.00000000000000 23.04377927559662 0.00000000000000 -15.64944011538098
8.77354709418834 0.00000000000000 22.88702935404607 0.00000000000000 -15.41539132136510
8.78957915831659 0.00000000000000 22.71046085374939 0.00000000000000 -15.16894145190889
8.80561122244485 0.00000000000000 22.51512387977513 0.00000000000000 -14.91120537247362
8.82164328657310 0.00000000000000 22.30206680577109 0.00000000000000 -14.64327384605773
8.83767535070136 0.00000000000000 22.07233314064897 0.00000000000000 -14.36621078658360
8.85370741482961 0.00000000000000 21.82695860128337 0.00000000000000 -14.08105080954919
8.86973947895787 0.00000000000000 21.56696839006954 0.00000000000000 -13.78879707267579
8.88577154308613 0.00000000000000 21.29337467523440 0.00000000000000 -13.49041939803095
8.90180360721438 0.00000000000000 21.00717427093815 0.00000000000000 -13.18685266601138
8.91783567134264 0.00000000000000 20.70934651343896 0.00000000000000 -12.87899547063015
8.93386773547089 0.00000000000000 20.40085132891311 0.00000000000000 -12.56770902476012
8.94989979959915 0.00000000000000 20.08262748792840 0.00000000000000 -12.25381630333385
8.96593186372740 0.00000000000000 19.75559104105047 0.00000000000000 -11.93810141198384
8.98196392785566 0.00000000000000 19.42063392961982 0.00000000000000 -11.62130916821644
8.99799599198391 0.00000000000000 19.07862276536450 0.00000000000000 -11.30414488194198
9.01402805611217 0.00000000000000 18.73039777220734 0.00000000000000 -10.98727432202306
9.03006012024043 0.00000000000000 18.37677188338068 0.00000000000000 -10.67132385544445
9.04609218436868 0.00000000000000 18.01852998677398 0.00000000000000 -10.35688074574408
9.06212424849694 0.00000000000000 17.65642831130328 0.00000000000000 -10.04449359746533
9.07815631262519 0.00000000000000 17.29119394700497 0.00000000000000 -9.73467293358893
9.09418837675345 0.00000000000000 16.92352449151381 0.00000000000000 -9.42789189316937
9.11022044088170 0.00000000000000 16.55408781558181 0.00000000000000 -9.12458703672838
9.12625250500996 0.00000000000000 16.18352194033059 0.00000000000000 -8.82515924733849
9.14228456913822 0.00000000000000 15.81243501899624 0.00000000000000 -8.52997471575544
9.15831663326647 0.00000000000000 15.44140541602388 0.00000000000000 -8.23936599842255
9.17434869739473 0.00000000000000 15.07098187649190 0.00000000000000 -7.95363313766631
9.19038076152298 0.00000000000000 14.70168377899361 0.00000000000000 -7.67304483392320
9.20641282565124 0.00000000000000 14.33400146527076 0.00000000000000 -7.39783966037825
9.22244488977949 0.00000000000000 13.96839664007885 0.00000000000000 -7.12822731095003
9.23847695390775 0.00000000000000 13.60530283496387 0.00000000000000 -6.86438987311898
9.25450901803601 0.00000000000000 13.24512592984303 0.00000000000000 -6.60648311766273
9.27054108216426 0.00000000000000 12.88824472650541 0.00000000000000 -6.35463779792788
9.28657314629252 0.00000000000000 12.53501156838001 0.00000000000000 -6.10896095182935
9.30260521042077 0.00000000000000 12.18575300115706 0.00000000000000 -5.86953720032223
9.31863727454903 0.00000000000000 11.84077046909129 0.00000000000000 -5.63643003663431
9.33466933867728 0.00000000000000 11.50034104206262 0.00000000000000 -5.40968310107670
9.35070140280554 0.00000000000000 11.16471816871696 0.00000000000000 -5.18932143676360
9.36673346693379 0.00000000000000 10.83413245125876 0.00000000000000 -4.97535272206823
9.38276553106205 0.00000000000000 10.50879243771433 0.00000000000000 -4.76776847611811
9.39879759519031 0.00000000000000 10.18888542773042 0.00000000000000 -4.56654523408830
9.41482965931856 0.00000000000000 9.87457828821563 0.00000000000000 -4.37164568948485
9.43086172344682 0.00000000000000 9.56601827537102 0.00000000000000 -4.18301980102165
9.44689378757507 0.00000000000000 9.26333385989091 0.00000000000000 -4.00060586208148
9.46292585170333 0.00000000000000 8.96663555234410 0.00000000000000 -3.82433153111623
9.47895791583158 0.00000000000000 8.67601672596932 0.00000000000000 -3.65411482168167
9.49498997995984 0.00000000000000 8.39155443433578 0.00000000000000 -3.48986505111910
9.51102204408810 0.00000000000000 8.11331022153021 0.00000000000000 -3.33148374718963
9.52705410821635 0.00000000000000 7.84133092273523 0.00000000000000 -3.17886551223726
9.54308617234461 0.00000000000000 7.57564945325950 0.00000000000000 -3.03189884470509
9.55911823647286 0.00000000000000 7.31628558426871 0.00000000000000 -2.89046691805472
9.57515030060112 0.00000000000000 7.06324670364658 0.00000000000000 -2.75444831734419
9.59118236472937 0.00000000000000 6.81652856058771 0.00000000000000 -2.62371773390373
9.60721442885763 0.00000000000000 6.57611599268846 0.00000000000000 -2.49814661871380
9.62324649298588 0.00000000000000 6.34198363445830 0.00000000000000 -2.37760379523589
9.63927855711414 0.00000000000000 6.11409660632219 0.00000000000000 -2.26195603257471
9.65531062124240 0.00000000000000 5.89241118332504 0.00000000000000 -2.15106857996225
9.67134268537065 0.00000000000000 5.67687544288096 0.00000000000000 -2.04480566364963
9.68737474949891 0.00000000000000 5.46742989103476 0.00000000000000 -1.94303094737342
9.70340681362716 0.00000000000000 5.26400806681934 0.00000000000000 -1.84560795763022
9.71943887775542 0.00000000000000 5.06653712440148 0.00000000000000 -1.75240047504701
9.73547094188367 0.00000000000000 4.87493839281030 0.00000000000000 -1.66327289317707
9.75150300601193 0.00000000000000 4.68912791313637 0.00000000000000 -1.57809054608187
9.76753507014019 0.00000000000000 4.50901695317695 0.00000000000000 -1.49672000608072
9.78356713426844 0.00000000000000 4.33451249958289 0.00000000000000 -1.41902935306103
9.79959919839670 0.00000000000000 4.16551772763652 0.00000000000000 -1.34488841674571
9.81563126252495 0.00000000000000 4.00193244885703 0.00000000000000 -1.27416899330986
9.83166332665321 0.00000000000000 3.84365353669114 0.00000000000000 -1.20674503772758
9.84769539078146 0.00000000000000 3.69057533060218 0.00000000000000 -1.14249283321301
9.86372745490972 0.00000000000000 3.54259001892031 0.00000000000000 -1.08129113909701
9.87975951903798 0.00000000000000 3.39958800086093 0.00000000000000 -1.02302131845377
9.89579158316623 0.00000000000000 3.26145822815779 0.00000000000000 -0.96756744676081
9.91182364729449 0.00000000000000 3.12808852679158 0.00000000000000 -0.91481640284089
9.92785571142274 0.00000000000000 2.99936589932466 0.00000000000000 -0.86465794329707
9.94388777555100 0.00000000000000 2.87517680837814 0.00000000000000 -0.81698476161223
9.95991983967925 0.00000000000000 2.75540744180922 0.00000000000000 -0.77169253304254
9.97595190380751 0.00000000000000 2.63994396016392 0.00000000000000 -0.72867994639093
9.99198396793576 0.00000000000000 2.52867272699510 0.00000000000000 -0.68784872370231
10.00801603206402 0.00000000000000 2.42148052264589 0.00000000000000 -0.64910362887700
10.02404809619228 0.00000000000000 2.31825474210683 0.00000000000000 -0.61235246615322
10.04008016032053 0.00000000000000 2.21888357755950 0.00000000000000 -0.57750606936367
10.05611222444879 0.00000000000000 2.12325618622217 0.00000000000000 -0.54447828282564
10.07214428857704 0.00000000000000 2.03126284411215 0.00000000000000 -0.51318593467881
10.08817635270530 0.00000000000000 1.94279508633771 0.00000000000000 -0.48354880344001
10.10420841683355 0.00000000000000 1.85774583452772 0.00000000000000 -0.45548957850055
10.12024048096181 0.00000000000000 1.77600951200090 0.00000000000000 -0.42893381524824
10.13627254509007 0.00000000000000 1.69748214726864 0.00000000000000 -0.40380988545454
10.15230460921832 0.00000000000000 1.62206146645617 0.00000000000000 -0.38004892352615
10.16833667334658 0.00000000000000 1.54964697521575 0.00000000000000 -0.35758476918087
10.18436873747483 0.00000000000000 1.48014003069402 0.00000000000000 -0.33635390706912
10.20040080160309 0.00000000000000 1.41344390410256 0.00000000000000 -0.31629540382558
10.21643286573134 0.00000000000000 1.34946383442692 0.00000000000000 -0.29735084300016
10.23246492985960 0.00000000000000 1.28810707379484 0.00000000000000 -0.27946425828303
10.24849699398785 0.00000000000000 1.22928292500936 0.00000000000000 -0.26258206540639
10.26452905811611 0.00000000000000 1.17290277173650 0.00000000000000 -0.24665299307429
10.28056112224437 0.00000000000000 1.11888010182149 0.00000000000000 -0.23162801324237
10.29659318637262 0.00000000000000 1.06713052419061 0.00000000000000 -0.21746027104155
10.31262525050088 0.00000000000000 1.01757177977968 0.00000000000000 -0.20410501461277
10.32865731462913 0.00000000000000 0.97012374691267 0.00000000000000 -0.19151952509514
10.34468937875739 0.00000000000000 0.92470844153788 0.00000000000000 -0.17966304698601
10.36072144288564 0.00000000000000 0.88125001271156 0.00000000000000 -0.16849671906927
10.37675350701390 0.00000000000000 0.83967473370247 0.00000000000000 -0.15798350608731
10.39278557114216 0.00000000000000 0.79991098907417 0.00000000000000 -0.14808813131239
10.40881763527041 0.00000000000000 0.76188925808519 0.00000000000000 -0.13877701015510
10.42484969939867 0.00000000000000 0.72554209473113 0.00000000000000 -0.13001818493030
10.44088176352692 0.00000000000000 0.69080410473674 0.00000000000000 -0.12178126088521
10.45691382765518 0.00000000000000 0.65761191979018 0.00000000000000 -0.11403734357956
10.47294589178343 0.00000000000000 0.62590416929658 0.00000000000000 -0.10675897769406
10.48897795591169 0.00000000000000 0.59562144991277 0.00000000000000 -0.09992008733096
10.50501002003995 0.00000000000000 0.56670629311073 0.00000000000000 -0.09349591785873
10.52104208416820 0.00000000000000 0.53910313100275 0.00000000000000 -0.08746297934231
10.53707414829646 0.00000000000000 0.51275826064799 0.00000000000000 -0.08179899159076
10.55310621242471 0.00000000000000 0.48761980704631 0.00000000000000 -0.07648283084497
10.56913827655297 0.00000000000000 0.46363768501290 0.00000000000000 -0.07149447812026
10.58517034068122 0.00000000000000 0.44076356011423 0.00000000000000 -0.06681496921112
10.60120240480948 0.00000000000000 0.41895080883441 0.00000000000000 -0.06242634635889
10.61723446893773 0.00000000000000 0.39815447812928 0.00000000000000 -0.05831161157706
10.63326653306599 0.00000000000000 0.37833124451447 0.00000000000000 -0.05445468162359
10.64929859719425 0.00000000000000 0.35943937282340 0.00000000000000 -0.05084034460491
10.66533066132250 0.00000000000000 0.34143867476068 0.00000000000000 -0.04745421819187
10.68136272545076 0.00000000000000 0.32429046736712 0.00000000000000 -0.04428270942439
10.69739478957901 0.00000000000000 0.30795753150311 0.00000000000000 -0.04131297607819
10.71342685370727 0.00000000000000 0.29240407044841 0.00000000000000 -0.03853288956409
10.72945891783552 0.00000000000000 0.27759566870821 0.00000000000000 -0.03593099932811
10.74549098196378 0.00000000000000 0.26349925110725 0.00000000000000 -0.03349649871843
10.76152304609204 0.00000000000000 0.25008304224643 0.00000000000000 -0.03121919228353
10.77755511022029 0.00000000000000 0.23731652638924 0.00000000000000 -0.02908946446449
10.79358717434855 0.00000000000000 0.22517040783866 0.00000000000000 -0.02709824964337
10.80961923847680 0.00000000000000 0.21361657185886 0.00000000000000 -0.02523700350850
10.82565130260506 0.00000000000000 0.20262804619018 0.00000000000000 -0.02349767569707
10.84168336673331 0.00000000000000 0.19217896320026 0.00000000000000 -0.02187268367511
10.85771543086157 0.00000000000000 0.18224452270887 0.00000000000000 -0.02035488781429
10.87374749498982 0.00000000000000 0.17280095551935 0.00000000000000 -0.01893756762547
10.88977955911808 0.00000000000000 0.16382548768471 0.00000000000000 -0.01761439910862
10.90581162324634 0.00000000000000 0.15529630553248 0.00000000000000 -0.01637943317921
10.92184368737459 0.00000000000000 0.14719252146805 0.00000000000000 -0.01522707513141
10.93787575150285 0.00000000000000 0.13949414057296 0.00000000000000 -0.01415206509909
10.95390781563110 0.00000000000000 0.13218202801093 0.00000000000000 -0.01314945947590
10.96993987975936 0.00000000000000 0.12523787725128 0.00000000000000 -0.01221461325679
10.98597194388761 0.00000000000000 0.11864417911649 0.00000000000000 -0.01134316326350
11.00200400801587 0.00000000000000 0.11238419165812 0.00000000000000 -0.01053101221804
11.01803607214413 0.00000000000000 0.10644191086243 0.00000000000000 -0.00977431362823
11.03406813627238 0.00000000000000 0.10080204218530 0.00000000000000 -0.00906945745108
11.05010020040064 0.00000000000000 0.09544997291358 0.00000000000000 -0.00841305649994
11.06613226452889 0.00000000000000 0.09037174534824 0.00000000000000 -0.00780193356290
11.08216432865715 0.00000000000000 0.08555403080309 0.00000000000000 -0.00723310920056
11.09819639278540 0.00000000000000 0.08098410441121 0.00000000000000 -0.00670379019231
11.11422845691366 0.00000000000000 0.07664982072973 0.00000000000000 -0.00621135860141
11.13026052104192 0.00000000000000 0.07253959013267 0.00000000000000 -0.00575336142995
11.14629258517017 0.00000000000000 0.06864235598006 0.00000000000000 -0.00532750083594
11.16232464929843 0.00000000000000 0.06494757255099 0.00000000000000 -0.00493162488563
11.17835671342668 0.00000000000000 0.06144518372699 0.00000000000000 -0.00456371881523
11.19438877755494 0.00000000000000 0.05812560241171 0.00000000000000 -0.00422189677724
11.21042084168319 0.00000000000000 0.05497969067212 0.00000000000000 -0.00390439404729
11.22645290581145 0.00000000000000 0.05199874058580 0.00000000000000 -0.00360955966876
11.24248496993970 0.00000000000000 0.04917445577860 0.00000000000000 -0.00333584951289
11.25851703406796 0.00000000000000 0.04649893363657 0.00000000000000 -0.00308181973353
11.27454909819622 0.00000000000000 0.04396464817555 0.00000000000000 -0.00284612059596
11.29058116232447 0.00000000000000 0.04156443355198 0.00000000000000 -0.00262749066075
11.30661322645273 0.00000000000000 0.03929146819788 0.00000000000000 -0.00242475130385
11.32264529058098 0.00000000000000 0.03713925956322 0.00000000000000 -0.00223680155537
11.33867735470924 0.00000000000000 0.03510162944868 0.00000000000000 -0.00206261324004
11.35470941883749 0.00000000000000 0.03317269991179 0.00000000000000 -0.00190122640332
11.37074148296575 0.00000000000000 0.03134687972963 0.00000000000000 -0.00175174500759
11.38677354709401 0.00000000000000 0.02961885140121 0.00000000000000 -0.00161333288396
11.40280561122226 0.00000000000000 0.02798355867284 0.00000000000000 -0.00148520992553
11.41883767535052 0.00000000000000 0.02643619457006 0.00000000000000 -0.00136664850896
11.43486973947877 0.00000000000000 0.02497218991961 0.00000000000000 -0.00125697013153
11.45090180360703 0.00000000000000 0.02358720234564 0.00000000000000 -0.00115554225182
11.46693386773528 0.00000000000000 0.02227710572390 0.00000000000000 -0.00106177532248
11.48296593186354 0.00000000000000 0.02103798007872 0.00000000000000 -0.00097512000418
11.49899799599179 0.00000000000000 0.01986610190711 0.00000000000000 -0.00089506455061
11.51503006012005 0.00000000000000 0.01875793491521 0.00000000000000 -0.00082113235453
11.53106212424831 0.00000000000000 0.01771012115221 0.00000000000000 -0.00075287964576
11.54709418837656 0.00000000000000 0.01671947252747 0.00000000000000 -0.00068989333223
11.56312625250482 0.00000000000000 0.01578296269671 0.00000000000000 -0.00063178897580
11.57915831663307 0.00000000000000 0.01489771930362 0.00000000000000 -0.00057820889492
11.59519038076133 0.00000000000000 0.01406101656337 0.00000000000000 -0.00052882038676
11.61122244488958 0.00000000000000 0.01327026817524 0.00000000000000 -0.00048331406161
11.62725450901784 0.00000000000000 0.01252302055143 0.00000000000000 -0.00044140228295
11.64328657314610 0.00000000000000 0.01181694634995 0.00000000000000 -0.00040281770692
11.65931863727435 0.00000000000000 0.01114983829945 0.00000000000000 -0.00036731191514
11.67535070140261 0.00000000000000 0.01051960330453 0.00000000000000 -0.00033465413525
11.69138276553086 0.00000000000000 0.00992425682014 0.00000000000000 -0.00030463004390
11.70741482965912 0.00000000000000 0.00936191748426 0.00000000000000 -0.00027704064721
11.72344689378737 0.00000000000000 0.00883080199822 0.00000000000000 -0.00025170123375
11.73947895791563 0.00000000000000 0.00832922024448 0.00000000000000 -0.00022844039589
11.75551102204389 0.00000000000000 0.00785557063199 0.00000000000000 -0.00020709911502
11.77154308617214 0.00000000000000 0.00740833565952 0.00000000000000 -0.00018752990689
11.78757515030040 0.00000000000000 0.00698607768781 0.00000000000000 -0.00016959602314
11.80360721442865 0.00000000000000 0.00658743491162 0.00000000000000 -0.00015317070569
11.81963927855691 0.00000000000000 0.00621111752307 0.00000000000000 -0.00013813649052
11.83567134268516 0.00000000000000 0.00585590405792 0.00000000000000 -0.00012438455780
11.85170340681342 0.00000000000000 0.00552063791707 0.00000000000000 -0.00011181412548
11.86773547094167 0.00000000000000 0.00520422405526 0.00000000000000 -0.00010033188343
11.88376753506993 0.00000000000000 0.00490562582981 0.00000000000000 -0.00008985146570
11.89979959919819 0.00000000000000 0.00462386200227 0.00000000000000 -0.00008029295833
11.91583166332644 0.00000000000000 0.00435800388600 0.00000000000000 -0.00007158244062
11.93186372745470 0.00000000000000 0.00410717263326 0.00000000000000 -0.00006365155735
11.94789579158295 0.00000000000000 0.00387053665547 0.00000000000000 -0.00005643712039
11.96392785571121 0.00000000000000 0.00364730917045 0.00000000000000 -0.00004988073738
11.97995991983946 0.00000000000000 0.00343674587102 0.00000000000000 -0.00004392846602
11.99599198396772 0.00000000000000 0.00323814270924 0.00000000000000 -0.00003853049207
12.01202404809598 0.00000000000000 0.00305083379092 0.00000000000000 -0.00003364082965
12.02805611222423 0.00000000000000 0.00287418937539 0.00000000000000 -0.00002921704234
12.04408817635249 0.00000000000000 0.00270761397554 0.00000000000000 -0.00002521998356
12.06012024048074 0.00000000000000 0.00255054455333 0.00000000000000 -0.00002161355525
12.07615230460900 0.00000000000000 0.00240244880647 0.00000000000000 -0.00001836448327
12.09218436873725 0.00000000000000 0.00226282354172 0.00000000000000 -0.00001544210867
12.10821643286551 0.00000000000000 0.00213119313083 0.00000000000000 -0.00001281819368
12.12424849699376 0.00000000000000 0.00200710804511 0.00000000000000 -0.00001046674138
12.14028056112202 0.00000000000000 0.00189014346487 0.00000000000000 -0.00000836382819
12.15631262525028 0.00000000000000 0.00177989796008 0.00000000000000 -0.00000648744828
12.17234468937853 0.00000000000000 0.00167599223883 0.00000000000000 -0.00000481736908
12.18837675350679 0.00000000000000 0.00157806796026 0.00000000000000 -0.00000333499718
12.20440881763504 0.00000000000000 0.00148578660884 0.00000000000000 -0.00000202325390
12.22044088176330 0.00000000000000 0.00139882842699 0.00000000000000 -0.00000086645970
12.23647294589155 0.00000000000000 0.00131689140309 0.00000000000000 0.00000014977283
12.25250501001981 0.00000000000000 0.00123969031227 0.00000000000000 0.00000103863838
12.26853707414807 0.00000000000000 0.00116695580724 0.00000000000000 0.00000181223096
12.28456913827632 0.00000000000000 0.00109843355673 0.00000000000000 0.00000248162931
12.30060120240458 0.00000000000000 0.00103388342919 0.00000000000000 0.00000305697591
12.31663326653283 0.00000000000000 0.00097307871936 0.00000000000000 0.00000354755029
12.33266533066109 0.00000000000000 0.00091580541569 0.00000000000000 0.00000396183683
12.34869739478934 0.00000000000000 0.00086186150647 0.00000000000000 0.00000430758759
12.36472945891760 0.00000000000000 0.00081105632273 0.00000000000000 0.00000459188036
12.38076152304586 0.00000000000000 0.00076320991603 0.00000000000000 0.00000482117250
12.39679358717411 0.00000000000000 0.00071815246938 0.00000000000000 0.00000500135063
12.41282565130237 0.00000000000000 0.00067572373958 0.00000000000000 0.00000513777661
12.42885771543062 0.00000000000000 0.00063577252938 0.00000000000000 0.00000523533004
12.44488977955888 0.00000000000000 0.00059815618792 0.00000000000000 0.00000529844757
12.46092184368713 0.00000000000000 0.00056274013798 0.00000000000000 0.00000533115913
12.47695390781539 0.00000000000000 0.00052939742867 0.00000000000000 0.00000533712142
12.49298597194364 0.00000000000000 0.00049800831227 0.00000000000000 0.00000531964890
12.50901803607190 0.00000000000000 0.00046845984389 0.00000000000000 0.00000528174223
12.52505010020016 0.00000000000000 0.00044064550278 0.00000000000000 0.00000522611467
12.54108216432841 0.00000000000000 0.00041446483426 0.00000000000000 0.00000515521629
12.55711422845667 0.00000000000000 0.00038982311102 0.00000000000000 0.00000507125637
12.57314629258492 0.00000000000000 0.00036663101292 0.00000000000000 0.00000497622401
12.58917835671318 0.00000000000000 0.00034480432419 0.00000000000000 0.00000487190710
12.60521042084143 0.00000000000000 0.00032426364728 0.00000000000000 0.00000475990979
12.62124248496969 0.00000000000000 0.00030493413223 0.00000000000000 0.00000464166859
12.63727454909795 0.00000000000000 0.00028674522101 0.00000000000000 0.00000451846718
12.65330661322620 0.00000000000000 0.00026963040587 0.00000000000000 0.00000439144994
12.66933867735446 0.00000000000000 0.00025352700089 0.00000000000000 0.00000426163455
12.68537074148271 0.00000000000000 0.00023837592630 0.00000000000000 0.00000412992338
12.70140280561097 0.00000000000000 0.00022412150453 0.00000000000000 0.00000399711410
12.71743486973922 0.00000000000000 0.00021071126766 0.00000000000000 0.00000386390932
12.73346693386748 0.00000000000000 0.00019809577550 0.00000000000000 0.00000373092546
12.74949899799573 0.00000000000000 0.00018622844371 0.00000000000000 0.00000359870091
12.76553106212399 0.00000000000000 0.00017506538159 0.00000000000000 0.00000346770346
12.78156312625225 0.00000000000000 0.00016456523874 0.00000000000000 0.00000333833713
12.79759519038050 0.00000000000000 0.00015468906044 0.00000000000000 0.00000321094841
12.81362725450876 0.00000000000000 0.00014540015092 0.00000000000000 0.00000308583198
12.82965931863701 0.00000000000000 0.00013666394447 0.00000000000000 0.00000296323592
12.84569138276527 0.00000000000000 0.00012844788355 0.00000000000000 0.00000284336648
12.86172344689352 0.00000000000000 0.00012072130396 0.00000000000000 0.00000272639240
12.87775551102178 0.00000000000000 0.00011345532624 0.00000000000000 0.00000261244894
12.89378757515004 0.00000000000000 0.00010662275334 0.00000000000000 0.00000250164142
12.90981963927829 0.00000000000000 0.00010019797399 0.00000000000000 0.00000239404856
12.92585170340655 0.00000000000000 0.00009415687146 0.00000000000000 0.00000228972544
12.94188376753480 0.00000000000000 0.00008847673758 0.00000000000000 0.00000218870625
12.95791583166306 0.00000000000000 0.00008313619154 0.00000000000000 0.00000209100670
12.97394789579131 0.00000000000000 0.00007811510330 0.00000000000000 0.00000199662635
12.98997995991957 0.00000000000000 0.00007339452136 0.00000000000000 0.00000190555055
13.00601202404783 0.00000000000000 0.00006895660461 0.00000000000000 0.00000181775230
13.02204408817608 0.00000000000000 0.00006478455804 0.00000000000000 0.00000173319394
13.03807615230434 0.00000000000000 0.00006086257215 0.00000000000000 0.00000165182859
13.05410821643259 0.00000000000000 0.00005717576575 0.00000000000000 0.00000157360155
13.07014028056085 0.00000000000000 0.00005371013203 0.00000000000000 0.00000149845148
13.08617234468910 0.00000000000000 0.00005045248778 0.00000000000000 0.00000142631149
13.10220440881736 0.00000000000000 0.00004739042538 0.00000000000000 0.00000135711011
13.11823647294561 0.00000000000000 0.00004451226767 0.00000000000000 0.00000129077220
13.13426853707387 0.00000000000000 0.00004180702530 0.00000000000000 0.00000122721968
13.15030060120213 0.00000000000000 0.00003926435655 0.00000000000000 0.00000116637224
13.16633266533038 0.00000000000000 0.00003687452949 0.00000000000000 0.00000110814798
13.18236472945864 0.00000000000000 0.00003462838627 0.00000000000000 0.00000105246392
13.19839679358689 0.00000000000000 0.00003251730947 0.00000000000000 0.00000099923649
13.21442885771515 0.00000000000000 0.00003053319038 0.00000000000000 0.00000094838197
13.23046092184340 0.00000000000000 0.00002866839912 0.00000000000000 0.00000089981683
13.24649298597166 0.00000000000000 0.00002691575644 0.00000000000000 0.00000085345809
13.26252505009992 0.00000000000000 0.00002526850719 0.00000000000000 0.00000080922356
13.27855711422817 0.00000000000000 0.00002372029531 0.00000000000000 0.00000076703209
13.29458917835643 0.00000000000000 0.00002226514018 0.00000000000000 0.00000072680381
13.31062124248468 0.00000000000000 0.00002089741449 0.00000000000000 0.00000068846024
13.32665330661294 0.00000000000000 0.00001961182319 0.00000000000000 0.00000065192450
13.34268537074119 0.00000000000000 0.00001840338385 0.00000000000000 0.00000061712136
13.35871743486945 0.00000000000000 0.00001726740799 0.00000000000000 0.00000058397740
13.37474949899770 0.00000000000000 0.00001619948355 0.00000000000000 0.00000055242106
13.39078156312596 0.00000000000000 0.00001519545841 0.00000000000000 0.00000052238266
13.40681362725422 0.00000000000000 0.00001425142478 0.00000000000000 0.00000049379452
13.42284569138247 0.00000000000000 0.00001336370454 0.00000000000000 0.00000046659089
13.43887775551073 0.00000000000000 0.00001252883537 0.00000000000000 0.00000044070807
13.45490981963898 0.00000000000000 0.00001174355776 0.00000000000000 0.00000041608430
13.47094188376724 0.00000000000000 0.00001100480265 0.00000000000000 0.00000039265984
13.48697394789549 0.00000000000000 0.00001030967989 0.00000000000000 0.00000037037691
13.50300601202375 0.00000000000000 0.00000965546726 0.00000000000000 0.00000034917967
13.51903807615201 0.00000000000000 0.00000903960016 0.00000000000000 0.00000032901420
13.53507014028026 0.00000000000000 0.00000845966190 0.00000000000000 0.00000030982845
13.55110220440852 0.00000000000000 0.00000791337449 0.00000000000000 0.00000029157219
13.56713426853677 0.00000000000000 0.00000739858998 0.00000000000000 0.00000027419701
13.58316633266503 0.00000000000000 0.00000691328224 0.00000000000000 0.00000025765619
13.59919839679328 0.00000000000000 0.00000645553929 0.00000000000000 0.00000024190472
13.61523046092154 0.00000000000000 0.00000602355590 0.00000000000000 0.00000022689920
13.63126252504980 0.00000000000000 0.00000561562675 0.00000000000000 0.00000021259780
13.64729458917805 0.00000000000000 0.00000523013985 0.00000000000000 0.00000019896019
13.66332665330631 0.00000000000000 0.00000486557036 0.00000000000000 0.00000018594749
13.67935871743456 0.00000000000000 0.00000452047471 0.00000000000000 0.00000017352218
13.69539078156282 0.00000000000000 0.00000419348503 0.00000000000000 0.00000016164807
13.71142284569107 0.00000000000000 0.00000388330390 0.00000000000000 0.00000015029022
13.72745490981933 0.00000000000000 0.00000358869930 0.00000000000000 0.00000013941485
13.74348697394758 0.00000000000000 0.00000330849983 0.00000000000000 0.00000012898932
13.75951903807584 0.00000000000000 0.00000304159021 0.00000000000000 0.00000011898202
13.77555110220410 0.00000000000000 0.00000278690687 0.00000000000000 0.00000010936235
13.79158316633235 0.00000000000000 0.00000254343387 0.00000000000000 0.00000010010060
13.80761523046061 0.00000000000000 0.00000231019890 0.00000000000000 0.00000009116791
13.82364729458886 0.00000000000000 0.00000208626949 0.00000000000000 0.00000008253621
13.83967935871712 0.00000000000000 0.00000187074932 0.00000000000000 0.00000007417814
13.85571142284537 0.00000000000000 0.00000166277474 0.00000000000000 0.00000006606698
13.87174348697363 0.00000000000000 0.00000146151135 0.00000000000000 0.00000005817659
13.88777555110189 0.00000000000000 0.00000126615070 0.00000000000000 0.00000005048134
13.90380761523014 0.00000000000000 0.00000107590710 0.00000000000000 0.00000004295604
13.91983967935840 0.00000000000000 0.00000089001450 0.00000000000000 0.00000003557585
13.93587174348665 0.00000000000000 0.00000070772344 0.00000000000000 0.00000002831627
13.95190380761491 0.00000000000000 0.00000052829807 0.00000000000000 0.00000002115299
13.96793587174316 0.00000000000000 0.00000035101318 0.00000000000000 0.00000001406188
13.98396793587142 0.00000000000000 0.00000017515135 0.00000000000000 0.00000000701890
13.99999999999967 0.00000000000000 0.00000000000000 0.00000000000000 0.00000000000000
