6.00000000000000 0.00000000000000 0.00000000000000 0.00000000000000 0.00000000000000
6.01603206412826 0.00000000000000 -0.00001499271857 0.00000000000000 0.00001517963339
6.03206412825651 0.00000000000000 -0.00003149286320 0.00000000000000 0.00003188613626
6.04809619238477 0.00000000000000 -0.00005105480095 0.00000000000000 0.00005169363179
6.06412825651303 0.00000000000000 -0.00007540563769 0.00000000000000 0.00007635107465
6.08016032064128 0.00000000000000 -0.00010657566367 0.00000000000000 0.00010791443038
6.09619238476954 0.00000000000000 -0.00014703416088 0.00000000000000 0.00014888420688
6.11222444889780 0.00000000000000 -0.00019983881436 0.00000000000000 0.00020235672294
6.12825651302605 0.00000000000000 -0.00026880591045 0.00000000000000 0.00027219639661
6.14428857715431 0.00000000000000 -0.00035870796502 0.00000000000000 0.00036323577560
6.16032064128257 0.00000000000000 -0.00047550521606 0.00000000000000 0.00048150981362
6.17635270541082 0.00000000000000 -0.00062661740852 0.00000000000000 0.00063453088449
6.19238476953908 0.00000000000000 -0.00082124240029 0.00000000000000 0.00083161112240
6.20841683366733 0.00000000000000 -0.00107072825565 0.00000000000000 0.00108423881004
6.22444889779559 0.00000000000000 -0.00138900560911 0.00000000000000 0.00140651564666
6.24048096192385 0.00000000000000 -0.00179308712844 0.00000000000000 0.00181566176661
6.25651302605210 0.00000000000000 -0.00230364083820 0.00000000000000 0.00233259530030
6.27254509018036 0.00000000000000 -0.00294564384232 0.00000000000000 0.00298259303317
6.28857715430862 0.00000000000000 -0.00374912257018 0.00000000000000 0.00379603828613
6.30460921843687 0.00000000000000 -0.00474998502816 0.00000000000000 0.00480926147669
6.32064128256513 0.00000000000000 -0.00599094963796 0.00000000000000 0.00606547789273
6.33667334669339 0.00000000000000 -0.00752257379814 0.00000000000000 0.00761582573200
6.35270541082164 0.00000000000000 -0.00940437990476 0.00000000000000 0.00952050197608
6.36873747494990 0.00000000000000 -0.01170606452777 0.00000000000000 0.01184998146335
6.38476953907816 0.00000000000000 -0.01450880470955 0.00000000000000 0.01468633313069
6.40080160320641 0.00000000000000 -0.01790665268757 0.00000000000000 0.01812462443087
6.41683366733467 0.00000000000000 -0.02200800556845 0.00000000000000 0.02227440008543
6.43286573146293 0.00000000000000 -0.02693713555415 0.00000000000000 0.02726122038519
6.44889779559118 0.00000000000000 -0.03283576256589 0.00000000000000 0.03322824044163
6.46492985971944 0.00000000000000 -0.03986464683076 0.00000000000000 0.04033780745751
6.48096192384770 0.00000000000000 -0.04820517454079 0.00000000000000 0.04877304857907
6.49699398797595 0.00000000000000 -0.05806090515706 0.00000000000000 0.05873941731126
6.51302605210421 0.00000000000000 -0.06965904442459 0.00000000000000 0.07046616193467
6.52905811623247 0.00000000000000 -0.08325180281099 0.00000000000000 0.08420767498774
6.54509018036072 0.00000000000000 -0.09911759502417 0.00000000000000 0.10024467881022
6.56112224448898 0.00000000000000 -0.11756203264931 0.00000000000000 0.11888519853823
6.57715430861724 0.00000000000000 -0.13891865893010 0.00000000000000 0.14046527095353
6.59318637274549 0.00000000000000 -0.16354937246190 0.00000000000000 0.16534933538312
6.60921843687375 0.00000000000000 -0.19184448522216 0.00000000000000 0.19393025157731
6.62525050100200 0.00000000000000 -0.22422236008567 0.00000000000000 0.22662888931652
6.64128256513026 0.00000000000000 -0.26112857389673 0.00000000000000 0.26389323554712
6.65731462925852 0.00000000000000 -0.30303455441617 0.00000000000000 0.30619696724455
6.67334669338677 0.00000000000000 -0.35043564312504 0.00000000000000 0.35403744204145
6.68937875751503 0.00000000000000 -0.40384854101626 0.00000000000000 0.40793306400748
6.70541082164329 0.00000000000000 -0.46380810117652 0.00000000000000 0.46841998885486
6.72144288577154 0.00000000000000 -0.53086344014962 0.00000000000000 0.53604814126495
6.73747494989980 0.00000000000000 -0.60557334973960 0.00000000000000 0.61137652693686
6.75350701402806 0.00000000000000 -0.68850100197199 0.00000000000000 0.69496783325795
6.76953907815631 0.00000000000000 -0.78020795225782 0.00000000000000 0.78738232505183
6.78557114228457 0.00000000000000 -0.88124745922961 0.00000000000000 0.88917105549228
6.80160320641283 0.00000000000000 -0.99215715403013 0.00000000000000 1.00086842675777
6.81763527054108 0.00000000000000 -1.11345110678672 0.00000000000000 1.12298415007758
6.83366733466934 0.00000000000000 -1.24561135331593 0.00000000000000 1.25599467020749
6.84969939879760 0.00000000000000 -1.38907896046624 0.00000000000000 1.40033413468191
6.86573146292585 0.00000000000000 -1.54424472359391 0.00000000000000 1.55638500319625
6.88176352705411 0.00000000000000 -1.71143960413533 0.00000000000000 1.72446840666003
6.89779559118237 0.00000000000000 -1.89092502874406 0.00000000000000 1.90483437858243
6.91382765531062 0.00000000000000 -2.08288318340895 0.00000000000000 2.09765209929011
6.92985971943888 0.00000000000000 -2.28740744387986 0.00000000000000 2.30300035908782
6.94589178356714 0.00000000000000 -2.50449309098278 0.00000000000000 2.52085838517484
6.96192384769539 0.00000000000000 -2.73402846740407 0.00000000000000 2.75109707314277
6.97795591182365 0.00000000000000 -2.97578673518557 0.00000000000000 2.99347084529363
6.99398797595190 0.00000000000000 -3.22941841481770 0.00000000000000 3.24761031735721
7.01002004008016 0.00000000000000 -3.49444486678320 0.00000000000000 3.51301593364447
7.02605210420842 0.00000000000000 -3.77025281237000 0.00000000000000 3.78905270216456
7.04208416833667 0.00000000000000 -4.05609006725617 0.00000000000000 4.07494618509003
7.05811623246493 0.00000000000000 -4.35106262391596 0.00000000000000 4.36977987869215
7.07414829659319 0.00000000000000 -4.65413320145470 0.00000000000000 4.67249410088982
7.09018036072144 0.00000000000000 -4.96412136477857 0.00000000000000 4.98188648713273
7.10621242484970 0.00000000000000 -5.27970529586305 0.00000000000000 5.29661417547515
7.12224448897796 0.00000000000000 -5.59942527861675 0.00000000000000 5.61519773970261
7.13827655310621 0.00000000000000 -5.92168893578595 0.00000000000000 5.93602690560585
7.15430861723447 0.00000000000000 -6.24477823189681 0.00000000000000 6.25736806035479
7.17034068136273 0.00000000000000 -6.56685823080620 0.00000000000000 6.57737353884421
7.18637274549098 0.00000000000000 -6.88598757047636 0.00000000000000 6.89409264432410
7.20240480961924 0.00000000000000 -7.20013059156437 0.00000000000000 7.20548433406505
7.21843687374750 0.00000000000000 -7.50717103079335 0.00000000000000 7.50943147472584
7.23446893787575 0.00000000000000 -7.80492716531330 0.00000000000000 7.80375654695920
7.25050100200401 0.00000000000000 -8.09116827081385 0.00000000000000 8.08623865507329
7.26653306613227 0.00000000000000 -8.36363223444590 0.00000000000000 8.35463167569383
7.28256513026052 0.00000000000000 -8.62004414403669 0.00000000000000 8.60668335974260
7.29859719438878 0.00000000000000 -8.85813565799496 0.00000000000000 8.84015518501845
7.31462925851704 0.00000000000000 -9.07566494600530 0.00000000000000 9.05284274254159
7.33066132264529 0.00000000000000 -9.27043697935188 0.00000000000000 9.24259642884955
7.34669338677355 0.00000000000000 -9.44032394168664 0.00000000000000 9.40734220880331
7.36272545090180 0.00000000000000 -9.58328552639575 0.00000000000000 9.54510220929888
7.37875751503006 0.00000000000000 -9.69738888548934 0.00000000000000 9.65401490364375
7.39478957915832 0.00000000000000 -9.78082799715035 0.00000000000000 9.73235464924460
7.41082164328657 0.00000000000000 -9.83194222467118 0.00000000000000 9.77855034759417
7.42685370741483 0.00000000000000 -9.84923384836745 0.00000000000000 9.79120300521100
7.44288577154309 0.00000000000000 -9.83138436401438 0.00000000000000 9.76910198699171
7.45891783567134 0.00000000000000 -9.77726935618152 0.00000000000000 9.71123976914150
7.47494989979960 0.00000000000000 -9.68597177227683 0.00000000000000 9.61682501717228
7.49098196392786 0.00000000000000 -9.55679344284622 0.00000000000000 9.48529383507469
7.50701402805611 0.00000000000000 -9.38926471536781 0.00000000000000 9.31631905432653
7.52304609218437 0.00000000000000 -9.18315209206916 0.00000000000000 9.10981745551480
7.53907815631263 0.00000000000000 -8.93846378679786 0.00000000000000 8.86595484062754
7.55511022044088 0.00000000000000 -8.65545314129996 0.00000000000000 8.58514890010876
7.57114228456914 0.00000000000000 -8.33461986701194 0.00000000000000 8.26806984516115
7.58717434869740 0.00000000000000 -7.97670910426302 0.00000000000000 7.91563880212810
7.60320641282565 0.00000000000000 -7.58270831623449 0.00000000000000 7.52902399170250
7.61923847695391 0.00000000000000 -7.15384205977549 0.00000000000000 7.10963474083175
7.63527054108217 0.00000000000000 -6.69156469888903 0.00000000000000 6.65911339917406
7.65130260521042 0.00000000000000 -6.19755114907353 0.00000000000000 6.17932525450344
7.66733466933868 0.00000000000000 -5.67368576145335 0.00000000000000 5.67234656228238
7.68336673346694 0.00000000000000 -5.12204947451951 0.00000000000000 5.14045082348709
7.69939879759519 0.00000000000000 -4.54490537812226 0.00000000000000 4.58609346148081
7.71543086172345 0.00000000000000 -3.94468284895006 0.00000000000000 4.01189506313073
7.73146292585171 0.00000000000000 -3.32396042896994 0.00000000000000 3.42062336133992
7.74749498997996 0.00000000000000 -2.68544762810974 0.00000000000000 2.81517414564352
7.76352705410822 0.00000000000000 -2.03196583979102 0.00000000000000 2.19855129446741
7.77955911823647 0.00000000000000 -1.36642856276764 0.00000000000000 1.57384612707489
7.79559118236473 0.00000000000000 -0.69182112512091 0.00000000000000 0.94421627517641
7.81162324649299 0.00000000000000 -0.01118010627410 0.00000000000000 0.31286427372765
7.82765531062124 0.00000000000000 0.67242734938552 0.00000000000000 -0.31698393229883
7.84368737474950 0.00000000000000 1.35592413812639 0.00000000000000 -0.94210037327692
7.85971943887776 0.00000000000000 2.03624353903212 0.00000000000000 -1.55927614742120
7.87575150300601 0.00000000000000 2.71034911829063 0.00000000000000 -2.16534204410992
7.89178356713427 0.00000000000000 3.37525403114987 0.00000000000000 -2.75718853205443
7.90781563126253 0.00000000000000 4.02803956847883 0.00000000000000 -3.33178495806518
7.92384769539078 0.00000000000000 4.66587280752061 0.00000000000000 -3.88619781509329
7.93987975951904 0.00000000000000 5.28602324010279 0.00000000000000 -4.41760795213487
7.95591182364730 0.00000000000000 5.88587826606287 0.00000000000000 -4.92332661325157
7.97194388777555 0.00000000000000 6.46295745473614 0.00000000000000 -5.40081020817197
7.98797595190381 0.00000000000000 7.01492549283048 0.00000000000000 -5.84767373248111
8.00400801603207 0.00000000000000 7.53960375266980 0.00000000000000 -6.26170277108044
8.02004008016032 0.00000000000000 8.03498043043352 0.00000000000000 -6.64086403421533
8.03607214428858 0.00000000000000 8.49921921946712 0.00000000000000 -6.98331439074551
8.05210420841683 0.00000000000000 8.93066649882137 0.00000000000000 -7.28740837831065
8.06813627254509 0.00000000000000 9.32785703173851 0.00000000000000 -7.55170418447301
8.08416833667334 0.00000000000000 9.68951818270458 0.00000000000000 -7.77496810666886
8.10020040080160 0.00000000000000 10.01457267480713 0.00000000000000 -7.95617751175921
8.11623246492985 0.00000000000000 10.30213992137014 0.00000000000000 -8.09452232803963
8.13226452905811 0.00000000000000 10.55153597709935 0.00000000000000 -8.18940511367272
8.14829659318637 0.00000000000000 10.76227216418975 0.00000000000000 -8.24043975558301
8.16432865731462 0.00000000000000 10.93405243797146 0.00000000000000 -8.24744886185759
8.18036072144288 0.00000000000000 11.06676956466670 0.00000000000000 -8.21045991860071
8.19639278557113 0.00000000000000 11.16050019067722 0.00000000000000 -8.12970028898107
8.21242484969939 0.00000000000000 11.21549888851653 0.00000000000000 -8.00559113788965
8.22845691382764 0.00000000000000 11.23219126905278 0.00000000000000 -7.83874037020634
8.24448897795590 0.00000000000000 11.21116625315971 0.00000000000000 -7.62993467418186
8.26052104208416 0.00000000000000 11.15316759821868 0.00000000000000 -7.38013076391258
8.27655310621241 0.00000000000000 11.05908477621795 0.00000000000000 -7.09044591636552
8.29258517034067 0.00000000000000 10.92994330051158 0.00000000000000 -6.76214789895215
8.30861723446892 0.00000000000000 10.76689459768817 0.00000000000000 -6.39664438331094
8.32464929859718 0.00000000000000 10.57120551952861 0.00000000000000 -5.99547193980501
8.34068136272543 0.00000000000000 10.34424758777264 0.00000000000000 -5.56028470534145
8.35671342685369 0.00000000000000 10.08748606144310 0.00000000000000 -5.09284281454231
8.37274549098194 0.00000000000000 9.80246891287215 0.00000000000000 -4.59500068111914
8.38877755511020 0.00000000000000 9.49081579441525 0.00000000000000 -4.06869521259381
8.40480961923846 0.00000000000000 9.15420707320611 0.00000000000000 -3.51593403734399
8.42084168336671 0.00000000000000 8.79437300627769 0.00000000000000 -2.93878381840143
8.43687374749497 0.00000000000000 8.41308312302917 0.00000000000000 -2.33935872356770
8.45290581162322 0.00000000000000 8.01213587643035 0.00000000000000 -1.71980911630063
8.46893787575148 0.00000000000000 7.59334861859550 0.00000000000000 -1.08231052653151
8.48496993987973 0.00000000000000 7.15854795049747 0.00000000000000 -0.42905295515858
8.50100200400799 0.00000000000000 6.70956048969145 0.00000000000000 0.23776943951665
8.51703406813625 0.00000000000000 6.24820409403859 0.00000000000000 0.91596823063284
8.53306613226450 0.00000000000000 5.77627957361408 0.00000000000000 1.60337014956705
8.54909819639276 0.00000000000000 5.29556291730496 0.00000000000000 2.29782601873215
8.56513026052101 0.00000000000000 4.80779805509043 0.00000000000000 2.99721916366595
8.58116232464927 0.00000000000000 4.31469017169435 0.00000000000000 3.69947328279548
8.59719438877752 0.00000000000000 3.81789958223640 0.00000000000000 4.40255975816286
8.61322645290578 0.00000000000000 3.31903617571555 0.00000000000000 5.10450439508791
8.62925851703404 0.00000000000000 2.81965442765941 0.00000000000000 5.80339358319518
8.64529058116229 0.00000000000000 2.32124897908437 0.00000000000000 6.49737987543082
8.66132264529055 0.00000000000000 1.82525077504830 0.00000000000000 7.18468698562395
8.67735470941880 0.00000000000000 1.33302375254887 0.00000000000000 7.86361420879674
8.69338677354706 0.00000000000000 0.84586206433212 0.00000000000000 8.53254027179089
8.70941883767531 0.00000000000000 0.36498782232892 0.00000000000000 9.18992662485059
8.72545090180357 0.00000000000000 -0.10845065807038 0.00000000000000 9.83432018758272
8.74148296593182 0.00000000000000 -0.57338013386573 0.00000000000000 10.46435556520569
8.75751503006008 0.00000000000000 -1.02880325323061 0.00000000000000 11.07875675320203
8.77354709418834 0.00000000000000 -1.47379894156760 0.00000000000000 11.67633835041286
8.78957915831659 0.00000000000000 -1.90752238040197 0.00000000000000 12.25600630226286
8.80561122244485 0.00000000000000 -2.32920460561571 0.00000000000000 12.81675819719089
8.82164328657310 0.00000000000000 -2.73815175218806 0.00000000000000 13.35768314049481
8.83767535070136 0.00000000000000 -3.13374397301570 0.00000000000000 13.87796123069222
8.85370741482961 0.00000000000000 -3.51543405955361 0.00000000000000 14.37686266416249
8.86973947895787 0.00000000000000 -3.88274579196609 0.00000000000000 14.85374649428495
8.88577154308613 0.00000000000000 -4.23527204622428 0.00000000000000 15.30805907153627
8.90180360721438 0.00000000000000 -4.57267268515088 0.00000000000000 15.73933219107195
8.91783567134264 0.00000000000000 -4.89467225981486 0.00000000000000 16.14718097420585
8.93386773547089 0.00000000000000 -5.20105754693594 0.00000000000000 16.53130150993442
8.94989979959915 0.00000000000000 -5.49167494708978 0.00000000000000 16.89146828224021
8.96593186372740 0.00000000000000 -5.76642776752846 0.00000000000000 17.22753140837052
8.98196392785566 0.00000000000000 -6.02527341236256 0.00000000000000 17.53941371263191
8.99799599198391 0.00000000000000 -6.26822050170944 0.00000000000000 17.82710765948614
9.01402805611217 0.00000000000000 -6.49532594021058 0.00000000000000 18.09067216889012
9.03006012024043 0.00000000000000 -6.70669195407569 0.00000000000000 18.33022933590365
9.04609218436868 0.00000000000000 -6.90246311453491 0.00000000000000 18.54596107560780
9.06212424849694 0.00000000000000 -7.08282336428602 0.00000000000000 18.73810571334431
9.07815631262519 0.00000000000000 -7.24799306222307 0.00000000000000 18.90695453921271
9.09418837675345 0.00000000000000 -7.39822606043616 0.00000000000000 19.05284834465872
9.11022044088170 0.00000000000000 -7.53380682618931 0.00000000000000 19.17617395786300
9.12625250500996 0.00000000000000 -7.65504762032256 0.00000000000000 19.27736079350315
9.14228456913822 0.00000000000000 -7.76228574229384 0.00000000000000 19.35687743132199
9.15831663326647 0.00000000000000 -7.85588085088110 0.00000000000000 19.41522823679821
9.17434869739473 0.00000000000000 -7.93621236841297 0.00000000000000 19.45295003609079
9.19038076152298 0.00000000000000 -8.00367697528972 0.00000000000000 19.47060885631818
9.20641282565124 0.00000000000000 -8.05868620050126 0.00000000000000 19.46879674114701
9.22244488977949 0.00000000000000 -8.10166411284674 0.00000000000000 19.44812865060454
9.23847695390775 0.00000000000000 -8.13304511661462 0.00000000000000 19.40923945299976
9.25450901803601 0.00000000000000 -8.15327185459418 0.00000000000000 19.35278101584496
9.27054108216426 0.00000000000000 -8.16279322045993 0.00000000000000 19.27941940171228
9.28657314629252 0.00000000000000 -8.16206248180030 0.00000000000000 19.18983217404503
9.30260521042077 0.00000000000000 -8.15153551435122 0.00000000000000 19.08470581707034
9.31863727454903 0.00000000000000 -8.13166914734322 0.00000000000000 18.96473327313117
9.33466933867728 0.00000000000000 -8.10291961927599 0.00000000000000 18.83061159997302
9.35070140280554 0.00000000000000 -8.06574114289684 0.00000000000000 18.68303974978377
9.36673346693379 0.00000000000000 -8.02058457767669 0.00000000000000 18.52271647109545
9.38276553106205 0.00000000000000 -7.96789620764704 0.00000000000000 18.35033833401395
9.39879759519031 0.00000000000000 -7.90811662208342 0.00000000000000 18.16659787864683
9.41482965931856 0.00000000000000 -7.84167969618989 0.00000000000000 17.97218188604945
9.43086172344682 0.00000000000000 -7.76901166865657 0.00000000000000 17.76776977050558
9.44689378757507 0.00000000000000 -7.69053031272180 0.00000000000000 17.55403209149943
9.46292585170333 0.00000000000000 -7.60664419717230 0.00000000000000 17.33162918332018
9.47895791583158 0.00000000000000 -7.51775203355523 0.00000000000000 17.10120989986661
9.49498997995984 0.00000000000000 -7.42424210575173 0.00000000000000 16.86341047188627
9.51102204408810 0.00000000000000 -7.32649177797185 0.00000000000000 16.61885347359137
9.52705410821635 0.00000000000000 -7.22486707717063 0.00000000000000 16.36814689533680
9.54308617234461 0.00000000000000 -7.11972234585388 0.00000000000000 16.11188331882656
9.55911823647286 0.00000000000000 -7.01139996123647 0.00000000000000 15.85063919112925
9.57515030060112 0.00000000000000 -6.90023011673331 0.00000000000000 15.58497419362986
9.59118236472937 0.00000000000000 -6.78653066180149 0.00000000000000 15.31543070192247
9.60721442885763 0.00000000000000 -6.67060699620909 0.00000000000000 15.04253333255417
9.62324649298588 0.00000000000000 -6.55275201487940 0.00000000000000 14.76678857246301
9.63927855711414 0.00000000000000 -6.43324609954695 0.00000000000000 14.48868448691023
9.65531062124240 0.00000000000000 -6.31235715356215 0.00000000000000 14.20869050168725
9.67134268537065 0.00000000000000 -6.19034067629189 0.00000000000000 13.92725725537950
9.68737474949891 0.00000000000000 -6.06743987368314 0.00000000000000 13.64481651749007
9.70340681362716 0.00000000000000 -5.94388580168358 0.00000000000000 13.36178116826477
9.71943887775542 0.00000000000000 -5.81989753934631 0.00000000000000 13.07854523611482
9.73547094188367 0.00000000000000 -5.69568238858242 0.00000000000000 12.79548398860272
9.75150300601193 0.00000000000000 -5.57143609766607 0.00000000000000 12.51295407303786
9.76753507014019 0.00000000000000 -5.44734310573903 0.00000000000000 12.23129370282290
9.78356713426844 0.00000000000000 -5.32357680570529 0.00000000000000 11.95082288579422
9.79959919839670 0.00000000000000 -5.20029982304973 0.00000000000000 11.67184369091153
9.81563126252495 0.00000000000000 -5.07766430825786 0.00000000000000 11.39464054977132
9.83166332665321 0.00000000000000 -4.95581224065480 0.00000000000000 11.11948058954367
9.84769539078146 0.00000000000000 -4.83487574162109 0.00000000000000 10.84661399406202
9.86372745490972 0.00000000000000 -4.71497739527894 0.00000000000000 10.57627438992993
9.87975951903798 0.00000000000000 -4.59623057487613 0.00000000000000 10.30867925464568
9.89579158316623 0.00000000000000 -4.47873977322389 0.00000000000000 10.04403034388476
9.91182364729449 0.00000000000000 -4.36260093567090 0.00000000000000 9.78251413522061
9.92785571142274 0.00000000000000 -4.24790179421646 0.00000000000000 9.52430228570474
9.94388777555100 0.00000000000000 -4.13472220148268 0.00000000000000 9.26955210086764
9.95991983967925 0.00000000000000 -4.02313446337711 0.00000000000000 9.01840701284188
9.97595190380751 0.00000000000000 -3.91320366938464 0.00000000000000 8.77099706544619
9.99198396793576 0.00000000000000 -3.80498801952906 0.00000000000000 8.52743940420619
10.00801603206402 0.00000000000000 -3.69853914714198 0.00000000000000 8.28783876942020
10.02404809619228 0.00000000000000 -3.59390243666855 0.00000000000000 8.05228799050989
10.04008016032053 0.00000000000000 -3.49111733582648 0.00000000000000 7.82086848002260
10.05611222444879 0.00000000000000 -3.39021766151683 0.00000000000000 7.59365072577635
10.07214428857704 0.00000000000000 -3.29123189896177 0.00000000000000 7.37069477975830
10.08817635270530 0.00000000000000 -3.19418349361721 0.00000000000000 7.15205074250394
10.10420841683355 0.00000000000000 -3.09909113547530 0.00000000000000 6.93775924179582
10.12024048096181 0.00000000000000 -3.00596903543483 0.00000000000000 6.72785190462828
10.13627254509007 0.00000000000000 -2.91482719347619 0.00000000000000 6.52235182148748
10.15230460921832 0.00000000000000 -2.82567165843130 0.00000000000000 6.32127400209505
10.16833667334658 0.00000000000000 -2.73850477918956 0.00000000000000 6.12462582185692
10.18436873747483 0.00000000000000 -2.65332544722616 0.00000000000000 5.93240745834863
10.20040080160309 0.00000000000000 -2.57012933038195 0.00000000000000 5.74461231725318
10.21643286573134 0.00000000000000 -2.48890909786233 0.00000000000000 5.56122744724723
10.23246492985960 0.00000000000000 -2.40965463645774 0.00000000000000 5.38223394340744
10.24849699398785 0.00000000000000 -2.33235325802031 0.00000000000000 5.20760733877962
10.26452905811611 0.00000000000000 -2.25698989825979 0.00000000000000 5.03731798382025
10.28056112224437 0.00000000000000 -2.18354730694781 0.00000000000000 4.87133141348214
10.29659318637262 0.00000000000000 -2.11200622964225 0.00000000000000 4.70960870177460
10.31262525050088 0.00000000000000 -2.04234558106424 0.00000000000000 4.55210680368214
10.32865731462913 0.00000000000000 -1.97454261027806 0.00000000000000 4.39877888437634
10.34468937875739 0.00000000000000 -1.90857305783976 0.00000000000000 4.24957463570180
10.36072144288564 0.00000000000000 -1.84441130509423 0.00000000000000 4.10444057995938
10.37675350701390 0.00000000000000 -1.78203051581156 0.00000000000000 3.96332036104967
10.39278557114216 0.00000000000000 -1.72140277036372 0.00000000000000 3.82615502307479
10.40881763527041 0.00000000000000 -1.66249919265019 0.00000000000000 3.69288327652947
10.42484969939867 0.00000000000000 -1.60529006998794 0.00000000000000 3.56344175224131
10.44088176352692 0.00000000000000 -1.54974496618606 0.00000000000000 3.43776524324689
10.45691382765518 0.00000000000000 -1.49583282802907 0.00000000000000 3.31578693481363
10.47294589178343 0.00000000000000 -1.44352208539540 0.00000000000000 3.19743862283840
10.48897795591169 0.00000000000000 -1.39278074523902 0.00000000000000 3.08265092087212
10.50501002003995 0.00000000000000 -1.34357647966262 0.00000000000000 2.97135345603574
10.52104208416820 0.00000000000000 -1.29587670831007 0.00000000000000 2.86347505410646
10.53707414829646 0.00000000000000 -1.24964867530484 0.00000000000000 2.75894391406518
10.55310621242471 0.00000000000000 -1.20485952095900 0.00000000000000 2.65768777240536
10.56913827655297 0.00000000000000 -1.16147634847446 0.00000000000000 2.55963405751166
10.58517034068122 0.00000000000000 -1.11946628585546 0.00000000000000 2.46471003442294
10.60120240480948 0.00000000000000 -1.07879654324698 0.00000000000000 2.37284294029851
10.61723446893773 0.00000000000000 -1.03943446591009 0.00000000000000 2.28396011091001
10.63326653306599 0.00000000000000 -1.00134758304033 0.00000000000000 2.19798909848272
10.64929859719425 0.00000000000000 -0.96450365263071 0.00000000000000 2.11485778121102
10.66533066132250 0.00000000000000 -0.92887070257543 0.00000000000000 2.03449446477185
10.68136272545076 0.00000000000000 -0.89441706820553 0.00000000000000 1.95682797615854
10.69739478957901 0.00000000000000 -0.86111142644166 0.00000000000000 1.88178775015490
10.71342685370727 0.00000000000000 -0.82892282674389 0.00000000000000 1.80930390876578
10.72945891783552 0.00000000000000 -0.79782071903259 0.00000000000000 1.73930733391656
10.74549098196378 0.00000000000000 -0.76777497874847 0.00000000000000 1.67172973372889
10.76152304609204 0.00000000000000 -0.73875592921420 0.00000000000000 1.60650370267461
10.77755511022029 0.00000000000000 -0.71073436145398 0.00000000000000 1.54356277590395
10.79358717434855 0.00000000000000 -0.68368155162159 0.00000000000000 1.48284147803749
10.80961923847680 0.00000000000000 -0.65756927618170 0.00000000000000 1.42427536670468
10.82565130260506 0.00000000000000 -0.63236982498330 0.00000000000000 1.36780107110445
10.84168336673331 0.00000000000000 -0.60805601235841 0.00000000000000 1.31335632585598
10.85771543086157 0.00000000000000 -0.58460118637371 0.00000000000000 1.26088000040008
10.87374749498982 0.00000000000000 -0.56197923635691 0.00000000000000 1.21031212420368
10.88977955911808 0.00000000000000 -0.54016459881459 0.00000000000000 1.16159390801180
10.90581162324634 0.00000000000000 -0.51913226185261 0.00000000000000 1.11466776138359
10.92184368737459 0.00000000000000 -0.49885776820514 0.00000000000000 1.06947730674035
10.93787575150285 0.00000000000000 -0.47931721697324 0.00000000000000 1.02596739014559
10.95390781563110 0.00000000000000 -0.46048726416909 0.00000000000000 0.98408408902883
10.96993987975936 0.00000000000000 -0.44234512215697 0.00000000000000 0.94377471705654
10.98597194388761 0.00000000000000 -0.42486855807762 0.00000000000000 0.90498782634571
11.00200400801587 0.00000000000000 -0.40803589133818 0.00000000000000 0.86767320720721
11.01803607214413 0.00000000000000 -0.39182599024518 0.00000000000000 0.83178188559828
11.03406813627238 0.00000000000000 -0.37621826785441 0.00000000000000 0.79726611845571
11.05010020040064 0.00000000000000 -0.36119267710691 0.00000000000000 0.76407938707321
11.06613226452889 0.00000000000000 -0.34672970531692 0.00000000000000 0.73217638867934
11.08216432865715 0.00000000000000 -0.33281036807335 0.00000000000000 0.70151302636464
11.09819639278540 0.00000000000000 -0.31941620261329 0.00000000000000 0.67204639749939
11.11422845691366 0.00000000000000 -0.30652926072216 0.00000000000000 0.64373478077654
11.13026052104192 0.00000000000000 -0.29413210121209 0.00000000000000 0.61653762200722
11.14629258517017 0.00000000000000 -0.28220778202679 0.00000000000000 0.59041551878976
11.16232464929843 0.00000000000000 -0.27073985201827 0.00000000000000 0.56533020416655
11.17835671342668 0.00000000000000 -0.25971234243769 0.00000000000000 0.54124452937679
11.19438877755494 0.00000000000000 -0.24910975818010 0.00000000000000 0.51812244580714
11.21042084168319 0.00000000000000 -0.23891706881999 0.00000000000000 0.49592898623636
11.22645290581145 0.00000000000000 -0.22911969947216 0.00000000000000 0.47463024546447
11.24248496993970 0.00000000000000 -0.21970352151007 0.00000000000000 0.45419336041126
11.25851703406796 0.00000000000000 -0.21065484317146 0.00000000000000 0.43458648976406
11.27454909819622 0.00000000000000 -0.20196040007893 0.00000000000000 0.41577879324931
11.29058116232447 0.00000000000000 -0.19360734570123 0.00000000000000 0.39774041059794
11.30661322645273 0.00000000000000 -0.18558324177879 0.00000000000000 0.38044244026960
11.32264529058098 0.00000000000000 -0.17787604873560 0.00000000000000 0.36385691799664
11.33867735470924 0.00000000000000 -0.17047411609743 0.00000000000000 0.34795679520437
11.35470941883749 0.00000000000000 -0.16336617293493 0.00000000000000 0.33271591735994
11.37074148296575 0.00000000000000 -0.15654131834864 0.00000000000000 0.31810900229861
11.38677354709401 0.00000000000000 -0.14998901201139 0.00000000000000 0.30411161857226
11.40280561122226 0.00000000000000 -0.14369906478217 0.00000000000000 0.29070016386160
11.41883767535052 0.00000000000000 -0.13766162940439 0.00000000000000 0.27785184349008
11.43486973947877 0.00000000000000 -0.13186719130013 0.00000000000000 0.26554464907461
11.45090180360703 0.00000000000000 -0.12630655947079 0.00000000000000 0.25375733734488
11.46693386773528 0.00000000000000 -0.12097085751369 0.00000000000000 0.24246940916044
11.48296593186354 0.00000000000000 -0.11585151476289 0.00000000000000 0.23166108875200
11.49899799599179 0.00000000000000 -0.11094025756175 0.00000000000000 0.22131330321082
11.51503006012005 0.00000000000000 -0.10622910067380 0.00000000000000 0.21140766224759
11.53106212424831 0.00000000000000 -0.10171033883768 0.00000000000000 0.20192643824023
11.54709418837656 0.00000000000000 -0.09737653847116 0.00000000000000 0.19285254658761
11.56312625250482 0.00000000000000 -0.09322052952845 0.00000000000000 0.18416952638433
11.57915831663307 0.00000000000000 -0.08923539751444 0.00000000000000 0.17586152142993
11.59519038076133 0.00000000000000 -0.08541447565896 0.00000000000000 0.16791326158391
11.61122244488958 0.00000000000000 -0.08175133725323 0.00000000000000 0.16031004447648
11.62725450901784 0.00000000000000 -0.07823978815069 0.00000000000000 0.15303771758354
11.64328657314610 0.00000000000000 -0.07487385943331 0.00000000000000 0.14608266067251
11.65931863727435 0.00000000000000 -0.07164780024454 0.00000000000000 0.13943176862485
11.67535070140261 0.00000000000000 -0.06855607078930 0.00000000000000 0.13307243463953
11.69138276553086 0.00000000000000 -0.06559333550116 0.00000000000000 0.12699253382062
11.70741482965912 0.00000000000000 -0.06275445637646 0.00000000000000 0.12118040715121
11.72344689378737 0.00000000000000 -0.06003448647498 0.00000000000000 0.11562484585472
11.73947895791563 0.00000000000000 -0.05742866358607 0.00000000000000 0.11031507614392
11.75551102204389 0.00000000000000 -0.05493240405932 0.00000000000000 0.10524074435714
11.77154308617214 0.00000000000000 -0.05254129679838 0.00000000000000 0.10039190248005
11.78757515030040 0.00000000000000 -0.05025109741628 0.00000000000000 0.09575899405135
11.80360721442865 0.00000000000000 -0.04805772255057 0.00000000000000 0.09133284044931
11.81963927855691 0.00000000000000 -0.04595724433623 0.00000000000000 0.08710462755612
11.83567134268516 0.00000000000000 -0.04394588503435 0.00000000000000 0.08306589279616
11.85170340681342 0.00000000000000 -0.04202001181420 0.00000000000000 0.07920851254387
11.86773547094167 0.00000000000000 -0.04017613168641 0.00000000000000 0.07552468989666
11.88376753506993 0.00000000000000 -0.03841088658472 0.00000000000000 0.07200694280759
11.89979959919819 0.00000000000000 -0.03672104859368 0.00000000000000 0.06864809257248
11.91583166332644 0.00000000000000 -0.03510351531974 0.00000000000000 0.06544125266578
11.93186372745470 0.00000000000000 -0.03355530540287 0.00000000000000 0.06237981791906
11.94789579158295 0.00000000000000 -0.03207355416594 0.00000000000000 0.05945745403599
11.96392785571121 0.00000000000000 -0.03065550939915 0.00000000000000 0.05666808743743
11.97995991983946 0.00000000000000 -0.02929852727638 0.00000000000000 0.05400589542993
11.99599198396772 0.00000000000000 -0.02800006840080 0.00000000000000 0.05146529669102
12.01202404809598 0.00000000000000 -0.02675769397666 0.00000000000000 0.04904094206437
12.02805611222423 0.00000000000000 -0.02556906210434 0.00000000000000 0.04672770565801
12.04408817635249 0.00000000000000 -0.02443192419577 0.00000000000000 0.04452067623848
12.06012024048074 0.00000000000000 -0.02334412150728 0.00000000000000 0.04241514891406
12.07615230460900 0.00000000000000 -0.02230358178680 0.00000000000000 0.04040661709982
12.09218436873725 0.00000000000000 -0.02130831603271 0.00000000000000 0.03849076475760
12.10821643286551 0.00000000000000 -0.02035641536129 0.00000000000000 0.03666345890376
12.12424849699376 0.00000000000000 -0.01944604797987 0.00000000000000 0.03492074237776
12.14028056112202 0.00000000000000 -0.01857545626301 0.00000000000000 0.03325882686445
12.15631262525028 0.00000000000000 -0.01774295392861 0.00000000000000 0.03167408616328
12.17234468937853 0.00000000000000 -0.01694692331142 0.00000000000000 0.03016304969740
12.18837675350679 0.00000000000000 -0.01618581273111 0.00000000000000 0.02872239625591
12.20440881763504 0.00000000000000 -0.01545813395203 0.00000000000000 0.02734894796260
12.22044088176330 0.00000000000000 -0.01476245973230 0.00000000000000 0.02603966446431
12.23647294589155 0.00000000000000 -0.01409742145935 0.00000000000000 0.02479163733262
12.25250501001981 0.00000000000000 -0.01346170686940 0.00000000000000 0.02360208467222
12.26853707414807 0.00000000000000 -0.01285405784845 0.00000000000000 0.02246834592974
12.28456913827632 0.00000000000000 -0.01227326831211 0.00000000000000 0.02138787689673
12.30060120240458 0.00000000000000 -0.01171818216200 0.00000000000000 0.02035824490067
12.31663326653283 0.00000000000000 -0.01118769131625 0.00000000000000 0.01937712417811
12.33266533066109 0.00000000000000 -0.01068073381181 0.00000000000000 0.01844229142393
12.34869739478934 0.00000000000000 -0.01019629197623 0.00000000000000 0.01755162151108
12.36472945891760 0.00000000000000 -0.00973339066676 0.00000000000000 0.01670308337507
12.38076152304586 0.00000000000000 -0.00929109557452 0.00000000000000 0.01589473605781
12.39679358717411 0.00000000000000 -0.00886851159164 0.00000000000000 0.01512472490541
12.41282565130237 0.00000000000000 -0.00846478123935 0.00000000000000 0.01439127791462
12.42885771543062 0.00000000000000 -0.00807908315490 0.00000000000000 0.01369270222295
12.44488977955888 0.00000000000000 -0.00771063063540 0.00000000000000 0.01302738073735
12.46092184368713 0.00000000000000 -0.00735867023672 0.00000000000000 0.01239376889669
12.47695390781539 0.00000000000000 -0.00702248042541 0.00000000000000 0.01179039156331
12.49298597194364 0.00000000000000 -0.00670137028201 0.00000000000000 0.01121584003906
12.50901803607190 0.00000000000000 -0.00639467825390 0.00000000000000 0.01066876920130
12.52505010020016 0.00000000000000 -0.00610177095598 0.00000000000000 0.01014789475464
12.54108216432841 0.00000000000000 -0.00582204201748 0.00000000000000 0.00965199059413
12.55711422845667 0.00000000000000 -0.00555491097334 0.00000000000000 0.00917988627589
12.57314629258492 0.00000000000000 -0.00529982219860 0.00000000000000 0.00873046459106
12.58917835671318 0.00000000000000 -0.00505624388417 0.00000000000000 0.00830265923950
12.60521042084143 0.00000000000000 -0.00482366705258 0.00000000000000 0.00789545259923
12.62124248496969 0.00000000000000 -0.00460160461233 0.00000000000000 0.00750787358819
12.63727454909795 0.00000000000000 -0.00438959044932 0.00000000000000 0.00713899561477
12.65330661322620 0.00000000000000 -0.00418717855405 0.00000000000000 0.00678793461372
12.66933867735446 0.00000000000000 -0.00399394218339 0.00000000000000 0.00645384716418
12.68537074148271 0.00000000000000 -0.00380947305551 0.00000000000000 0.00613592868670
12.70140280561097 0.00000000000000 -0.00363338057684 0.00000000000000 0.00583341171605
12.71743486973922 0.00000000000000 -0.00346529109981 0.00000000000000 0.00554556424715
12.73346693386748 0.00000000000000 -0.00330484721034 0.00000000000000 0.00527168815090
12.74949899799573 0.00000000000000 -0.00315170704375 0.00000000000000 0.00501111765745
12.76553106212399 0.00000000000000 -0.00300554362834 0.00000000000000 0.00476321790411
12.78156312625225 0.00000000000000 -0.00286604425526 0.00000000000000 0.00452738354531
12.79759519038050 0.00000000000000 -0.00273290987393 0.00000000000000 0.00430303742225
12.81362725450876 0.00000000000000 -0.00260585451189 0.00000000000000 0.00408962928969
12.82965931863701 0.00000000000000 -0.00248460471826 0.00000000000000 0.00388663459766
12.84569138276527 0.00000000000000 -0.00236889902976 0.00000000000000 0.00369355332593
12.86172344689352 0.00000000000000 -0.00225848745859 0.00000000000000 0.00350990886896
12.87775551102178 0.00000000000000 -0.00215313100118 0.00000000000000 0.00333524696930
12.89378757515004 0.00000000000000 -0.00205260116711 0.00000000000000 0.00316913469759
12.90981963927829 0.00000000000000 -0.00195667952732 0.00000000000000 0.00301115947699
12.92585170340655 0.00000000000000 -0.00186515728095 0.00000000000000 0.00286092815044
12.94188376753480 0.00000000000000 -0.00177783483998 0.00000000000000 0.00271806608887
12.95791583166306 0.00000000000000 -0.00169452143109 0.00000000000000 0.00258221633858
12.97394789579131 0.00000000000000 -0.00161503471391 0.00000000000000 0.00245303880628
12.98997995991957 0.00000000000000 -0.00153920041516 0.00000000000000 0.00233020948016
13.00601202404783 0.00000000000000 -0.00146685197793 0.00000000000000 0.00221341968542
13.02204408817608 0.00000000000000 -0.00139783022557 0.00000000000000 0.00210237537285
13.03807615230434 0.00000000000000 -0.00133198303955 0.00000000000000 0.00199679643906
13.05410821643259 0.00000000000000 -0.00126916505082 0.00000000000000 0.00189641607696
13.07014028056085 0.00000000000000 -0.00120923734396 0.00000000000000 0.00180098015528
13.08617234468910 0.00000000000000 -0.00115206717375 0.00000000000000 0.00171024662577
13.10220440881736 0.00000000000000 -0.00109752769368 0.00000000000000 0.00162398495697
13.11823647294561 0.00000000000000 -0.00104549769567 0.00000000000000 0.00154197559337
13.13426853707387 0.00000000000000 -0.00099586136089 0.00000000000000 0.00146400943887
13.15030060120213 0.00000000000000 -0.00094850802091 0.00000000000000 0.00138988736343
13.16633266533038 0.00000000000000 -0.00090333192893 0.00000000000000 0.00131941973199
13.18236472945864 0.00000000000000 -0.00086023204067 0.00000000000000 0.00125242595453
13.19839679358689 0.00000000000000 -0.00081911180440 0.00000000000000 0.00118873405654
13.21442885771515 0.00000000000000 -0.00077987895986 0.00000000000000 0.00112818026882
13.23046092184340 0.00000000000000 -0.00074244534562 0.00000000000000 0.00107060863579
13.24649298597166 0.00000000000000 -0.00070672671455 0.00000000000000 0.00101587064157
13.26252505009992 0.00000000000000 -0.00067264255701 0.00000000000000 0.00096382485296
13.27855711422817 0.00000000000000 -0.00064011593160 0.00000000000000 0.00091433657851
13.29458917835643 0.00000000000000 -0.00060907330284 0.00000000000000 0.00086727754307
13.31062124248468 0.00000000000000 -0.00057944438582 0.00000000000000 0.00082252557703
13.32665330661294 0.00000000000000 -0.00055116199724 0.00000000000000 0.00077996431967
13.34268537074119 0.00000000000000 -0.00052416191282 0.00000000000000 0.00073948293575
13.35871743486945 0.00000000000000 -0.00049838273051 0.00000000000000 0.00070097584511
13.37474949899770 0.00000000000000 -0.00047376573954 0.00000000000000 0.00066434246426
13.39078156312596 0.00000000000000 -0.00045025479483 0.00000000000000 0.00062948695970
13.40681362725422 0.00000000000000 -0.00042779619663 0.00000000000000 0.00059631801228
13.42284569138247 0.00000000000000 -0.00040633857512 0.00000000000000 0.00056474859216
13.43887775551073 0.00000000000000 -0.00038583277979 0.00000000000000 0.00053469574372
13.45490981963898 0.00000000000000 -0.00036623177332 0.00000000000000 0.00050608038016
13.47094188376724 0.00000000000000 -0.00034749052976 0.00000000000000 0.00047882708712
13.48697394789549 0.00000000000000 -0.00032956593688 0.00000000000000 0.00045286393501
13.50300601202375 0.00000000000000 -0.00031241670244 0.00000000000000 0.00042812229956
13.51903807615201 0.00000000000000 -0.00029600326414 0.00000000000000 0.00040453669021
13.53507014028026 0.00000000000000 -0.00028028770320 0.00000000000000 0.00038204458592
13.55110220440852 0.00000000000000 -0.00026523366131 0.00000000000000 0.00036058627805
13.56713426853677 0.00000000000000 -0.00025080626078 0.00000000000000 0.00034010471998
13.58316633266503 0.00000000000000 -0.00023697202776 0.00000000000000 0.00032054538299
13.59919839679328 0.00000000000000 -0.00022369881838 0.00000000000000 0.00030185611822
13.61523046092154 0.00000000000000 -0.00021095574761 0.00000000000000 0.00028398702433
13.63126252504980 0.00000000000000 -0.00019871312075 0.00000000000000 0.00026689032047
13.64729458917805 0.00000000000000 -0.00018694236740 0.00000000000000 0.00025052022444
13.66332665330631 0.00000000000000 -0.00017561597770 0.00000000000000 0.00023483283551
13.67935871743456 0.00000000000000 -0.00016470744083 0.00000000000000 0.00021978602188
13.69539078156282 0.00000000000000 -0.00015419118554 0.00000000000000 0.00020533931230
13.71142284569107 0.00000000000000 -0.00014404252266 0.00000000000000 0.00019145379172
13.72745490981933 0.00000000000000 -0.00013423758938 0.00000000000000 0.00017809200063
13.74348697394758 0.00000000000000 -0.00012475329524 0.00000000000000 0.00016521783794
13.75951903807584 0.00000000000000 -0.00011556726981 0.00000000000000 0.00015279646708
13.77555110220410 0.00000000000000 -0.00010665781166 0.00000000000000 0.00014079422508
13.79158316633235 0.00000000000000 -0.00009800383889 0.00000000000000 0.00012917853458
13.80761523046061 0.00000000000000 -0.00008958484079 0.00000000000000 0.00011791781825
13.82364729458886 0.00000000000000 -0.00008138083067 0.00000000000000 0.00010698141568
13.83967935871712 0.00000000000000 -0.00007337229983 0.00000000000000 0.00009633950242
13.85571142284537 0.00000000000000 -0.00006554017236 0.00000000000000 0.00008596301096
13.87174348697363 0.00000000000000 -0.00005786576086 0.00000000000000 0.00007582355342
13.88777555110189 0.00000000000000 -0.00005033072289 0.00000000000000 0.00006589334587
13.90380761523014 0.00000000000000 -0.00004291701808 0.00000000000000 0.00005614513400
13.91983967935840 0.00000000000000 -0.00003560686578 0.00000000000000 0.00004655211987
13.93587174348665 0.00000000000000 -0.00002838270318 0.00000000000000 0.00003708788979
13.95190380761491 0.00000000000000 -0.00002122714381 0.00000000000000 0.00002772634286
13.96793587174316 0.00000000000000 -0.00001412293626 0.00000000000000 0.00001844162018
13.98396793587142 0.00000000000000 -0.00000705292313 0.00000000000000 0.00000920803450
13.99999999999967 0.00000000000000 0.00000000000000 0.00000000000000 0.00000000000000
