5.50000000000000 0.00000000000000 0.00000000000000 0.00000000000000 0.00000000000000
5.53907815631263 0.00000407016927 0.00000000000000 -0.00000256469079 0.00000000000000
5.57815631262525 0.00001051080889 0.00000000000000 -0.00000662425008 0.00000000000000
5.61723446893788 0.00002253506485 0.00000000000000 -0.00001420482162 0.00000000000000
5.65631262525050 0.00004541182521 0.00000000000000 -0.00002862963281 0.00000000000000
5.69539078156313 0.00008807116716 0.00000000000000 -0.00005553195901 0.00000000000000
5.73446893787575 0.00016537696324 0.00000000000000 -0.00010428911922 0.00000000000000
5.77354709418838 0.00030133431532 0.00000000000000 -0.00019004634046 0.00000000000000
5.81262525050100 0.00053346493133 0.00000000000000 -0.00033647732674 0.00000000000000
5.85170340681363 0.00091851877065 0.00000000000000 -0.00057938725234 0.00000000000000
5.89078156312625 0.00153957091572 0.00000000000000 -0.00097118821798 0.00000000000000
5.92985971943888 0.00251436715368 0.00000000000000 -0.00158615970488 0.00000000000000
5.96893787575150 0.00400453261579 0.00000000000000 -0.00252624882725 0.00000000000000
6.00801603206413 0.00622496407159 0.00000000000000 -0.00392697933505 0.00000000000000
6.04709418837675 0.00945242471267 0.00000000000000 -0.00596284759307 0.00000000000000
6.08617234468938 0.01403210204930 0.00000000000000 -0.00885142086444 0.00000000000000
6.12525050100200 0.02038073453840 0.00000000000000 -0.01285525596217 0.00000000000000
6.16432865731463 0.02898491788887 0.00000000000000 -0.01828076086112 0.00000000000000
6.20340681362725 0.04039340962994 0.00000000000000 -0.02547325469030 0.00000000000000
6.24248496993988 0.05520267540708 0.00000000000000 -0.03480775195337 0.00000000000000
6.28156312625250 0.07403554223615 0.00000000000000 -0.04667539175615 0.00000000000000
6.32064128256513 0.09751358493062 0.00000000000000 -0.06146591550337 0.00000000000000
6.35971943887775 0.12622430165863 0.00000000000000 -0.07954687006353 0.00000000000000
6.39879759519038 0.16068094566888 0.00000000000000 -0.10123820620807 0.00000000000000
6.43787575150300 0.20127343760197 0.00000000000000 -0.12678129814403 0.00000000000000
6.47695390781563 0.24822411132650 0.00000000000000 -0.15631106958726 0.00000000000000
6.51603206412825 0.30154839164775 0.00000000000000 -0.18983130050387 0.00000000000000
6.55511022044088 0.36102332572398 0.00000000000000 -0.22719496408297 0.00000000000000
6.59418837675350 0.42616722846423 0.00000000000000 -0.26809165014444 0.00000000000000
6.63326653306613 0.49623300851655 0.00000000000000 -0.31204368588518 0.00000000000000
6.67234468937875 0.57021672982055 0.00000000000000 -0.35841191862013 0.00000000000000
6.71142284569138 0.64688176217922 0.00000000000000 -0.40641135943444 0.00000000000000
6.75050100200400 0.72479760909036 0.00000000000000 -0.45513608138916 0.00000000000000
6.78957915831663 0.80239130558747 0.00000000000000 -0.50359200497620 0.00000000000000
6.82865731462925 0.87800827633021 0.00000000000000 -0.55073556325414 0.00000000000000
6.86773547094188 0.94997883287154 0.00000000000000 -0.59551577840242 0.00000000000000
6.90681362725450 1.01668614285909 0.00000000000000 -0.63691704535971 0.00000000000000
6.94589178356713 1.07663200666578 0.00000000000000 -0.67400036686721 0.00000000000000
6.98496993987975 1.12849989358988 0.00000000000000 -0.70594375333052 0.00000000000000
7.02404809619238 1.17120627434279 0.00000000000000 -0.73207475762060 0.00000000000000
7.06312625250500 1.20393665102106 0.00000000000000 -0.75189249378002 0.00000000000000
7.10220440881763 1.22616713985687 0.00000000000000 -0.76508073343138 0.00000000000000
7.14128256513025 1.23767155082063 0.00000000000000 -0.77151187145489 0.00000000000000
7.18036072144288 1.23851462948563 0.00000000000000 -0.77124212595936 0.00000000000000
7.21943887775550 1.22903294382743 0.00000000000000 -0.76449893432277 0.00000000000000
7.25851703406813 1.20980551966465 0.00000000000000 -0.75166190268881 0.00000000000000
7.29759519038075 1.18161672634640 0.00000000000000 -0.73323891392810 0.00000000000000
7.33667334669338 1.14541408851847 0.00000000000000 -0.70983910416726 0.00000000000000
7.37575150300600 1.10226366935754 0.00000000000000 -0.68214439296319 0.00000000000000
7.41482965931863 1.05330546885975 0.00000000000000 -0.65088111859205 0.00000000000000
7.45390781563125 0.99971094959422 0.00000000000000 -0.61679311473117 0.00000000000000
7.49298597194388 0.94264438702139 0.00000000000000 -0.58061729703029 0.00000000000000
7.53206412825650 0.88322928586625 0.00000000000000 -0.54306253569165 0.00000000000000
7.57114228456913 0.82252064699346 0.00000000000000 -0.50479229795565 0.00000000000000
7.61022044088175 0.76148344231511 0.00000000000000 -0.46641127233647 0.00000000000000
7.64929859719438 0.70097728157432 0.00000000000000 -0.42845594914625 0.00000000000000
7.68837675350700 0.64174694890769 0.00000000000000 -0.39138893836070 0.00000000000000
7.72745490981963 0.58441825550780 0.00000000000000 -0.35559666023521 0.00000000000000
7.76653306613225 0.52949849739659 0.00000000000000 -0.32138994603754 0.00000000000000
7.80561122244488 0.47738071900968 0.00000000000000 -0.28900703229175 0.00000000000000
7.84468937875750 0.42835095510479 0.00000000000000 -0.25861841623089 0.00000000000000
7.88376753507013 0.38259764447387 0.00000000000000 -0.23033305562997 0.00000000000000
7.92284569138275 0.34022246729297 0.00000000000000 -0.20420543525925 0.00000000000000
7.96192384769538 0.30125194217253 0.00000000000000 -0.18024307747594 0.00000000000000
8.00100200400800 0.26564921857151 0.00000000000000 -0.15841413924323 0.00000000000000
8.04008016032063 0.23332560620648 0.00000000000000 -0.13865480639226 0.00000000000000
8.07915831663325 0.20415148816631 0.00000000000000 -0.12087626361503 0.00000000000000
8.11823647294588 0.17796636317527 0.00000000000000 -0.10497108204491 0.00000000000000
8.15731462925850 0.15458785108193 0.00000000000000 -0.09081892298701 0.00000000000000
8.19639278557113 0.13381957194981 0.00000000000000 -0.07829150501630 0.00000000000000
8.23547094188375 0.11545787211772 0.00000000000000 -0.06725682168201 0.00000000000000
8.27454909819638 0.09929742030899 0.00000000000000 -0.05758262849673 0.00000000000000
8.31362725450900 0.08513573405907 0.00000000000000 -0.04913924126105 0.00000000000000
8.35270541082163 0.07277672265201 0.00000000000000 -0.04180170390699 0.00000000000000
8.39178356713425 0.06203334894648 0.00000000000000 -0.03545139393950 0.00000000000000
8.43086172344688 0.05272952058554 0.00000000000000 -0.02997713828985 0.00000000000000
8.46993987975950 0.04470132276881 0.00000000000000 -0.02527591303363 0.00000000000000
8.50901803607213 0.03779770156225 0.00000000000000 -0.02125319796626 0.00000000000000
8.54809619238475 0.03188070001473 0.00000000000000 -0.01782305236154 0.00000000000000
8.58717434869738 0.02682534033015 0.00000000000000 -0.01490797213069 0.00000000000000
8.62625250501000 0.02251923499577 0.00000000000000 -0.01243858168310 0.00000000000000
8.66533066132263 0.01886199887578 0.00000000000000 -0.01035320656966 0.00000000000000
8.70440881763525 0.01576452344339 0.00000000000000 -0.00859736584742 0.00000000000000
8.74348697394788 0.01314816397933 0.00000000000000 -0.00712321631814 0.00000000000000
8.78256513026050 0.01094388100275 0.00000000000000 -0.00588897454719 0.00000000000000
8.82164328657313 0.00909136860028 0.00000000000000 -0.00485833697545 0.00000000000000
8.86072144288575 0.00753819476722 0.00000000000000 -0.00399991354569 0.00000000000000
8.89979959919838 0.00623897238712 0.00000000000000 -0.00328668608431 0.00000000000000
8.93887775551100 0.00515457401978 0.00000000000000 -0.00269549918181 0.00000000000000
8.97795591182363 0.00425139917277 0.00000000000000 -0.00220658845449 0.00000000000000
9.01703406813625 0.00350069911008 0.00000000000000 -0.00180314878242 0.00000000000000
9.05611222444888 0.00287796140056 0.00000000000000 -0.00147094333750 0.00000000000000
9.09519038076150 0.00236235422555 0.00000000000000 -0.00119795286906 0.00000000000000
9.13426853707413 0.00193622884748 0.00000000000000 -0.00097406373564 0.00000000000000
9.17334669338675 0.00158467749261 0.00000000000000 -0.00079079249496 0.00000000000000
9.21242484969938 0.00129514313527 0.00000000000000 -0.00064104443327 0.00000000000000
9.25150300601200 0.00105707721042 0.00000000000000 -0.00051890317679 0.00000000000000
9.29058116232463 0.00086164105781 0.00000000000000 -0.00041944843978 0.00000000000000
9.32965931863725 0.00070144685889 0.00000000000000 -0.00033859898579 0.00000000000000
9.36873747494988 0.00057033391789 0.00000000000000 -0.00027297798199 0.00000000000000
9.40781563126250 0.00046317632248 0.00000000000000 -0.00021979808395 0.00000000000000
9.44689378757513 0.00037571826635 0.00000000000000 -0.00017676378103 0.00000000000000
9.48597194388775 0.00030443359965 0.00000000000000 -0.00014198874360 0.00000000000000
9.52505010020038 0.00024640647632 0.00000000000000 -0.00011392613206 0.00000000000000
9.56412825651300 0.00019923027398 0.00000000000000 -0.00009131004399 0.00000000000000
9.60320641282563 0.00016092226276 0.00000000000000 -0.00007310648463 0.00000000000000
9.64228456913825 0.00012985178688 0.00000000000000 -0.00005847244178 0.00000000000000
9.68136272545088 0.00010467999152 0.00000000000000 -0.00004672182822 0.00000000000000
9.72044088176350 0.00008430937574 0.00000000000000 -0.00003729721978 0.00000000000000
9.75951903807613 0.00006784167794 0.00000000000000 -0.00002974646608 0.00000000000000
9.79859719438875 0.00005454280290 0.00000000000000 -0.00002370338352 0.00000000000000
9.83767535070138 0.00004381368095 0.00000000000000 -0.00001887185687 0.00000000000000
9.87675350701400 0.00003516610923 0.00000000000000 -0.00001501277805 0.00000000000000
9.91583166332663 0.00002820276545 0.00000000000000 -0.00001193333948 0.00000000000000
9.95490981963925 0.00002260070666 0.00000000000000 -0.00000947827608 0.00000000000000
9.99398797595188 0.00001809777164 0.00000000000000 -0.00000752271558 0.00000000000000
10.03306613226450 0.00001448139635 0.00000000000000 -0.00000596635308 0.00000000000000
10.07214428857713 0.00001157943056 0.00000000000000 -0.00000472871322 0.00000000000000
10.11122244488975 0.00000925261018 0.00000000000000 -0.00000374530361 0.00000000000000
10.15030060120238 0.00000738839681 0.00000000000000 -0.00000296449725 0.00000000000000
10.18937875751500 0.00000589594397 0.00000000000000 -0.00000234500960 0.00000000000000
10.22845691382763 0.00000470199008 0.00000000000000 -0.00000185386021 0.00000000000000
10.26753507014025 0.00000374751235 0.00000000000000 -0.00000146472815 0.00000000000000
10.30661322645288 0.00000298500434 0.00000000000000 -0.00000115662704 0.00000000000000
10.34569138276550 0.00000237626395 0.00000000000000 -0.00000091283899 0.00000000000000
10.38476953907813 0.00000189059831 0.00000000000000 -0.00000072005806 0.00000000000000
10.42384769539075 0.00000150336890 0.00000000000000 -0.00000056770278 0.00000000000000
10.46292585170338 0.00000119481366 0.00000000000000 -0.00000044736509 0.00000000000000
10.50200400801600 0.00000094909467 0.00000000000000 -0.00000035236913 0.00000000000000
10.54108216432863 0.00000075352876 0.00000000000000 -0.00000027741834 0.00000000000000
10.58016032064125 0.00000059796682 0.00000000000000 -0.00000021831353 0.00000000000000
10.61923847695388 0.00000047429346 0.00000000000000 -0.00000017172783 0.00000000000000
10.65831663326650 0.00000037602405 0.00000000000000 -0.00000013502724 0.00000000000000
10.69739478957913 0.00000029798062 0.00000000000000 -0.00000010612769 0.00000000000000
10.73647294589175 0.00000023603133 0.00000000000000 -0.00000008338123 0.00000000000000
10.77555110220438 0.00000018688121 0.00000000000000 -0.00000006548559 0.00000000000000
10.81462925851700 0.00000014790436 0.00000000000000 -0.00000005141220 0.00000000000000
10.85370741482963 0.00000011700934 0.00000000000000 -0.00000004034920 0.00000000000000
10.89278557114225 0.00000009253136 0.00000000000000 -0.00000003165605 0.00000000000000
10.93186372745488 0.00000007314604 0.00000000000000 -0.00000002482770 0.00000000000000
10.97094188376750 0.00000005780035 0.00000000000000 -0.00000001946608 0.00000000000000
11.01002004008013 0.00000004565752 0.00000000000000 -0.00000001525765 0.00000000000000
11.04909819639275 0.00000003605292 0.00000000000000 -0.00000001195550 0.00000000000000
11.08817635270538 0.00000002845895 0.00000000000000 -0.00000000936532 0.00000000000000
11.12725450901800 0.00000002245699 0.00000000000000 -0.00000000733427 0.00000000000000
11.16633266533063 0.00000001771504 0.00000000000000 -0.00000000574215 0.00000000000000
11.20541082164325 0.00000001396994 0.00000000000000 -0.00000000449447 0.00000000000000
11.24448897795588 0.00000001101316 0.00000000000000 -0.00000000351700 0.00000000000000
11.28356713426850 0.00000000867958 0.00000000000000 -0.00000000275144 0.00000000000000
11.32264529058113 0.00000000683844 0.00000000000000 -0.00000000215201 0.00000000000000
11.36172344689375 0.00000000538630 0.00000000000000 -0.00000000168279 0.00000000000000
11.40080160320638 0.00000000424134 0.00000000000000 -0.00000000131558 0.00000000000000
11.43987975951900 0.00000000333885 0.00000000000000 -0.00000000102828 0.00000000000000
11.47895791583163 0.00000000262770 0.00000000000000 -0.00000000080355 0.00000000000000
11.51803607214425 0.00000000206748 0.00000000000000 -0.00000000062781 0.00000000000000
11.55711422845688 0.00000000162629 0.00000000000000 -0.00000000049041 0.00000000000000
11.59619238476950 0.00000000127894 0.00000000000000 -0.00000000038301 0.00000000000000
11.63527054108213 0.00000000100553 0.00000000000000 -0.00000000029907 0.00000000000000
11.67434869739475 0.00000000079038 0.00000000000000 -0.00000000023349 0.00000000000000
11.71342685370738 0.00000000062113 0.00000000000000 -0.00000000018225 0.00000000000000
11.75250501002000 0.00000000048801 0.00000000000000 -0.00000000014224 0.00000000000000
11.79158316633263 0.00000000038334 0.00000000000000 -0.00000000011099 0.00000000000000
11.83066132264525 0.00000000030106 0.00000000000000 -0.00000000008659 0.00000000000000
11.86973947895788 0.00000000023638 0.00000000000000 -0.00000000006755 0.00000000000000
11.90881763527050 0.00000000018557 0.00000000000000 -0.00000000005268 0.00000000000000
11.94789579158313 0.00000000014565 0.00000000000000 -0.00000000004108 0.00000000000000
11.98697394789575 0.00000000011429 0.00000000000000 -0.00000000003203 0.00000000000000
12.02605210420838 0.00000000008967 0.00000000000000 -0.00000000002497 0.00000000000000
12.06513026052100 0.00000000007034 0.00000000000000 -0.00000000001947 0.00000000000000
12.10420841683363 0.00000000005517 0.00000000000000 -0.00000000001517 0.00000000000000
12.14328657314625 0.00000000004326 0.00000000000000 -0.00000000001183 0.00000000000000
12.18236472945888 0.00000000003392 0.00000000000000 -0.00000000000921 0.00000000000000
12.22144288577150 0.00000000002659 0.00000000000000 -0.00000000000718 0.00000000000000
12.26052104208413 0.00000000002084 0.00000000000000 -0.00000000000559 0.00000000000000
12.29959919839675 0.00000000001633 0.00000000000000 -0.00000000000436 0.00000000000000
12.33867735470938 0.00000000001279 0.00000000000000 -0.00000000000339 0.00000000000000
12.37775551102200 0.00000000001002 0.00000000000000 -0.00000000000264 0.00000000000000
12.41683366733463 0.00000000000785 0.00000000000000 -0.00000000000206 0.00000000000000
12.45591182364725 0.00000000000615 0.00000000000000 -0.00000000000160 0.00000000000000
12.49498997995988 0.00000000000481 0.00000000000000 -0.00000000000125 0.00000000000000
12.53406813627250 0.00000000000377 0.00000000000000 -0.00000000000097 0.00000000000000
12.57314629258513 0.00000000000295 0.00000000000000 -0.00000000000076 0.00000000000000
12.61222444889775 0.00000000000231 0.00000000000000 -0.00000000000059 0.00000000000000
12.65130260521038 0.00000000000181 0.00000000000000 -0.00000000000046 0.00000000000000
12.69038076152300 0.00000000000141 0.00000000000000 -0.00000000000036 0.00000000000000
12.72945891783563 0.00000000000111 0.00000000000000 -0.00000000000028 0.00000000000000
12.76853707414825 0.00000000000087 0.00000000000000 -0.00000000000022 0.00000000000000
12.80761523046088 0.00000000000068 0.00000000000000 -0.00000000000017 0.00000000000000
12.84669338677350 0.00000000000053 0.00000000000000 -0.00000000000013 0.00000000000000
12.88577154308613 0.00000000000041 0.00000000000000 -0.00000000000010 0.00000000000000
12.92484969939875 0.00000000000032 0.00000000000000 -0.00000000000008 0.00000000000000
12.96392785571138 0.00000000000025 0.00000000000000 -0.00000000000006 0.00000000000000
13.00300601202400 0.00000000000020 0.00000000000000 -0.00000000000005 0.00000000000000
13.04208416833663 0.00000000000015 0.00000000000000 -0.00000000000004 0.00000000000000
13.08116232464925 0.00000000000012 0.00000000000000 -0.00000000000003 0.00000000000000
13.12024048096188 0.00000000000009 0.00000000000000 -0.00000000000002 0.00000000000000
13.15931863727450 0.00000000000007 0.00000000000000 -0.00000000000002 0.00000000000000
13.19839679358713 0.00000000000006 0.00000000000000 -0.00000000000001 0.00000000000000
13.23747494989975 0.00000000000005 0.00000000000000 -0.00000000000001 0.00000000000000
13.27655310621238 0.00000000000004 0.00000000000000 -0.00000000000001 0.00000000000000
13.31563126252500 0.00000000000003 0.00000000000000 -0.00000000000001 0.00000000000000
13.35470941883763 0.00000000000002 0.00000000000000 -0.00000000000000 0.00000000000000
13.39378757515025 0.00000000000002 0.00000000000000 -0.00000000000000 0.00000000000000
13.43286573146288 0.00000000000001 0.00000000000000 -0.00000000000000 0.00000000000000
13.47194388777550 0.00000000000001 0.00000000000000 -0.00000000000000 0.00000000000000
13.51102204408813 0.00000000000001 0.00000000000000 -0.00000000000000 0.00000000000000
13.55010020040075 0.00000000000001 0.00000000000000 -0.00000000000000 0.00000000000000
13.58917835671338 0.00000000000000 0.00000000000000 -0.00000000000000 0.00000000000000
13.62825651302600 0.00000000000000 0.00000000000000 -0.00000000000000 0.00000000000000
13.66733466933863 0.00000000000000 0.00000000000000 -0.00000000000000 0.00000000000000
13.70641282565125 0.00000000000000 0.00000000000000 -0.00000000000000 0.00000000000000
13.74549098196388 0.00000000000000 0.00000000000000 -0.00000000000000 0.00000000000000
13.78456913827650 0.00000000000000 0.00000000000000 -0.00000000000000 0.00000000000000
13.82364729458913 0.00000000000000 0.00000000000000 -0.00000000000000 0.00000000000000
13.86272545090175 0.00000000000000 0.00000000000000 -0.00000000000000 0.00000000000000
13.90180360721438 0.00000000000000 0.00000000000000 -0.00000000000000 0.00000000000000
13.94088176352700 0.00000000000000 0.00000000000000 -0.00000000000000 0.00000000000000
13.97995991983963 0.00000000000000 0.00000000000000 -0.00000000000000 0.00000000000000
14.01903807615225 0.00000000000000 0.00000000000000 -0.00000000000000 0.00000000000000
14.05811623246488 0.00000000000000 0.00000000000000 -0.00000000000000 0.00000000000000
14.09719438877750 0.00000000000000 0.00000000000000 -0.00000000000000 0.00000000000000
14.13627254509013 0.00000000000000 0.00000000000000 -0.00000000000000 0.00000000000000
14.17535070140275 0.00000000000000 0.00000000000000 -0.00000000000000 0.00000000000000
14.21442885771538 0.00000000000000 0.00000000000000 -0.00000000000000 0.00000000000000
14.25350701402800 0.00000000000000 0.00000000000000 -0.00000000000000 0.00000000000000
14.29258517034063 0.00000000000000 0.00000000000000 -0.00000000000000 0.00000000000000
14.33166332665325 0.00000000000000 0.00000000000000 -0.00000000000000 0.00000000000000
14.37074148296588 0.00000000000000 0.00000000000000 -0.00000000000000 0.00000000000000
14.40981963927850 0.00000000000000 0.00000000000000 -0.00000000000000 0.00000000000000
14.44889779559113 0.00000000000000 0.00000000000000 -0.00000000000000 0.00000000000000
14.48797595190375 0.00000000000000 0.00000000000000 -0.00000000000000 0.00000000000000
14.52705410821638 0.00000000000000 0.00000000000000 -0.00000000000000 0.00000000000000
14.56613226452900 0.00000000000000 0.00000000000000 -0.00000000000000 0.00000000000000
14.60521042084163 0.00000000000000 0.00000000000000 -0.00000000000000 0.00000000000000
14.64428857715425 0.00000000000000 0.00000000000000 -0.00000000000000 0.00000000000000
14.68336673346688 0.00000000000000 0.00000000000000 -0.00000000000000 0.00000000000000
14.72244488977950 0.00000000000000 0.00000000000000 -0.00000000000000 0.00000000000000
14.76152304609213 0.00000000000000 0.00000000000000 -0.00000000000000 0.00000000000000
14.80060120240475 0.00000000000000 0.00000000000000 -0.00000000000000 0.00000000000000
14.83967935871738 0.00000000000000 0.00000000000000 -0.00000000000000 0.00000000000000
14.87875751503000 0.00000000000000 0.00000000000000 -0.00000000000000 0.00000000000000
14.91783567134263 0.00000000000000 0.00000000000000 -0.00000000000000 0.00000000000000
14.95691382765525 0.00000000000000 0.00000000000000 -0.00000000000000 0.00000000000000
14.99599198396788 0.00000000000000 0.00000000000000 -0.00000000000000 0.00000000000000
15.03507014028050 0.00000000000000 0.00000000000000 -0.00000000000000 0.00000000000000
15.07414829659313 0.00000000000000 0.00000000000000 -0.00000000000000 0.00000000000000
15.11322645290575 0.00000000000000 0.00000000000000 -0.00000000000000 0.00000000000000
15.15230460921838 0.00000000000000 0.00000000000000 -0.00000000000000 0.00000000000000
15.19138276553100 0.00000000000000 0.00000000000000 -0.00000000000000 0.00000000000000
15.23046092184363 0.00000000000000 0.00000000000000 -0.00000000000000 0.00000000000000
15.26953907815625 0.00000000000000 0.00000000000000 -0.00000000000000 0.00000000000000
15.30861723446888 0.00000000000000 0.00000000000000 -0.00000000000000 0.00000000000000
15.34769539078150 0.00000000000000 0.00000000000000 -0.00000000000000 0.00000000000000
15.38677354709413 0.00000000000000 0.00000000000000 -0.00000000000000 0.00000000000000
15.42585170340675 0.00000000000000 0.00000000000000 -0.00000000000000 0.00000000000000
15.46492985971938 0.00000000000000 0.00000000000000 -0.00000000000000 0.00000000000000
15.50400801603200 0.00000000000000 0.00000000000000 -0.00000000000000 0.00000000000000
15.54308617234463 0.00000000000000 0.00000000000000 -0.00000000000000 0.00000000000000
15.58216432865725 0.00000000000000 0.00000000000000 -0.00000000000000 0.00000000000000
15.62124248496988 0.00000000000000 0.00000000000000 -0.00000000000000 0.00000000000000
15.66032064128250 0.00000000000000 0.00000000000000 -0.00000000000000 0.00000000000000
15.69939879759513 0.00000000000000 0.00000000000000 -0.00000000000000 0.00000000000000
15.73847695390775 0.00000000000000 0.00000000000000 -0.00000000000000 0.00000000000000
15.77755511022038 0.00000000000000 0.00000000000000 -0.00000000000000 0.00000000000000
15.81663326653300 0.00000000000000 0.00000000000000 -0.00000000000000 0.00000000000000
15.85571142284563 0.00000000000000 0.00000000000000 -0.00000000000000 0.00000000000000
15.89478957915825 0.00000000000000 0.00000000000000 -0.00000000000000 0.00000000000000
15.93386773547088 0.00000000000000 0.00000000000000 -0.00000000000000 0.00000000000000
15.97294589178350 0.00000000000000 0.00000000000000 -0.00000000000000 0.00000000000000
16.01202404809613 0.00000000000000 0.00000000000000 -0.00000000000000 0.00000000000000
16.05110220440876 0.00000000000000 0.00000000000000 -0.00000000000000 0.00000000000000
16.09018036072138 0.00000000000000 0.00000000000000 -0.00000000000000 0.00000000000000
16.12925851703401 0.00000000000000 0.00000000000000 -0.00000000000000 0.00000000000000
16.16833667334664 0.00000000000000 0.00000000000000 -0.00000000000000 0.00000000000000
16.20741482965926 0.00000000000000 0.00000000000000 -0.00000000000000 0.00000000000000
16.24649298597189 0.00000000000000 0.00000000000000 -0.00000000000000 0.00000000000000
16.28557114228452 0.00000000000000 0.00000000000000 -0.00000000000000 0.00000000000000
16.32464929859714 0.00000000000000 0.00000000000000 -0.00000000000000 0.00000000000000
16.36372745490977 0.00000000000000 0.00000000000000 -0.00000000000000 0.00000000000000
16.40280561122240 0.00000000000000 0.00000000000000 -0.00000000000000 0.00000000000000
16.44188376753502 0.00000000000000 0.00000000000000 -0.00000000000000 0.00000000000000
16.48096192384765 0.00000000000000 0.00000000000000 -0.00000000000000 0.00000000000000
16.52004008016028 0.00000000000000 0.00000000000000 -0.00000000000000 0.00000000000000
16.55911823647291 0.00000000000000 0.00000000000000 -0.00000000000000 0.00000000000000
16.59819639278553 0.00000000000000 0.00000000000000 -0.00000000000000 0.00000000000000
16.63727454909816 0.00000000000000 0.00000000000000 -0.00000000000000 0.00000000000000
16.67635270541079 0.00000000000000 0.00000000000000 -0.00000000000000 0.00000000000000
16.71543086172341 0.00000000000000 0.00000000000000 -0.00000000000000 0.00000000000000
16.75450901803604 0.00000000000000 0.00000000000000 -0.00000000000000 0.00000000000000
16.79358717434867 0.00000000000000 0.00000000000000 -0.00000000000000 0.00000000000000
16.83266533066129 0.00000000000000 0.00000000000000 -0.00000000000000 0.00000000000000
16.87174348697392 0.00000000000000 0.00000000000000 -0.00000000000000 0.00000000000000
16.91082164328655 0.00000000000000 0.00000000000000 -0.00000000000000 0.00000000000000
16.94989979959917 0.00000000000000 0.00000000000000 -0.00000000000000 0.00000000000000
16.98897795591180 0.00000000000000 0.00000000000000 -0.00000000000000 0.00000000000000
17.02805611222443 0.00000000000000 0.00000000000000 -0.00000000000000 0.00000000000000
17.06713426853705 0.00000000000000 0.00000000000000 -0.00000000000000 0.00000000000000
17.10621242484968 0.00000000000000 0.00000000000000 -0.00000000000000 0.00000000000000
17.14529058116231 0.00000000000000 0.00000000000000 -0.00000000000000 0.00000000000000
17.18436873747493 0.00000000000000 0.00000000000000 -0.00000000000000 0.00000000000000
17.22344689378756 0.00000000000000 0.00000000000000 -0.00000000000000 0.00000000000000
17.26252505010019 0.00000000000000 0.00000000000000 -0.00000000000000 0.00000000000000
17.30160320641281 0.00000000000000 0.00000000000000 -0.00000000000000 0.00000000000000
17.34068136272544 0.00000000000000 0.00000000000000 -0.00000000000000 0.00000000000000
17.37975951903807 0.00000000000000 0.00000000000000 -0.00000000000000 0.00000000000000
17.41883767535069 0.00000000000000 0.00000000000000 -0.00000000000000 0.00000000000000
17.45791583166332 0.00000000000000 0.00000000000000 -0.00000000000000 0.00000000000000
17.49699398797595 0.00000000000000 0.00000000000000 -0.00000000000000 0.00000000000000
17.53607214428857 0.00000000000000 0.00000000000000 -0.00000000000000 0.00000000000000
17.57515030060120 0.00000000000000 0.00000000000000 -0.00000000000000 0.00000000000000
17.61422845691383 0.00000000000000 0.00000000000000 -0.00000000000000 0.00000000000000
17.65330661322646 0.00000000000000 0.00000000000000 -0.00000000000000 0.00000000000000
17.69238476953908 0.00000000000000 0.00000000000000 -0.00000000000000 0.00000000000000
17.73146292585171 0.00000000000000 0.00000000000000 -0.00000000000000 0.00000000000000
17.77054108216434 0.00000000000000 0.00000000000000 -0.00000000000000 0.00000000000000
17.80961923847696 0.00000000000000 0.00000000000000 -0.00000000000000 0.00000000000000
17.84869739478959 0.00000000000000 0.00000000000000 -0.00000000000000 0.00000000000000
17.88777555110222 0.00000000000000 0.00000000000000 -0.00000000000000 0.00000000000000
17.92685370741484 0.00000000000000 0.00000000000000 -0.00000000000000 0.00000000000000
17.96593186372747 0.00000000000000 0.00000000000000 -0.00000000000000 0.00000000000000
18.00501002004010 0.00000000000000 0.00000000000000 -0.00000000000000 0.00000000000000
18.04408817635272 0.00000000000000 0.00000000000000 -0.00000000000000 0.00000000000000
18.08316633266535 0.00000000000000 0.00000000000000 -0.00000000000000 0.00000000000000
18.12224448897798 0.00000000000000 0.00000000000000 -0.00000000000000 0.00000000000000
18.16132264529060 0.00000000000000 0.00000000000000 -0.00000000000000 0.00000000000000
18.20040080160323 0.00000000000000 0.00000000000000 -0.00000000000000 0.00000000000000
18.23947895791586 0.00000000000000 0.00000000000000 -0.00000000000000 0.00000000000000
18.27855711422848 0.00000000000000 0.00000000000000 -0.00000000000000 0.00000000000000
18.31763527054111 0.00000000000000 0.00000000000000 -0.00000000000000 0.00000000000000
18.35671342685374 0.00000000000000 0.00000000000000 -0.00000000000000 0.00000000000000
18.39579158316636 0.00000000000000 0.00000000000000 -0.00000000000000 0.00000000000000
18.43486973947899 0.00000000000000 0.00000000000000 -0.00000000000000 0.00000000000000
18.47394789579162 0.00000000000000 0.00000000000000 -0.00000000000000 0.00000000000000
18.51302605210424 0.00000000000000 0.00000000000000 -0.00000000000000 0.00000000000000
18.55210420841687 0.00000000000000 0.00000000000000 -0.00000000000000 0.00000000000000
18.59118236472950 0.00000000000000 0.00000000000000 -0.00000000000000 0.00000000000000
18.63026052104212 0.00000000000000 0.00000000000000 -0.00000000000000 0.00000000000000
18.66933867735475 0.00000000000000 0.00000000000000 -0.00000000000000 0.00000000000000
18.70841683366738 0.00000000000000 0.00000000000000 -0.00000000000000 0.00000000000000
18.74749498998001 0.00000000000000 0.00000000000000 -0.00000000000000 0.00000000000000
18.78657314629263 0.00000000000000 0.00000000000000 -0.00000000000000 0.00000000000000
18.82565130260526 0.00000000000000 0.00000000000000 -0.00000000000000 0.00000000000000
18.86472945891789 0.00000000000000 0.00000000000000 -0.00000000000000 0.00000000000000
18.90380761523051 0.00000000000000 0.00000000000000 -0.00000000000000 0.00000000000000
18.94288577154314 0.00000000000000 0.00000000000000 -0.00000000000000 0.00000000000000
18.98196392785577 0.00000000000000 0.00000000000000 -0.00000000000000 0.00000000000000
19.02104208416839 0.00000000000000 0.00000000000000 -0.00000000000000 0.00000000000000
19.06012024048102 0.00000000000000 0.00000000000000 -0.00000000000000 0.00000000000000
19.09919839679365 0.00000000000000 0.00000000000000 -0.00000000000000 0.00000000000000
19.13827655310627 0.00000000000000 0.00000000000000 -0.00000000000000 0.00000000000000
19.17735470941890 0.00000000000000 0.00000000000000 -0.00000000000000 0.00000000000000
19.21643286573153 0.00000000000000 0.00000000000000 -0.00000000000000 0.00000000000000
19.25551102204415 0.00000000000000 0.00000000000000 -0.00000000000000 0.00000000000000
19.29458917835678 0.00000000000000 0.00000000000000 -0.00000000000000 0.00000000000000
19.33366733466941 0.00000000000000 0.00000000000000 -0.00000000000000 0.00000000000000
19.37274549098203 0.00000000000000 0.00000000000000 -0.00000000000000 0.00000000000000
19.41182364729466 0.00000000000000 0.00000000000000 -0.00000000000000 0.00000000000000
19.45090180360729 0.00000000000000 0.00000000000000 -0.00000000000000 0.00000000000000
19.48997995991991 0.00000000000000 0.00000000000000 -0.00000000000000 0.00000000000000
19.52905811623254 0.00000000000000 0.00000000000000 -0.00000000000000 0.00000000000000
19.56813627254517 0.00000000000000 0.00000000000000 -0.00000000000000 0.00000000000000
19.60721442885779 0.00000000000000 0.00000000000000 -0.00000000000000 0.00000000000000
19.64629258517042 0.00000000000000 0.00000000000000 -0.00000000000000 0.00000000000000
19.68537074148305 0.00000000000000 0.00000000000000 -0.00000000000000 0.00000000000000
19.72444889779567 0.00000000000000 0.00000000000000 -0.00000000000000 0.00000000000000
19.76352705410830 0.00000000000000 0.00000000000000 -0.00000000000000 0.00000000000000
19.80260521042093 0.00000000000000 0.00000000000000 -0.00000000000000 0.00000000000000
19.84168336673356 0.00000000000000 0.00000000000000 -0.00000000000000 0.00000000000000
19.88076152304618 0.00000000000000 0.00000000000000 -0.00000000000000 0.00000000000000
19.91983967935881 0.00000000000000 0.00000000000000 -0.00000000000000 0.00000000000000
19.95891783567144 0.00000000000000 0.00000000000000 -0.00000000000000 0.00000000000000
19.99799599198406 0.00000000000000 0.00000000000000 -0.00000000000000 0.00000000000000
20.03707414829669 0.00000000000000 0.00000000000000 -0.00000000000000 0.00000000000000
20.07615230460932 0.00000000000000 0.00000000000000 -0.00000000000000 0.00000000000000
20.11523046092194 0.00000000000000 0.00000000000000 -0.00000000000000 0.00000000000000
20.15430861723457 0.00000000000000 0.00000000000000 -0.00000000000000 0.00000000000000
20.19338677354720 0.00000000000000 0.00000000000000 -0.00000000000000 0.00000000000000
20.23246492985982 0.00000000000000 0.00000000000000 -0.00000000000000 0.00000000000000
20.27154308617245 0.00000000000000 0.00000000000000 -0.00000000000000 0.00000000000000
20.31062124248508 0.00000000000000 0.00000000000000 -0.00000000000000 0.00000000000000
20.34969939879770 0.00000000000000 0.00000000000000 -0.00000000000000 0.00000000000000
20.38877755511033 0.00000000000000 0.00000000000000 -0.00000000000000 0.00000000000000
20.42785571142296 0.00000000000000 0.00000000000000 -0.00000000000000 0.00000000000000
20.46693386773558 0.00000000000000 0.00000000000000 -0.00000000000000 0.00000000000000
20.50601202404821 0.00000000000000 0.00000000000000 -0.00000000000000 0.00000000000000
20.54509018036084 0.00000000000000 0.00000000000000 -0.00000000000000 0.00000000000000
20.58416833667346 0.00000000000000 0.00000000000000 -0.00000000000000 0.00000000000000
20.62324649298609 0.00000000000000 0.00000000000000 -0.00000000000000 0.00000000000000
20.66232464929872 0.00000000000000 0.00000000000000 -0.00000000000000 0.00000000000000
20.70140280561134 0.00000000000000 0.00000000000000 -0.00000000000000 0.00000000000000
20.74048096192397 0.00000000000000 0.00000000000000 -0.00000000000000 0.00000000000000
20.77955911823660 0.00000000000000 0.00000000000000 -0.00000000000000 0.00000000000000
20.81863727454922 0.00000000000000 0.00000000000000 -0.00000000000000 0.00000000000000
20.85771543086185 0.00000000000000 0.00000000000000 -0.00000000000000 0.00000000000000
20.89679358717448 0.00000000000000 0.00000000000000 -0.00000000000000 0.00000000000000
20.93587174348711 0.00000000000000 0.00000000000000 -0.00000000000000 0.00000000000000
20.97494989979973 0.00000000000000 0.00000000000000 -0.00000000000000 0.00000000000000
21.01402805611236 0.00000000000000 0.00000000000000 -0.00000000000000 0.00000000000000
21.05310621242499 0.00000000000000 0.00000000000000 -0.00000000000000 0.00000000000000
21.09218436873761 0.00000000000000 0.00000000000000 -0.00000000000000 0.00000000000000
21.13126252505024 0.00000000000000 0.00000000000000 -0.00000000000000 0.00000000000000
21.17034068136287 0.00000000000000 0.00000000000000 -0.00000000000000 0.00000000000000
21.20941883767549 0.00000000000000 0.00000000000000 -0.00000000000000 0.00000000000000
21.24849699398812 0.00000000000000 0.00000000000000 -0.00000000000000 0.00000000000000
21.28757515030075 0.00000000000000 0.00000000000000 -0.00000000000000 0.00000000000000
21.32665330661337 0.00000000000000 0.00000000000000 -0.00000000000000 0.00000000000000
21.36573146292600 0.00000000000000 0.00000000000000 -0.00000000000000 0.00000000000000
21.40480961923863 0.00000000000000 0.00000000000000 -0.00000000000000 0.00000000000000
21.44388777555125 0.00000000000000 0.00000000000000 -0.00000000000000 0.00000000000000
21.48296593186388 0.00000000000000 0.00000000000000 -0.00000000000000 0.00000000000000
21.52204408817651 0.00000000000000 0.00000000000000 -0.00000000000000 0.00000000000000
21.56112224448913 0.00000000000000 0.00000000000000 -0.00000000000000 0.00000000000000
21.60020040080176 0.00000000000000 0.00000000000000 -0.00000000000000 0.00000000000000
21.63927855711439 0.00000000000000 0.00000000000000 -0.00000000000000 0.00000000000000
21.67835671342701 0.00000000000000 0.00000000000000 -0.00000000000000 0.00000000000000
21.71743486973964 0.00000000000000 0.00000000000000 -0.00000000000000 0.00000000000000
21.75651302605227 0.00000000000000 0.00000000000000 -0.00000000000000 0.00000000000000
21.79559118236489 0.00000000000000 0.00000000000000 -0.00000000000000 0.00000000000000
21.83466933867752 0.00000000000000 0.00000000000000 -0.00000000000000 0.00000000000000
21.87374749499015 0.00000000000000 0.00000000000000 -0.00000000000000 0.00000000000000
21.91282565130278 0.00000000000000 0.00000000000000 -0.00000000000000 0.00000000000000
21.95190380761540 0.00000000000000 0.00000000000000 -0.00000000000000 0.00000000000000
21.99098196392803 0.00000000000000 0.00000000000000 -0.00000000000000 0.00000000000000
22.03006012024066 0.00000000000000 0.00000000000000 -0.00000000000000 0.00000000000000
22.06913827655328 0.00000000000000 0.00000000000000 -0.00000000000000 0.00000000000000
22.10821643286591 0.00000000000000 0.00000000000000 -0.00000000000000 0.00000000000000
22.14729458917854 0.00000000000000 0.00000000000000 -0.00000000000000 0.00000000000000
22.18637274549116 0.00000000000000 0.00000000000000 -0.00000000000000 0.00000000000000
22.22545090180379 0.00000000000000 0.00000000000000 -0.00000000000000 0.00000000000000
22.26452905811642 0.00000000000000 0.00000000000000 -0.00000000000000 0.00000000000000
22.30360721442904 0.00000000000000 0.00000000000000 -0.00000000000000 0.00000000000000
22.34268537074167 0.00000000000000 0.00000000000000 -0.00000000000000 0.00000000000000
22.38176352705430 0.00000000000000 0.00000000000000 -0.00000000000000 0.00000000000000
22.42084168336692 0.00000000000000 0.00000000000000 -0.00000000000000 0.00000000000000
22.45991983967955 0.00000000000000 0.00000000000000 -0.00000000000000 0.00000000000000
22.49899799599218 0.00000000000000 0.00000000000000 -0.00000000000000 0.00000000000000
22.53807615230480 0.00000000000000 0.00000000000000 -0.00000000000000 0.00000000000000
22.57715430861743 0.00000000000000 0.00000000000000 -0.00000000000000 0.00000000000000
22.61623246493006 0.00000000000000 0.00000000000000 -0.00000000000000 0.00000000000000
22.65531062124268 0.00000000000000 0.00000000000000 -0.00000000000000 0.00000000000000
22.69438877755531 0.00000000000000 0.00000000000000 -0.00000000000000 0.00000000000000
22.73346693386794 0.00000000000000 0.00000000000000 -0.00000000000000 0.00000000000000
22.77254509018056 0.00000000000000 0.00000000000000 -0.00000000000000 0.00000000000000
22.81162324649319 0.00000000000000 0.00000000000000 -0.00000000000000 0.00000000000000
22.85070140280582 0.00000000000000 0.00000000000000 -0.00000000000000 0.00000000000000
22.88977955911844 0.00000000000000 0.00000000000000 -0.00000000000000 0.00000000000000
22.92885771543107 0.00000000000000 0.00000000000000 -0.00000000000000 0.00000000000000
22.96793587174370 0.00000000000000 0.00000000000000 -0.00000000000000 0.00000000000000
23.00701402805633 0.00000000000000 0.00000000000000 -0.00000000000000 0.00000000000000
23.04609218436895 0.00000000000000 0.00000000000000 -0.00000000000000 0.00000000000000
23.08517034068158 0.00000000000000 0.00000000000000 -0.00000000000000 0.00000000000000
23.12424849699421 0.00000000000000 0.00000000000000 -0.00000000000000 0.00000000000000
23.16332665330683 0.00000000000000 0.00000000000000 -0.00000000000000 0.00000000000000
23.20240480961946 0.00000000000000 0.00000000000000 -0.00000000000000 0.00000000000000
23.24148296593209 0.00000000000000 0.00000000000000 -0.00000000000000 0.00000000000000
23.28056112224471 0.00000000000000 0.00000000000000 -0.00000000000000 0.00000000000000
23.31963927855734 0.00000000000000 0.00000000000000 -0.00000000000000 0.00000000000000
23.35871743486997 0.00000000000000 0.00000000000000 -0.00000000000000 0.00000000000000
23.39779559118259 0.00000000000000 0.00000000000000 -0.00000000000000 0.00000000000000
23.43687374749522 0.00000000000000 0.00000000000000 -0.00000000000000 0.00000000000000
23.47595190380785 0.00000000000000 0.00000000000000 -0.00000000000000 0.00000000000000
23.51503006012047 0.00000000000000 0.00000000000000 -0.00000000000000 0.00000000000000
23.55410821643310 0.00000000000000 0.00000000000000 -0.00000000000000 0.00000000000000
23.59318637274573 0.00000000000000 0.00000000000000 -0.00000000000000 0.00000000000000
23.63226452905835 0.00000000000000 0.00000000000000 -0.00000000000000 0.00000000000000
23.67134268537098 0.00000000000000 0.00000000000000 -0.00000000000000 0.00000000000000
23.71042084168361 0.00000000000000 0.00000000000000 -0.00000000000000 0.00000000000000
23.74949899799623 0.00000000000000 0.00000000000000 -0.00000000000000 0.00000000000000
23.78857715430886 0.00000000000000 0.00000000000000 -0.00000000000000 0.00000000000000
23.82765531062149 0.00000000000000 0.00000000000000 -0.00000000000000 0.00000000000000
23.86673346693411 0.00000000000000 0.00000000000000 -0.00000000000000 0.00000000000000
23.90581162324674 0.00000000000000 0.00000000000000 -0.00000000000000 0.00000000000000
23.94488977955937 0.00000000000000 0.00000000000000 -0.00000000000000 0.00000000000000
23.98396793587199 0.00000000000000 0.00000000000000 -0.00000000000000 0.00000000000000
24.02304609218462 0.00000000000000 0.00000000000000 -0.00000000000000 0.00000000000000
24.06212424849725 0.00000000000000 0.00000000000000 -0.00000000000000 0.00000000000000
24.10120240480988 0.00000000000000 0.00000000000000 -0.00000000000000 0.00000000000000
24.14028056112250 0.00000000000000 0.00000000000000 -0.00000000000000 0.00000000000000
24.17935871743513 0.00000000000000 0.00000000000000 -0.00000000000000 0.00000000000000
24.21843687374776 0.00000000000000 0.00000000000000 -0.00000000000000 0.00000000000000
24.25751503006038 0.00000000000000 0.00000000000000 -0.00000000000000 0.00000000000000
24.29659318637301 0.00000000000000 0.00000000000000 -0.00000000000000 0.00000000000000
24.33567134268564 0.00000000000000 0.00000000000000 -0.00000000000000 0.00000000000000
24.37474949899826 0.00000000000000 0.00000000000000 -0.00000000000000 0.00000000000000
24.41382765531089 0.00000000000000 0.00000000000000 -0.00000000000000 0.00000000000000
24.45290581162352 0.00000000000000 0.00000000000000 -0.00000000000000 0.00000000000000
24.49198396793614 0.00000000000000 0.00000000000000 -0.00000000000000 0.00000000000000
24.53106212424877 0.00000000000000 0.00000000000000 -0.00000000000000 0.00000000000000
24.57014028056140 0.00000000000000 0.00000000000000 -0.00000000000000 0.00000000000000
24.60921843687402 0.00000000000000 0.00000000000000 -0.00000000000000 0.00000000000000
24.64829659318665 0.00000000000000 0.00000000000000 -0.00000000000000 0.00000000000000
24.68737474949928 0.00000000000000 0.00000000000000 -0.00000000000000 0.00000000000000
24.72645290581190 0.00000000000000 0.00000000000000 -0.00000000000000 0.00000000000000
24.76553106212453 0.00000000000000 0.00000000000000 -0.00000000000000 0.00000000000000
24.80460921843716 0.00000000000000 0.00000000000000 -0.00000000000000 0.00000000000000
24.84368737474978 0.00000000000000 0.00000000000000 -0.00000000000000 0.00000000000000
24.88276553106241 0.00000000000000 0.00000000000000 -0.00000000000000 0.00000000000000
24.92184368737504 0.00000000000000 0.00000000000000 -0.00000000000000 0.00000000000000
24.96092184368766 0.00000000000000 0.00000000000000 -0.00000000000000 0.00000000000000
25.00000000000029 0.00000000000000 0.00000000000000 0.00000000000000 0.00000000000000
