5.50000000000000 0.00000000000000 0.00000000000000 0.00000000000000 0.00000000000000
5.53907815631263 -0.00001564230530 0.00000000000000 0.00000985651047 0.00000000000000
5.57815631262525 -0.00004012459037 0.00000000000000 0.00002528779785 0.00000000000000
5.61723446893788 -0.00008523574591 0.00000000000000 0.00005372773392 0.00000000000000
5.65631262525050 -0.00016994919697 0.00000000000000 0.00010714347069 0.00000000000000
5.69539078156313 -0.00032583551973 0.00000000000000 0.00020545061240 0.00000000000000
5.73446893787575 -0.00060445307389 0.00000000000000 0.00038117670851 0.00000000000000
5.77354709418838 -0.00108739359051 0.00000000000000 0.00068579999915 0.00000000000000
5.81262525050100 -0.00189940736823 0.00000000000000 0.00119803045890 0.00000000000000
5.85170340681363 -0.00322466322608 0.00000000000000 0.00203406630581 0.00000000000000
5.89078156312625 -0.00532564770060 0.00000000000000 0.00335951065200 0.00000000000000
5.92985971943888 -0.00856347057452 0.00000000000000 0.00540216648247 0.00000000000000
5.96893787575150 -0.01341747327048 0.00000000000000 0.00846437773776 0.00000000000000
6.00801603206413 -0.02050114784183 0.00000000000000 0.01293302285258 0.00000000000000
6.04709418837675 -0.03057063583780 0.00000000000000 0.01928480154127 0.00000000000000
6.08617234468938 -0.04452168805004 0.00000000000000 0.02808421250989 0.00000000000000
6.12525050100200 -0.06337112215684 0.00000000000000 0.03997172192468 0.00000000000000
6.16432865731463 -0.08821965792743 0.00000000000000 0.05564015973300 0.00000000000000
6.20340681362725 -0.12019458429682 0.00000000000000 0.07579838152657 0.00000000000000
6.24248496993988 -0.16037293492367 0.00000000000000 0.10112264343130 0.00000000000000
6.28156312625250 -0.20968849513196 0.00000000000000 0.13219781405113 0.00000000000000
6.32064128256513 -0.26882869010653 0.00000000000000 0.16945227267270 0.00000000000000
6.35971943887775 -0.33812877844969 0.00000000000000 0.21309121187665 0.00000000000000
6.39879759519038 -0.41746208738627 0.00000000000000 0.26302758705311 0.00000000000000
6.43787575150300 -0.50612764300563 0.00000000000000 0.31881160717286 0.00000000000000
6.47695390781563 -0.60277629331910 0.00000000000000 0.37958469352969 0.00000000000000
6.51603206412825 -0.70537612665467 0.00000000000000 0.44405840860634 0.00000000000000
6.55511022044088 -0.81122368277645 0.00000000000000 0.51052242356065 0.00000000000000
6.59418837675350 -0.91700579692411 0.00000000000000 0.57688452177534 0.00000000000000
6.63326653306613 -1.01891250766941 0.00000000000000 0.64074283178161 0.00000000000000
6.67234468937875 -1.11279662371783 0.00000000000000 0.69948741551657 0.00000000000000
6.71142284569138 -1.19437091056248 0.00000000000000 0.75042540625865 0.00000000000000
6.75050100200400 -1.25942996707697 0.00000000000000 0.79092143813548 0.00000000000000
6.78957915831663 -1.30408116684568 0.00000000000000 0.81854342097469 0.00000000000000
6.82865731462925 -1.32496784138911 0.00000000000000 0.83120297898930 0.00000000000000
6.86773547094188 -1.31946829889282 0.00000000000000 0.82728015855309 0.00000000000000
6.90681362725450 -1.28585624026574 0.00000000000000 0.80572327817768 0.00000000000000
6.94589178356713 -1.22341193126399 0.00000000000000 0.76611739546051 0.00000000000000
6.98496993987975 -1.13248047572440 0.00000000000000 0.70872038565509 0.00000000000000
7.02404809619238 -1.01446627575634 0.00000000000000 0.63445779826915 0.00000000000000
7.06312625250500 -0.87176554748601 0.00000000000000 0.54487767642888 0.00000000000000
7.10220440881763 -0.70764670680312 0.00000000000000 0.44207295786250 0.00000000000000
7.14128256513025 -0.52608895899679 0.00000000000000 0.32857781271455 0.00000000000000
7.18036072144288 -0.33159135770832 0.00000000000000 0.20724566675490 0.00000000000000
7.21943887775550 -0.12896569133502 0.00000000000000 0.08111742478533 0.00000000000000
7.25851703406813 0.07687349321982 0.00000000000000 -0.04671164478964 0.00000000000000
7.29759519038075 0.28110947401014 0.00000000000000 -0.17321860173590 0.00000000000000
7.33667334669338 0.47920413601709 0.00000000000000 -0.29556653818035 0.00000000000000
7.37575150300600 0.66705092591496 0.00000000000000 -0.41120026560565 0.00000000000000
7.41482965931863 0.84109460739598 0.00000000000000 -0.51792065516370 0.00000000000000
7.45390781563125 0.99841512071051 0.00000000000000 -0.61393600972234 0.00000000000000
7.49298597194388 1.13677533862830 0.00000000000000 -0.69789042860661 0.00000000000000
7.53206412825650 1.25463465349380 0.00000000000000 -0.76887048298041 0.00000000000000
7.57114228456913 1.35113202383488 0.00000000000000 -0.82639258705048 0.00000000000000
7.61022044088175 1.42604330617779 0.00000000000000 -0.87037419854175 0.00000000000000
7.64929859719438 1.47971839866097 0.00000000000000 -0.90109241269421 0.00000000000000
7.68837675350700 1.51300396665506 0.00000000000000 -0.91913365333937 0.00000000000000
7.72745490981963 1.52715737323967 0.00000000000000 -0.92533805567383 0.00000000000000
7.76653306613225 1.52375698161562 0.00000000000000 -0.92074183149107 0.00000000000000
7.80561122244488 1.50461332094177 0.00000000000000 -0.90652046578660 0.00000000000000
7.84468937875750 1.47168479793379 0.00000000000000 -0.88393506901804 0.00000000000000
7.88376753507013 1.42700077152043 0.00000000000000 -0.85428365140804 0.00000000000000
7.92284569138275 1.37259395195167 0.00000000000000 -0.81885853584328 0.00000000000000
7.96192384769538 1.31044328934969 0.00000000000000 -0.77891061600559 0.00000000000000
8.00100200400800 1.24242781511071 0.00000000000000 -0.73562071859201 0.00000000000000
8.04008016032063 1.17029131403840 0.00000000000000 -0.69007795605693 0.00000000000000
8.07915831663325 1.09561724456975 0.00000000000000 -0.64326466464456 0.00000000000000
8.11823647294588 1.01981298792593 0.00000000000000 -0.59604731064668 0.00000000000000
8.15731462925850 0.94410228597682 0.00000000000000 -0.54917261016079 0.00000000000000
8.19639278557113 0.86952460846022 0.00000000000000 -0.50326803527700 0.00000000000000
8.23547094188375 0.79694015643612 0.00000000000000 -0.45884586190502 0.00000000000000
8.27454909819638 0.72703924285891 0.00000000000000 -0.41630994000333 0.00000000000000
8.31362725450900 0.66035487559762 0.00000000000000 -0.37596442464450 0.00000000000000
8.35270541082163 0.59727748712615 0.00000000000000 -0.33802378585928 0.00000000000000
8.39178356713425 0.53807089442608 0.00000000000000 -0.30262350753703 0.00000000000000
8.43086172344688 0.48288872070444 0.00000000000000 -0.26983098330528 0.00000000000000
8.46993987975950 0.43179065806926 0.00000000000000 -0.23965621430950 0.00000000000000
8.50901803607213 0.38475809041157 0.00000000000000 -0.21206200571023 0.00000000000000
8.54809619238475 0.34170872363136 0.00000000000000 -0.18697344242559 0.00000000000000
8.58717434869738 0.30250998307500 0.00000000000000 -0.16428649827361 0.00000000000000
8.62625250501000 0.26699103420451 0.00000000000000 -0.14387569529758 0.00000000000000
8.66533066132263 0.23495336186466 0.00000000000000 -0.12560078154755 0.00000000000000
8.70440881763525 0.20617990671156 0.00000000000000 -0.10931243638003 0.00000000000000
8.74348697394788 0.18044280568401 0.00000000000000 -0.09485704326714 0.00000000000000
8.78256513026050 0.15750981848472 0.00000000000000 -0.08208059226756 0.00000000000000
8.82164328657313 0.13714954573056 0.00000000000000 -0.07083178892729 0.00000000000000
8.86072144288575 0.11913555861168 0.00000000000000 -0.06096445470335 0.00000000000000
8.89979959919838 0.10324956638690 0.00000000000000 -0.05233930725435 0.00000000000000
8.93887775551100 0.08928374852279 0.00000000000000 -0.04482520824873 0.00000000000000
8.97795591182363 0.07704237425595 0.00000000000000 -0.03829996271457 0.00000000000000
9.01703406813625 0.06634282512477 0.00000000000000 -0.03265074826938 0.00000000000000
9.05611222444888 0.05701612666657 0.00000000000000 -0.02777424556155 0.00000000000000
9.09519038076150 0.04890708489992 0.00000000000000 -0.02357653352550 0.00000000000000
9.13426853707413 0.04187411211096 0.00000000000000 -0.01997280507422 0.00000000000000
9.17334669338675 0.03578881537547 0.00000000000000 -0.01688695098415 0.00000000000000
9.21242484969938 0.03053541056499 0.00000000000000 -0.01425105222924 0.00000000000000
9.25150300601200 0.02601001457971 0.00000000000000 -0.01200481406980 0.00000000000000
9.29058116232463 0.02211985939332 0.00000000000000 -0.01009496890638 0.00000000000000
9.32965931863725 0.01878246328084 0.00000000000000 -0.00847466932283 0.00000000000000
9.36873747494988 0.01592478736236 0.00000000000000 -0.00710288787902 0.00000000000000
9.40781563126250 0.01348239932103 0.00000000000000 -0.00594383605286 0.00000000000000
9.44689378757513 0.01139866079987 0.00000000000000 -0.00496641123417 0.00000000000000
9.48597194388775 0.00962395048280 0.00000000000000 -0.00414367778441 0.00000000000000
9.52505010020038 0.00811493114318 0.00000000000000 -0.00345238583529 0.00000000000000
9.56412825651300 0.00683386591345 0.00000000000000 -0.00287252963918 0.00000000000000
9.60320641282563 0.00574798660763 0.00000000000000 -0.00238694584118 0.00000000000000
9.64228456913825 0.00482891503010 0.00000000000000 -0.00198095095331 0.00000000000000
9.68136272545088 0.00405213675187 0.00000000000000 -0.00164201651788 0.00000000000000
9.72044088176350 0.00339652575666 0.00000000000000 -0.00135947989703 0.00000000000000
9.75951903807613 0.00284391758971 0.00000000000000 -0.00112428827184 0.00000000000000
9.79859719438875 0.00237872812280 0.00000000000000 -0.00092877323634 0.00000000000000
9.83767535070138 0.00198761473230 0.00000000000000 -0.00076645329463 0.00000000000000
9.87675350701400 0.00165917652747 0.00000000000000 -0.00063186158325 0.00000000000000
9.91583166332663 0.00138369022926 0.00000000000000 -0.00052039622162 0.00000000000000
9.95490981963925 0.00115287835415 0.00000000000000 -0.00042819082094 0.00000000000000
9.99398797595188 0.00095970647868 0.00000000000000 -0.00035200284013 0.00000000000000
10.03306613226450 0.00079820652718 0.00000000000000 -0.00028911765360 0.00000000000000
10.07214428857713 0.00066332322275 0.00000000000000 -0.00023726638049 0.00000000000000
10.11122244488975 0.00055078105542 0.00000000000000 -0.00019455571026 0.00000000000000
10.15030060120238 0.00045696934325 0.00000000000000 -0.00015940814103 0.00000000000000
10.18937875751500 0.00037884318319 0.00000000000000 -0.00013051121976 0.00000000000000
10.22845691382763 0.00031383830439 0.00000000000000 -0.00010677453580 0.00000000000000
10.26753507014025 0.00025979804225 0.00000000000000 -0.00008729336937 0.00000000000000
10.30661322645288 0.00021491084584 0.00000000000000 -0.00007131803375 0.00000000000000
10.34569138276550 0.00017765691096 0.00000000000000 -0.00005822807416 0.00000000000000
10.38476953907813 0.00014676269688 0.00000000000000 -0.00004751059748 0.00000000000000
10.42384769539075 0.00012116223554 0.00000000000000 -0.00003874210632 0.00000000000000
10.46292585170338 0.00009996427825 0.00000000000000 -0.00003157329822 0.00000000000000
10.50200400801600 0.00008242444720 0.00000000000000 -0.00002571636814 0.00000000000000
10.54108216432863 0.00006792166832 0.00000000000000 -0.00002093441938 0.00000000000000
10.58016032064125 0.00005593825869 0.00000000000000 -0.00001703264658 0.00000000000000
10.61923847695388 0.00004604312717 0.00000000000000 -0.00001385100542 0.00000000000000
10.65831663326650 0.00003787762209 0.00000000000000 -0.00001125812686 0.00000000000000
10.69739478957913 0.00003114362538 0.00000000000000 -0.00000914627160 0.00000000000000
10.73647294589175 0.00002559354992 0.00000000000000 -0.00000742715240 0.00000000000000
10.77555110220438 0.00002102194664 0.00000000000000 -0.00000602847923 0.00000000000000
10.81462925851700 0.00001725847102 0.00000000000000 -0.00000489110571 0.00000000000000
10.85370741482963 0.00001416199564 0.00000000000000 -0.00000396667469 0.00000000000000
10.89278557114225 0.00001161568783 0.00000000000000 -0.00000321567799 0.00000000000000
10.93186372745488 0.00000952289857 0.00000000000000 -0.00000260585896 0.00000000000000
10.97094188376750 0.00000780373271 0.00000000000000 -0.00000211089862 0.00000000000000
11.01002004008013 0.00000639219041 0.00000000000000 -0.00000170933621 0.00000000000000
11.04909819639275 0.00000523378703 0.00000000000000 -0.00000138368292 0.00000000000000
11.08817635270538 0.00000428357329 0.00000000000000 -0.00000111969509 0.00000000000000
11.12725450901800 0.00000350448990 0.00000000000000 -0.00000090577852 0.00000000000000
11.16633266533063 0.00000286600129 0.00000000000000 -0.00000073250077 0.00000000000000
11.20541082164325 0.00000234296219 0.00000000000000 -0.00000059219205 0.00000000000000
11.24448897795588 0.00000191467799 0.00000000000000 -0.00000047861899 0.00000000000000
11.28356713426850 0.00000156412657 0.00000000000000 -0.00000038671801 0.00000000000000
11.32264529058113 0.00000127731412 0.00000000000000 -0.00000031237778 0.00000000000000
11.36172344689375 0.00000104274252 0.00000000000000 -0.00000025226157 0.00000000000000
11.40080160320638 0.00000085096906 0.00000000000000 -0.00000020366253 0.00000000000000
11.43987975951900 0.00000069424285 0.00000000000000 -0.00000016438566 0.00000000000000
11.47895791583163 0.00000056620483 0.00000000000000 -0.00000013265178 0.00000000000000
11.51803607214425 0.00000046164027 0.00000000000000 -0.00000010701927 0.00000000000000
11.55711422845688 0.00000037627476 0.00000000000000 -0.00000008632052 0.00000000000000
11.59619238476950 0.00000030660628 0.00000000000000 -0.00000006961012 0.00000000000000
11.63527054108213 0.00000024976679 0.00000000000000 -0.00000005612291 0.00000000000000
11.67434869739475 0.00000020340851 0.00000000000000 -0.00000004523977 0.00000000000000
11.71342685370738 0.00000016561027 0.00000000000000 -0.00000003645993 0.00000000000000
11.75250501002000 0.00000013480067 0.00000000000000 -0.00000002937848 0.00000000000000
11.79158316633263 0.00000010969487 0.00000000000000 -0.00000002366812 0.00000000000000
11.83066132264525 0.00000008924270 0.00000000000000 -0.00000001906432 0.00000000000000
11.86973947895788 0.00000007258619 0.00000000000000 -0.00000001535341 0.00000000000000
11.90881763527050 0.00000005902454 0.00000000000000 -0.00000001236280 0.00000000000000
11.94789579158313 0.00000004798563 0.00000000000000 -0.00000000995312 0.00000000000000
11.98697394789575 0.00000003900248 0.00000000000000 -0.00000000801189 0.00000000000000
12.02605210420838 0.00000003169406 0.00000000000000 -0.00000000644830 0.00000000000000
12.06513026052100 0.00000002574961 0.00000000000000 -0.00000000518911 0.00000000000000
12.10420841683363 0.00000002091571 0.00000000000000 -0.00000000417523 0.00000000000000
12.14328657314625 0.00000001698581 0.00000000000000 -0.00000000335899 0.00000000000000
12.18236472945888 0.00000001379156 0.00000000000000 -0.00000000270197 0.00000000000000
12.22144288577150 0.00000001119582 0.00000000000000 -0.00000000217318 0.00000000000000
12.26052104208413 0.00000000908691 0.00000000000000 -0.00000000174767 0.00000000000000
12.29959919839675 0.00000000737389 0.00000000000000 -0.00000000140531 0.00000000000000
12.33867735470938 0.00000000598271 0.00000000000000 -0.00000000112988 0.00000000000000
12.37775551102200 0.00000000485314 0.00000000000000 -0.00000000090834 0.00000000000000
12.41683366733463 0.00000000393616 0.00000000000000 -0.00000000073015 0.00000000000000
12.45591182364725 0.00000000319191 0.00000000000000 -0.00000000058686 0.00000000000000
12.49498997995988 0.00000000258795 0.00000000000000 -0.00000000047165 0.00000000000000
12.53406813627250 0.00000000209793 0.00000000000000 -0.00000000037901 0.00000000000000
12.57314629258513 0.00000000170043 0.00000000000000 -0.00000000030454 0.00000000000000
12.61222444889775 0.00000000137804 0.00000000000000 -0.00000000024468 0.00000000000000
12.65130260521038 0.00000000111660 0.00000000000000 -0.00000000019657 0.00000000000000
12.69038076152300 0.00000000090463 0.00000000000000 -0.00000000015791 0.00000000000000
12.72945891783563 0.00000000073279 0.00000000000000 -0.00000000012684 0.00000000000000
12.76853707414825 0.00000000059352 0.00000000000000 -0.00000000010187 0.00000000000000
12.80761523046088 0.00000000048064 0.00000000000000 -0.00000000008182 0.00000000000000
12.84669338677350 0.00000000038919 0.00000000000000 -0.00000000006570 0.00000000000000
12.88577154308613 0.00000000031509 0.00000000000000 -0.00000000005276 0.00000000000000
12.92484969939875 0.00000000025507 0.00000000000000 -0.00000000004236 0.00000000000000
12.96392785571138 0.00000000020645 0.00000000000000 -0.00000000003401 0.00000000000000
13.00300601202400 0.00000000016708 0.00000000000000 -0.00000000002731 0.00000000000000
13.04208416833663 0.00000000013521 0.00000000000000 -0.00000000002192 0.00000000000000
13.08116232464925 0.00000000010940 0.00000000000000 -0.00000000001760 0.00000000000000
13.12024048096188 0.00000000008851 0.00000000000000 -0.00000000001412 0.00000000000000
13.15931863727450 0.00000000007160 0.00000000000000 -0.00000000001134 0.00000000000000
13.19839679358713 0.00000000005791 0.00000000000000 -0.00000000000910 0.00000000000000
13.23747494989975 0.00000000004684 0.00000000000000 -0.00000000000730 0.00000000000000
13.27655310621238 0.00000000003788 0.00000000000000 -0.00000000000586 0.00000000000000
13.31563126252500 0.00000000003063 0.00000000000000 -0.00000000000470 0.00000000000000
13.35470941883763 0.00000000002476 0.00000000000000 -0.00000000000377 0.00000000000000
13.39378757515025 0.00000000002002 0.00000000000000 -0.00000000000303 0.00000000000000
13.43286573146288 0.00000000001618 0.00000000000000 -0.00000000000243 0.00000000000000
13.47194388777550 0.00000000001308 0.00000000000000 -0.00000000000195 0.00000000000000
13.51102204408813 0.00000000001057 0.00000000000000 -0.00000000000156 0.00000000000000
13.55010020040075 0.00000000000854 0.00000000000000 -0.00000000000125 0.00000000000000
13.58917835671338 0.00000000000690 0.00000000000000 -0.00000000000101 0.00000000000000
13.62825651302600 0.00000000000558 0.00000000000000 -0.00000000000081 0.00000000000000
13.66733466933863 0.00000000000451 0.00000000000000 -0.00000000000065 0.00000000000000
13.70641282565125 0.00000000000364 0.00000000000000 -0.00000000000052 0.00000000000000
13.74549098196388 0.00000000000294 0.00000000000000 -0.00000000000042 0.00000000000000
13.78456913827650 0.00000000000238 0.00000000000000 -0.00000000000033 0.00000000000000
13.82364729458913 0.00000000000192 0.00000000000000 -0.00000000000027 0.00000000000000
13.86272545090175 0.00000000000155 0.00000000000000 -0.00000000000022 0.00000000000000
13.90180360721438 0.00000000000125 0.00000000000000 -0.00000000000017 0.00000000000000
13.94088176352700 0.00000000000101 0.00000000000000 -0.00000000000014 0.00000000000000
13.97995991983963 0.00000000000082 0.00000000000000 -0.00000000000011 0.00000000000000
14.01903807615225 0.00000000000066 0.00000000000000 -0.00000000000009 0.00000000000000
14.05811623246488 0.00000000000053 0.00000000000000 -0.00000000000007 0.00000000000000
14.09719438877750 0.00000000000043 0.00000000000000 -0.00000000000006 0.00000000000000
14.13627254509013 0.00000000000035 0.00000000000000 -0.00000000000005 0.00000000000000
14.17535070140275 0.00000000000028 0.00000000000000 -0.00000000000004 0.00000000000000
14.21442885771538 0.00000000000023 0.00000000000000 -0.00000000000003 0.00000000000000
14.25350701402800 0.00000000000018 0.00000000000000 -0.00000000000002 0.00000000000000
14.29258517034063 0.00000000000015 0.00000000000000 -0.00000000000002 0.00000000000000
14.33166332665325 0.00000000000012 0.00000000000000 -0.00000000000002 0.00000000000000
14.37074148296588 0.00000000000010 0.00000000000000 -0.00000000000001 0.00000000000000
14.40981963927850 0.00000000000008 0.00000000000000 -0.00000000000001 0.00000000000000
14.44889779559113 0.00000000000006 0.00000000000000 -0.00000000000001 0.00000000000000
14.48797595190375 0.00000000000005 0.00000000000000 -0.00000000000001 0.00000000000000
14.52705410821638 0.00000000000004 0.00000000000000 -0.00000000000001 0.00000000000000
14.56613226452900 0.00000000000003 0.00000000000000 -0.00000000000000 0.00000000000000
14.60521042084163 0.00000000000003 0.00000000000000 -0.00000000000000 0.00000000000000
14.64428857715425 0.00000000000002 0.00000000000000 -0.00000000000000 0.00000000000000
14.68336673346688 0.00000000000002 0.00000000000000 -0.00000000000000 0.00000000000000
14.72244488977950 0.00000000000001 0.00000000000000 -0.00000000000000 0.00000000000000
14.76152304609213 0.00000000000001 0.00000000000000 -0.00000000000000 0.00000000000000
14.80060120240475 0.00000000000001 0.00000000000000 -0.00000000000000 0.00000000000000
14.83967935871738 0.00000000000001 0.00000000000000 -0.00000000000000 0.00000000000000
14.87875751503000 0.00000000000001 0.00000000000000 -0.00000000000000 0.00000000000000
14.91783567134263 0.00000000000000 0.00000000000000 -0.00000000000000 0.00000000000000
14.95691382765525 0.00000000000000 0.00000000000000 -0.00000000000000 0.00000000000000
14.99599198396788 0.00000000000000 0.00000000000000 -0.00000000000000 0.00000000000000
15.03507014028050 0.00000000000000 0.00000000000000 -0.00000000000000 0.00000000000000
15.07414829659313 0.00000000000000 0.00000000000000 -0.00000000000000 0.00000000000000
15.11322645290575 0.00000000000000 0.00000000000000 -0.00000000000000 0.00000000000000
15.15230460921838 0.00000000000000 0.00000000000000 -0.00000000000000 0.00000000000000
15.19138276553100 0.00000000000000 0.00000000000000 -0.00000000000000 0.00000000000000
15.23046092184363 0.00000000000000 0.00000000000000 -0.00000000000000 0.00000000000000
15.26953907815625 0.00000000000000 0.00000000000000 -0.00000000000000 0.00000000000000
15.30861723446888 0.00000000000000 0.00000000000000 -0.00000000000000 0.00000000000000
15.34769539078150 0.00000000000000 0.00000000000000 -0.00000000000000 0.00000000000000
15.38677354709413 0.00000000000000 0.00000000000000 -0.00000000000000 0.00000000000000
15.42585170340675 0.00000000000000 0.00000000000000 -0.00000000000000 0.00000000000000
15.46492985971938 0.00000000000000 0.00000000000000 -0.00000000000000 0.00000000000000
15.50400801603200 0.00000000000000 0.00000000000000 -0.00000000000000 0.00000000000000
15.54308617234463 0.00000000000000 0.00000000000000 -0.00000000000000 0.00000000000000
15.58216432865725 0.00000000000000 0.00000000000000 -0.00000000000000 0.00000000000000
15.62124248496988 0.00000000000000 0.00000000000000 -0.00000000000000 0.00000000000000
15.66032064128250 0.00000000000000 0.00000000000000 -0.00000000000000 0.00000000000000
15.69939879759513 0.00000000000000 0.00000000000000 -0.00000000000000 0.00000000000000
15.73847695390775 0.00000000000000 0.00000000000000 -0.00000000000000 0.00000000000000
15.77755511022038 0.00000000000000 0.00000000000000 -0.00000000000000 0.00000000000000
15.81663326653300 0.00000000000000 0.00000000000000 -0.00000000000000 0.00000000000000
15.85571142284563 0.00000000000000 0.00000000000000 -0.00000000000000 0.00000000000000
15.89478957915825 0.00000000000000 0.00000000000000 -0.00000000000000 0.00000000000000
15.93386773547088 0.00000000000000 0.00000000000000 -0.00000000000000 0.00000000000000
15.97294589178350 0.00000000000000 0.00000000000000 -0.00000000000000 0.00000000000000
16.01202404809613 0.00000000000000 0.00000000000000 -0.00000000000000 0.00000000000000
16.05110220440876 0.00000000000000 0.00000000000000 -0.00000000000000 0.00000000000000
16.09018036072138 0.00000000000000 0.00000000000000 -0.00000000000000 0.00000000000000
16.12925851703401 0.00000000000000 0.00000000000000 -0.00000000000000 0.00000000000000
16.16833667334664 0.00000000000000 0.00000000000000 -0.00000000000000 0.00000000000000
16.20741482965926 0.00000000000000 0.00000000000000 -0.00000000000000 0.00000000000000
16.24649298597189 0.00000000000000 0.00000000000000 -0.00000000000000 0.00000000000000
16.28557114228452 0.00000000000000 0.00000000000000 -0.00000000000000 0.00000000000000
16.32464929859714 0.00000000000000 0.00000000000000 -0.00000000000000 0.00000000000000
16.36372745490977 0.00000000000000 0.00000000000000 -0.00000000000000 0.00000000000000
16.40280561122240 0.00000000000000 0.00000000000000 -0.00000000000000 0.00000000000000
16.44188376753502 0.00000000000000 0.00000000000000 -0.00000000000000 0.00000000000000
16.48096192384765 0.00000000000000 0.00000000000000 -0.00000000000000 0.00000000000000
16.52004008016028 0.00000000000000 0.00000000000000 -0.00000000000000 0.00000000000000
16.55911823647291 0.00000000000000 0.00000000000000 -0.00000000000000 0.00000000000000
16.59819639278553 0.00000000000000 0.00000000000000 -0.00000000000000 0.00000000000000
16.63727454909816 0.00000000000000 0.00000000000000 -0.00000000000000 0.00000000000000
16.67635270541079 0.00000000000000 0.00000000000000 -0.00000000000000 0.00000000000000
16.71543086172341 0.00000000000000 0.00000000000000 -0.00000000000000 0.00000000000000
16.75450901803604 0.00000000000000 0.00000000000000 -0.00000000000000 0.00000000000000
16.79358717434867 0.00000000000000 0.00000000000000 -0.00000000000000 0.00000000000000
16.83266533066129 0.00000000000000 0.00000000000000 -0.00000000000000 0.00000000000000
16.87174348697392 0.00000000000000 0.00000000000000 -0.00000000000000 0.00000000000000
16.91082164328655 0.00000000000000 0.00000000000000 -0.00000000000000 0.00000000000000
16.94989979959917 0.00000000000000 0.00000000000000 -0.00000000000000 0.00000000000000
16.98897795591180 0.00000000000000 0.00000000000000 -0.00000000000000 0.00000000000000
17.02805611222443 0.00000000000000 0.00000000000000 -0.00000000000000 0.00000000000000
17.06713426853705 0.00000000000000 0.00000000000000 -0.00000000000000 0.00000000000000
17.10621242484968 0.00000000000000 0.00000000000000 -0.00000000000000 0.00000000000000
17.14529058116231 0.00000000000000 0.00000000000000 -0.00000000000000 0.00000000000000
17.18436873747493 0.00000000000000 0.00000000000000 -0.00000000000000 0.00000000000000
17.22344689378756 0.00000000000000 0.00000000000000 -0.00000000000000 0.00000000000000
17.26252505010019 0.00000000000000 0.00000000000000 -0.00000000000000 0.00000000000000
17.30160320641281 0.00000000000000 0.00000000000000 -0.00000000000000 0.00000000000000
17.34068136272544 0.00000000000000 0.00000000000000 -0.00000000000000 0.00000000000000
17.37975951903807 0.00000000000000 0.00000000000000 -0.00000000000000 0.00000000000000
17.41883767535069 0.00000000000000 0.00000000000000 -0.00000000000000 0.00000000000000
17.45791583166332 0.00000000000000 0.00000000000000 -0.00000000000000 0.00000000000000
17.49699398797595 0.00000000000000 0.00000000000000 -0.00000000000000 0.00000000000000
17.53607214428857 0.00000000000000 0.00000000000000 -0.00000000000000 0.00000000000000
17.57515030060120 0.00000000000000 0.00000000000000 -0.00000000000000 0.00000000000000
17.61422845691383 0.00000000000000 0.00000000000000 -0.00000000000000 0.00000000000000
17.65330661322646 0.00000000000000 0.00000000000000 -0.00000000000000 0.00000000000000
17.69238476953908 0.00000000000000 0.00000000000000 -0.00000000000000 0.00000000000000
17.73146292585171 0.00000000000000 0.00000000000000 -0.00000000000000 0.00000000000000
17.77054108216434 0.00000000000000 0.00000000000000 -0.00000000000000 0.00000000000000
17.80961923847696 0.00000000000000 0.00000000000000 -0.00000000000000 0.00000000000000
17.84869739478959 0.00000000000000 0.00000000000000 -0.00000000000000 0.00000000000000
17.88777555110222 0.00000000000000 0.00000000000000 -0.00000000000000 0.00000000000000
17.92685370741484 0.00000000000000 0.00000000000000 -0.00000000000000 0.00000000000000
17.96593186372747 0.00000000000000 0.00000000000000 -0.00000000000000 0.00000000000000
18.00501002004010 0.00000000000000 0.00000000000000 -0.00000000000000 0.00000000000000
18.04408817635272 0.00000000000000 0.00000000000000 -0.00000000000000 0.00000000000000
18.08316633266535 0.00000000000000 0.00000000000000 -0.00000000000000 0.00000000000000
18.12224448897798 0.00000000000000 0.00000000000000 -0.00000000000000 0.00000000000000
18.16132264529060 0.00000000000000 0.00000000000000 -0.00000000000000 0.00000000000000
18.20040080160323 0.00000000000000 0.00000000000000 -0.00000000000000 0.00000000000000
18.23947895791586 0.00000000000000 0.00000000000000 -0.00000000000000 0.00000000000000
18.27855711422848 0.00000000000000 0.00000000000000 -0.00000000000000 0.00000000000000
18.31763527054111 0.00000000000000 0.00000000000000 -0.00000000000000 0.00000000000000
18.35671342685374 0.00000000000000 0.00000000000000 -0.00000000000000 0.00000000000000
18.39579158316636 0.00000000000000 0.00000000000000 -0.00000000000000 0.00000000000000
18.43486973947899 0.00000000000000 0.00000000000000 -0.00000000000000 0.00000000000000
18.47394789579162 0.00000000000000 0.00000000000000 -0.00000000000000 0.00000000000000
18.51302605210424 0.00000000000000 0.00000000000000 -0.00000000000000 0.00000000000000
18.55210420841687 0.00000000000000 0.00000000000000 -0.00000000000000 0.00000000000000
18.59118236472950 0.00000000000000 0.00000000000000 -0.00000000000000 0.00000000000000
18.63026052104212 0.00000000000000 0.00000000000000 -0.00000000000000 0.00000000000000
18.66933867735475 0.00000000000000 0.00000000000000 -0.00000000000000 0.00000000000000
18.70841683366738 0.00000000000000 0.00000000000000 -0.00000000000000 0.00000000000000
18.74749498998001 0.00000000000000 0.00000000000000 -0.00000000000000 0.00000000000000
18.78657314629263 0.00000000000000 0.00000000000000 -0.00000000000000 0.00000000000000
18.82565130260526 0.00000000000000 0.00000000000000 -0.00000000000000 0.00000000000000
18.86472945891789 0.00000000000000 0.00000000000000 -0.00000000000000 0.00000000000000
18.90380761523051 0.00000000000000 0.00000000000000 -0.00000000000000 0.00000000000000
18.94288577154314 0.00000000000000 0.00000000000000 -0.00000000000000 0.00000000000000
18.98196392785577 0.00000000000000 0.00000000000000 -0.00000000000000 0.00000000000000
19.02104208416839 0.00000000000000 0.00000000000000 -0.00000000000000 0.00000000000000
19.06012024048102 0.00000000000000 0.00000000000000 -0.00000000000000 0.00000000000000
19.09919839679365 0.00000000000000 0.00000000000000 -0.00000000000000 0.00000000000000
19.13827655310627 0.00000000000000 0.00000000000000 -0.00000000000000 0.00000000000000
19.17735470941890 0.00000000000000 0.00000000000000 -0.00000000000000 0.00000000000000
19.21643286573153 0.00000000000000 0.00000000000000 -0.00000000000000 0.00000000000000
19.25551102204415 0.00000000000000 0.00000000000000 -0.00000000000000 0.00000000000000
19.29458917835678 0.00000000000000 0.00000000000000 -0.00000000000000 0.00000000000000
19.33366733466941 0.00000000000000 0.00000000000000 -0.00000000000000 0.00000000000000
19.37274549098203 0.00000000000000 0.00000000000000 -0.00000000000000 0.00000000000000
19.41182364729466 0.00000000000000 0.00000000000000 -0.00000000000000 0.00000000000000
19.45090180360729 0.00000000000000 0.00000000000000 -0.00000000000000 0.00000000000000
19.48997995991991 0.00000000000000 0.00000000000000 -0.00000000000000 0.00000000000000
19.52905811623254 0.00000000000000 0.00000000000000 -0.00000000000000 0.00000000000000
19.56813627254517 0.00000000000000 0.00000000000000 -0.00000000000000 0.00000000000000
19.60721442885779 0.00000000000000 0.00000000000000 -0.00000000000000 0.00000000000000
19.64629258517042 0.00000000000000 0.00000000000000 -0.00000000000000 0.00000000000000
19.68537074148305 0.00000000000000 0.00000000000000 -0.00000000000000 0.00000000000000
19.72444889779567 0.00000000000000 0.00000000000000 -0.00000000000000 0.00000000000000
19.76352705410830 0.00000000000000 0.00000000000000 -0.00000000000000 0.00000000000000
19.80260521042093 0.00000000000000 0.00000000000000 -0.00000000000000 0.00000000000000
19.84168336673356 0.00000000000000 0.00000000000000 -0.00000000000000 0.00000000000000
19.88076152304618 0.00000000000000 0.00000000000000 -0.00000000000000 0.00000000000000
19.91983967935881 0.00000000000000 0.00000000000000 -0.00000000000000 0.00000000000000
19.95891783567144 0.00000000000000 0.00000000000000 -0.00000000000000 0.00000000000000
19.99799599198406 0.00000000000000 0.00000000000000 -0.00000000000000 0.00000000000000
20.03707414829669 0.00000000000000 0.00000000000000 -0.00000000000000 0.00000000000000
20.07615230460932 0.00000000000000 0.00000000000000 -0.00000000000000 0.00000000000000
20.11523046092194 0.00000000000000 0.00000000000000 -0.00000000000000 0.00000000000000
20.15430861723457 0.00000000000000 0.00000000000000 -0.00000000000000 0.00000000000000
20.19338677354720 0.00000000000000 0.00000000000000 -0.00000000000000 0.00000000000000
20.23246492985982 0.00000000000000 0.00000000000000 -0.00000000000000 0.00000000000000
20.27154308617245 0.00000000000000 0.00000000000000 -0.00000000000000 0.00000000000000
20.31062124248508 0.00000000000000 0.00000000000000 -0.00000000000000 0.00000000000000
20.34969939879770 0.00000000000000 0.00000000000000 -0.00000000000000 0.00000000000000
20.38877755511033 0.00000000000000 0.00000000000000 -0.00000000000000 0.00000000000000
20.42785571142296 0.00000000000000 0.00000000000000 -0.00000000000000 0.00000000000000
20.46693386773558 0.00000000000000 0.00000000000000 -0.00000000000000 0.00000000000000
20.50601202404821 0.00000000000000 0.00000000000000 -0.00000000000000 0.00000000000000
20.54509018036084 0.00000000000000 0.00000000000000 -0.00000000000000 0.00000000000000
20.58416833667346 0.00000000000000 0.00000000000000 -0.00000000000000 0.00000000000000
20.62324649298609 0.00000000000000 0.00000000000000 -0.00000000000000 0.00000000000000
20.66232464929872 0.00000000000000 0.00000000000000 -0.00000000000000 0.00000000000000
20.70140280561134 0.00000000000000 0.00000000000000 -0.00000000000000 0.00000000000000
20.74048096192397 0.00000000000000 0.00000000000000 -0.00000000000000 0.00000000000000
20.77955911823660 0.00000000000000 0.00000000000000 -0.00000000000000 0.00000000000000
20.81863727454922 0.00000000000000 0.00000000000000 -0.00000000000000 0.00000000000000
20.85771543086185 0.00000000000000 0.00000000000000 -0.00000000000000 0.00000000000000
20.89679358717448 0.00000000000000 0.00000000000000 -0.00000000000000 0.00000000000000
20.93587174348711 0.00000000000000 0.00000000000000 -0.00000000000000 0.00000000000000
20.97494989979973 0.00000000000000 0.00000000000000 -0.00000000000000 0.00000000000000
21.01402805611236 0.00000000000000 0.00000000000000 -0.00000000000000 0.00000000000000
21.05310621242499 0.00000000000000 0.00000000000000 -0.00000000000000 0.00000000000000
21.09218436873761 0.00000000000000 0.00000000000000 -0.00000000000000 0.00000000000000
21.13126252505024 0.00000000000000 0.00000000000000 -0.00000000000000 0.00000000000000
21.17034068136287 0.00000000000000 0.00000000000000 -0.00000000000000 0.00000000000000
21.20941883767549 0.00000000000000 0.00000000000000 -0.00000000000000 0.00000000000000
21.24849699398812 0.00000000000000 0.00000000000000 -0.00000000000000 0.00000000000000
21.28757515030075 0.00000000000000 0.00000000000000 -0.00000000000000 0.00000000000000
21.32665330661337 0.00000000000000 0.00000000000000 -0.00000000000000 0.00000000000000
21.36573146292600 0.00000000000000 0.00000000000000 -0.00000000000000 0.00000000000000
21.40480961923863 0.00000000000000 0.00000000000000 -0.00000000000000 0.00000000000000
21.44388777555125 0.00000000000000 0.00000000000000 -0.00000000000000 0.00000000000000
21.48296593186388 0.00000000000000 0.00000000000000 -0.00000000000000 0.00000000000000
21.52204408817651 0.00000000000000 0.00000000000000 -0.00000000000000 0.00000000000000
21.56112224448913 0.00000000000000 0.00000000000000 -0.00000000000000 0.00000000000000
21.60020040080176 0.00000000000000 0.00000000000000 -0.00000000000000 0.00000000000000
21.63927855711439 0.00000000000000 0.00000000000000 -0.00000000000000 0.00000000000000
21.67835671342701 0.00000000000000 0.00000000000000 -0.00000000000000 0.00000000000000
21.71743486973964 0.00000000000000 0.00000000000000 -0.00000000000000 0.00000000000000
21.75651302605227 0.00000000000000 0.00000000000000 -0.00000000000000 0.00000000000000
21.79559118236489 0.00000000000000 0.00000000000000 -0.00000000000000 0.00000000000000
21.83466933867752 0.00000000000000 0.00000000000000 -0.00000000000000 0.00000000000000
21.87374749499015 0.00000000000000 0.00000000000000 -0.00000000000000 0.00000000000000
21.91282565130278 0.00000000000000 0.00000000000000 -0.00000000000000 0.00000000000000
21.95190380761540 0.00000000000000 0.00000000000000 -0.00000000000000 0.00000000000000
21.99098196392803 0.00000000000000 0.00000000000000 -0.00000000000000 0.00000000000000
22.03006012024066 0.00000000000000 0.00000000000000 -0.00000000000000 0.00000000000000
22.06913827655328 0.00000000000000 0.00000000000000 -0.00000000000000 0.00000000000000
22.10821643286591 0.00000000000000 0.00000000000000 -0.00000000000000 0.00000000000000
22.14729458917854 0.00000000000000 0.00000000000000 -0.00000000000000 0.00000000000000
22.18637274549116 0.00000000000000 0.00000000000000 -0.00000000000000 0.00000000000000
22.22545090180379 0.00000000000000 0.00000000000000 -0.00000000000000 0.00000000000000
22.26452905811642 0.00000000000000 0.00000000000000 -0.00000000000000 0.00000000000000
22.30360721442904 0.00000000000000 0.00000000000000 -0.00000000000000 0.00000000000000
22.34268537074167 0.00000000000000 0.00000000000000 -0.00000000000000 0.00000000000000
22.38176352705430 0.00000000000000 0.00000000000000 -0.00000000000000 0.00000000000000
22.42084168336692 0.00000000000000 0.00000000000000 -0.00000000000000 0.00000000000000
22.45991983967955 0.00000000000000 0.00000000000000 -0.00000000000000 0.00000000000000
22.49899799599218 0.00000000000000 0.00000000000000 -0.00000000000000 0.00000000000000
22.53807615230480 0.00000000000000 0.00000000000000 -0.00000000000000 0.00000000000000
22.57715430861743 0.00000000000000 0.00000000000000 -0.00000000000000 0.00000000000000
22.61623246493006 0.00000000000000 0.00000000000000 -0.00000000000000 0.00000000000000
22.65531062124268 0.00000000000000 0.00000000000000 -0.00000000000000 0.00000000000000
22.69438877755531 0.00000000000000 0.00000000000000 -0.00000000000000 0.00000000000000
22.73346693386794 0.00000000000000 0.00000000000000 -0.00000000000000 0.00000000000000
22.77254509018056 0.00000000000000 0.00000000000000 -0.00000000000000 0.00000000000000
22.81162324649319 0.00000000000000 0.00000000000000 -0.00000000000000 0.00000000000000
22.85070140280582 0.00000000000000 0.00000000000000 -0.00000000000000 0.00000000000000
22.88977955911844 0.00000000000000 0.00000000000000 -0.00000000000000 0.00000000000000
22.92885771543107 0.00000000000000 0.00000000000000 -0.00000000000000 0.00000000000000
22.96793587174370 0.00000000000000 0.00000000000000 -0.00000000000000 0.00000000000000
23.00701402805633 0.00000000000000 0.00000000000000 -0.00000000000000 0.00000000000000
23.04609218436895 0.00000000000000 0.00000000000000 -0.00000000000000 0.00000000000000
23.08517034068158 0.00000000000000 0.00000000000000 -0.00000000000000 0.00000000000000
23.12424849699421 0.00000000000000 0.00000000000000 -0.00000000000000 0.00000000000000
23.16332665330683 0.00000000000000 0.00000000000000 -0.00000000000000 0.00000000000000
23.20240480961946 0.00000000000000 0.00000000000000 -0.00000000000000 0.00000000000000
23.24148296593209 0.00000000000000 0.00000000000000 -0.00000000000000 0.00000000000000
23.28056112224471 0.00000000000000 0.00000000000000 -0.00000000000000 0.00000000000000
23.31963927855734 0.00000000000000 0.00000000000000 -0.00000000000000 0.00000000000000
23.35871743486997 0.00000000000000 0.00000000000000 -0.00000000000000 0.00000000000000
23.39779559118259 0.00000000000000 0.00000000000000 -0.00000000000000 0.00000000000000
23.43687374749522 0.00000000000000 0.00000000000000 -0.00000000000000 0.00000000000000
23.47595190380785 0.00000000000000 0.00000000000000 -0.00000000000000 0.00000000000000
23.51503006012047 0.00000000000000 0.00000000000000 -0.00000000000000 0.00000000000000
23.55410821643310 0.00000000000000 0.00000000000000 -0.00000000000000 0.00000000000000
23.59318637274573 0.00000000000000 0.00000000000000 -0.00000000000000 0.00000000000000
23.63226452905835 0.00000000000000 0.00000000000000 -0.00000000000000 0.00000000000000
23.67134268537098 0.00000000000000 0.00000000000000 -0.00000000000000 0.00000000000000
23.71042084168361 0.00000000000000 0.00000000000000 -0.00000000000000 0.00000000000000
23.74949899799623 0.00000000000000 0.00000000000000 -0.00000000000000 0.00000000000000
23.78857715430886 0.00000000000000 0.00000000000000 -0.00000000000000 0.00000000000000
23.82765531062149 0.00000000000000 0.00000000000000 -0.00000000000000 0.00000000000000
23.86673346693411 0.00000000000000 0.00000000000000 -0.00000000000000 0.00000000000000
23.90581162324674 0.00000000000000 0.00000000000000 -0.00000000000000 0.00000000000000
23.94488977955937 0.00000000000000 0.00000000000000 -0.00000000000000 0.00000000000000
23.98396793587199 0.00000000000000 0.00000000000000 -0.00000000000000 0.00000000000000
24.02304609218462 0.00000000000000 0.00000000000000 -0.00000000000000 0.00000000000000
24.06212424849725 0.00000000000000 0.00000000000000 -0.00000000000000 0.00000000000000
24.10120240480988 0.00000000000000 0.00000000000000 -0.00000000000000 0.00000000000000
24.14028056112250 0.00000000000000 0.00000000000000 -0.00000000000000 0.00000000000000
24.17935871743513 0.00000000000000 0.00000000000000 -0.00000000000000 0.00000000000000
24.21843687374776 0.00000000000000 0.00000000000000 -0.00000000000000 0.00000000000000
24.25751503006038 0.00000000000000 0.00000000000000 -0.00000000000000 0.00000000000000
24.29659318637301 0.00000000000000 0.00000000000000 -0.00000000000000 0.00000000000000
24.33567134268564 0.00000000000000 0.00000000000000 -0.00000000000000 0.00000000000000
24.37474949899826 0.00000000000000 0.00000000000000 -0.00000000000000 0.00000000000000
24.41382765531089 0.00000000000000 0.00000000000000 -0.00000000000000 0.00000000000000
24.45290581162352 0.00000000000000 0.00000000000000 -0.00000000000000 0.00000000000000
24.49198396793614 0.00000000000000 0.00000000000000 -0.00000000000000 0.00000000000000
24.53106212424877 0.00000000000000 0.00000000000000 -0.00000000000000 0.00000000000000
24.57014028056140 0.00000000000000 0.00000000000000 -0.00000000000000 0.00000000000000
24.60921843687402 0.00000000000000 0.00000000000000 -0.00000000000000 0.00000000000000
24.64829659318665 0.00000000000000 0.00000000000000 -0.00000000000000 0.00000000000000
24.68737474949928 0.00000000000000 0.00000000000000 -0.00000000000000 0.00000000000000
24.72645290581190 0.00000000000000 0.00000000000000 -0.00000000000000 0.00000000000000
24.76553106212453 0.00000000000000 0.00000000000000 -0.00000000000000 0.00000000000000
24.80460921843716 0.00000000000000 0.00000000000000 -0.00000000000000 0.00000000000000
24.84368737474978 0.00000000000000 0.00000000000000 -0.00000000000000 0.00000000000000
24.88276553106241 0.00000000000000 0.00000000000000 -0.00000000000000 0.00000000000000
24.92184368737504 0.00000000000000 0.00000000000000 -0.00000000000000 0.00000000000000
24.96092184368766 0.00000000000000 0.00000000000000 -0.00000000000000 0.00000000000000
25.00000000000029 0.00000000000000 0.00000000000000 0.00000000000000 0.00000000000000
