5.50000000000000 0.00000000000000 0.00000000000000 0.00000000000000 0.00000000000000
5.53907815631263 0.00000000000000 0.00000000001478 0.00000000000000 -0.00000000001492
5.57815631262525 0.00000000000000 0.00000000005648 0.00000000000000 -0.00000000005704
5.61723446893788 0.00000000000000 0.00000000019267 0.00000000000000 -0.00000000019464
5.65631262525050 0.00000000000000 0.00000000062425 0.00000000000000 -0.00000000063085
5.69539078156313 0.00000000000000 0.00000000193261 0.00000000000000 -0.00000000195360
5.73446893787575 0.00000000000000 0.00000000572709 0.00000000000000 -0.00000000579085
5.77354709418838 0.00000000000000 0.00000001626773 0.00000000000000 -0.00000001645289
5.81262525050100 0.00000000000000 0.00000004434924 0.00000000000000 -0.00000004486410
5.85170340681363 0.00000000000000 0.00000011618631 0.00000000000000 -0.00000011755898
5.89078156312625 0.00000000000000 0.00000029285958 0.00000000000000 -0.00000029637310
5.92985971943888 0.00000000000000 0.00000071106521 0.00000000000000 -0.00000071971015
5.96893787575150 0.00000000000000 0.00000166494302 0.00000000000000 -0.00000168541409
6.00801603206413 0.00000000000000 0.00000376364732 0.00000000000000 -0.00000381035361
6.04709418837675 0.00000000000000 0.00000822249478 0.00000000000000 -0.00000832528282
6.08617234468938 0.00000000000000 0.00001737942446 0.00000000000000 -0.00001759784754
6.12525050100200 0.00000000000000 0.00003557485424 0.00000000000000 -0.00003602347607
6.16432865731463 0.00000000000000 0.00007059159763 0.00000000000000 -0.00007148306687
6.20340681362725 0.00000000000000 0.00013591861261 0.00000000000000 -0.00013763405392
6.24248496993988 0.00000000000000 0.00025416915542 0.00000000000000 -0.00025736856284
6.28156312625250 0.00000000000000 0.00046203519685 0.00000000000000 -0.00046782347038
6.32064128256513 0.00000000000000 0.00081717396693 0.00000000000000 -0.00082734011811
6.35971943887775 0.00000000000000 0.00140736818230 0.00000000000000 -0.00142471472397
6.39879759519038 0.00000000000000 0.00236210551913 0.00000000000000 -0.00239087996072
6.43787575150300 0.00000000000000 0.00386636284648 0.00000000000000 -0.00391279132670
6.47695390781563 0.00000000000000 0.00617607317286 0.00000000000000 -0.00624897847683
6.51603206412825 0.00000000000000 0.00963407676076 0.00000000000000 -0.00974553564277
6.55511022044088 0.00000000000000 0.01468470006873 0.00000000000000 -0.01485066008689
6.59418837675350 0.00000000000000 0.02188443427193 0.00000000000000 -0.02212517102693
6.63326653306613 0.00000000000000 0.03190562282995 0.00000000000000 -0.03224587988906
6.67234468937875 0.00000000000000 0.04552976098323 0.00000000000000 -0.04599838455818
6.71142284569138 0.00000000000000 0.06362710281749 0.00000000000000 -0.06425597073845
6.75050100200400 0.00000000000000 0.08711988075563 0.00000000000000 -0.08794193981778
6.78957915831663 0.00000000000000 0.11692762888395 0.00000000000000 -0.11797390344648
6.82865731462925 0.00000000000000 0.15389484436235 0.00000000000000 -0.15519036427578
6.86773547094188 0.00000000000000 0.19870340253189 0.00000000000000 -0.20026211370937
6.90681362725450 0.00000000000000 0.25177454777628 0.00000000000000 -0.25359339687719
6.94589178356713 0.00000000000000 0.31316761981778 0.00000000000000 -0.31522017948253
6.98496993987975 0.00000000000000 0.38248457663036 0.00000000000000 -0.38471516972893
7.02404809619238 0.00000000000000 0.45879052582652 0.00000000000000 -0.46110964011952
7.06312625250500 0.00000000000000 0.54056075575026 0.00000000000000 -0.54284234321796
7.10220440881763 0.00000000000000 0.62566338956429 0.00000000000000 -0.62774489664809
7.14128256513025 0.00000000000000 0.71138495663432 0.00000000000000 -0.71307068920806
7.18036072144288 0.00000000000000 0.79450297171596 0.00000000000000 -0.79557099182132
7.21943887775550 0.00000000000000 0.87140567548905 0.00000000000000 -0.87161785179338
7.25851703406813 0.00000000000000 0.93825484675964 0.00000000000000 -0.93736892303083
7.29759519038075 0.00000000000000 0.99118347445815 0.00000000000000 -0.98896510718870
7.33667334669338 0.00000000000000 1.02651652630025 0.00000000000000 -1.02274822858527
7.37575150300600 0.00000000000000 1.04100046109900 0.00000000000000 -1.03548335750962
7.41482965931863 0.00000000000000 1.03202578185222 0.00000000000000 -1.02456913860917
7.45390781563125 0.00000000000000 0.99782695098526 0.00000000000000 -0.98821973184179
7.49298597194388 0.00000000000000 0.93764535957483 0.00000000000000 -0.92560372779577
7.53206412825650 0.00000000000000 0.85184363815478 0.00000000000000 -0.83692849331305
7.57114228456913 0.00000000000000 0.74196296903322 0.00000000000000 -0.72346253591082
7.61022044088175 0.00000000000000 0.61071917421290 0.00000000000000 -0.58749325752076
7.64929859719438 0.00000000000000 0.46193741535531 0.00000000000000 -0.43222244264839
7.68837675350700 0.00000000000000 0.30042931018361 0.00000000000000 -0.26160655084580
7.72745490981963 0.00000000000000 0.13181967114715 0.00000000000000 -0.08015294793963
7.76653306613225 0.00000000000000 -0.03766726873258 0.00000000000000 0.10731371358080
7.80561122244488 0.00000000000000 -0.20145049117268 0.00000000000000 0.29589889068662
7.84468937875750 0.00000000000000 -0.35285114966383 0.00000000000000 0.48088270087142
7.88376753507013 0.00000000000000 -0.48535526235119 0.00000000000000 0.65794576035435
7.92284569138275 0.00000000000000 -0.59286822918711 0.00000000000000 0.82336237024497
7.96192384769538 0.00000000000000 -0.66995049850479 0.00000000000000 0.97414999725552
8.00100200400800 0.00000000000000 -0.71202533603153 0.00000000000000 1.10816755485070
8.04008016032063 0.00000000000000 -0.71555150520981 0.00000000000000 1.22415890338965
8.07915831663325 0.00000000000000 -0.67815561151138 0.00000000000000 1.32174192724194
8.11823647294588 0.00000000000000 -0.59872078651539 0.00000000000000 1.40134720826191
8.15731462925850 0.00000000000000 -0.47743021411500 0.00000000000000 1.46411343936879
8.19639278557113 0.00000000000000 -0.31576568488139 0.00000000000000 1.51174911399966
8.23547094188375 0.00000000000000 -0.11646288128466 0.00000000000000 1.54637156608847
8.27454909819638 0.00000000000000 0.11657356385243 0.00000000000000 1.57033507804045
8.31362725450900 0.00000000000000 0.37839103435427 0.00000000000000 1.58605955207882
8.35270541082163 0.00000000000000 0.66314074714858 0.00000000000000 1.59587024876867
8.39178356713425 0.00000000000000 0.96425445849944 0.00000000000000 1.60185748077221
8.43086172344688 0.00000000000000 1.27463951845277 0.00000000000000 1.60576308797038
8.46993987975950 0.00000000000000 1.58688536519813 0.00000000000000 1.60889820466169
8.50901803607213 0.00000000000000 1.89347441234453 0.00000000000000 1.61209445075579
8.54809619238475 0.00000000000000 2.18699038008259 0.00000000000000 1.61568840945725
8.58717434869738 0.00000000000000 2.46031745673258 0.00000000000000 1.61953723774725
8.62625250501000 0.00000000000000 2.70682424066053 0.00000000000000 1.62306160046919
8.66533066132263 0.00000000000000 2.92052718254873 0.00000000000000 1.62531089159303
8.70440881763525 0.00000000000000 3.09622919142096 0.00000000000000 1.62504493532012
8.74348697394788 0.00000000000000 3.22963014144629 0.00000000000000 1.62082603711757
8.78256513026050 0.00000000000000 3.31740716985778 0.00000000000000 1.61111534242592
8.82164328657313 0.00000000000000 3.35726383500684 0.00000000000000 1.59436789779191
8.86072144288575 0.00000000000000 3.34794835335281 0.00000000000000 1.56912151988313
8.89979959919838 0.00000000000000 3.28924220451854 0.00000000000000 1.53407547961850
8.93887775551100 0.00000000000000 3.18192134081345 0.00000000000000 1.48815601892407
8.97795591182363 0.00000000000000 3.02769302756801 0.00000000000000 1.43056675967681
9.01703406813625 0.00000000000000 2.82911194981752 0.00000000000000 1.36082307169023
9.05611222444888 0.00000000000000 2.58947963728854 0.00000000000000 1.27877038556741
9.09519038076150 0.00000000000000 2.31273148230227 0.00000000000000 1.18458722765370
9.13426853707413 0.00000000000000 2.00331566311002 0.00000000000000 1.07877439329039
9.17334669338675 0.00000000000000 1.66606815564208 0.00000000000000 0.96213214963202
9.21242484969938 0.00000000000000 1.30608774335456 0.00000000000000 0.83572767065566
9.25150300601200 0.00000000000000 0.92861454567783 0.00000000000000 0.70085506437885
9.29058116232463 0.00000000000000 0.53891511049607 0.00000000000000 0.55899037254217
9.32965931863725 0.00000000000000 0.14217658529407 0.00000000000000 0.41174382766289
9.36873747494988 0.00000000000000 -0.25658807618233 0.00000000000000 0.26081146550685
9.40781563126250 0.00000000000000 -0.65262247371772 0.00000000000000 0.10792793734329
9.44689378757513 0.00000000000000 -1.04149582636042 0.00000000000000 -0.04517793042723
9.48597194388775 0.00000000000000 -1.41915838174191 0.00000000000000 -0.19682359994075
9.52505010020038 0.00000000000000 -1.78198325177019 0.00000000000000 -0.34540840055810
9.56412825651300 0.00000000000000 -2.12679514036274 0.00000000000000 -0.48944362283019
9.60320641282563 0.00000000000000 -2.45088674433457 0.00000000000000 -0.62757681220845
9.64228456913825 0.00000000000000 -2.75202385505661 0.00000000000000 -0.75861019849586
9.68136272545088 0.00000000000000 -3.02844036760377 0.00000000000000 -0.88151341068715
9.72044088176350 0.00000000000000 -3.27882451984324 0.00000000000000 -0.99543080022293
9.75951903807613 0.00000000000000 -3.50229774213432 0.00000000000000 -1.09968382870814
9.79859719438875 0.00000000000000 -3.69838750613920 0.00000000000000 -1.19376907060011
9.83767535070138 0.00000000000000 -3.86699552650873 0.00000000000000 -1.27735244040788
9.87675350701400 0.00000000000000 -4.00836259998556 0.00000000000000 -1.35026028165124
9.91583166332663 0.00000000000000 -4.12303127070096 0.00000000000000 -1.41246795583799
9.95490981963925 0.00000000000000 -4.21180739563337 0.00000000000000 -1.46408654887594
9.99398797595188 0.00000000000000 -4.27572155719067 0.00000000000000 -1.50534827443480
10.03306613226450 0.00000000000000 -4.31599113671641 0.00000000000000 -1.53659110334540
10.07214428857713 0.00000000000000 -4.33398372855661 0.00000000000000 -1.55824308930129
10.11122244488975 0.00000000000000 -4.33118244340498 0.00000000000000 -1.57080679754397
10.15030060120238 0.00000000000000 -4.30915352532222 0.00000000000000 -1.57484417795830
10.18937875751500 0.00000000000000 -4.26951659160975 0.00000000000000 -1.57096215960957
10.22845691382763 0.00000000000000 -4.21391770035565 0.00000000000000 -1.55979918220955
10.26753507014025 0.00000000000000 -4.14400535802817 0.00000000000000 -1.54201282278785
10.30661322645288 0.00000000000000 -4.06140949945924 0.00000000000000 -1.51826862399731
10.34569138276550 0.00000000000000 -3.96772340494772 0.00000000000000 -1.48923018462669
10.38476953907813 0.00000000000000 -3.86448846364693 0.00000000000000 -1.45555053332703
10.42384769539075 0.00000000000000 -3.75318164821706 0.00000000000000 -1.41786477329906
10.46292585170338 0.00000000000000 -3.63520553204555 0.00000000000000 -1.37678395854321
10.50200400801600 0.00000000000000 -3.51188065615028 0.00000000000000 -1.33289014088394
10.54108216432863 0.00000000000000 -3.38444003708885 0.00000000000000 -1.28673251087493
10.58016032064125 0.00000000000000 -3.25402559868126 0.00000000000000 -1.23882454432800
10.61923847695388 0.00000000000000 -3.12168630800465 0.00000000000000 -1.18964205900469
10.65831663326650 0.00000000000000 -2.98837779887619 0.00000000000000 -1.13962208237327
10.69739478957913 0.00000000000000 -2.85496327290627 0.00000000000000 -1.08916243068828
10.73647294589175 0.00000000000000 -2.72221547827019 0.00000000000000 -1.03862190144147
10.77555110220438 0.00000000000000 -2.59081957879162 0.00000000000000 -0.98832098495506
10.81462925851700 0.00000000000000 -2.46137674003605 0.00000000000000 -0.93854300607679
10.85370741482963 0.00000000000000 -2.33440827425398 0.00000000000000 -0.88953561318269
10.89278557114225 0.00000000000000 -2.21036020166400 0.00000000000000 -0.84151253864203
10.93186372745488 0.00000000000000 -2.08960810128863 0.00000000000000 -0.79465556224595
10.97094188376750 0.00000000000000 -1.97246213999650 0.00000000000000 -0.74911661659533
11.01002004008013 0.00000000000000 -1.85917218328543 0.00000000000000 -0.70501998087928
11.04909819639275 0.00000000000000 -1.74993290545174 0.00000000000000 -0.66246451669115
11.08817635270538 0.00000000000000 -1.64488882998057 0.00000000000000 -0.62152590640069
11.12725450901800 0.00000000000000 -1.54413924315838 0.00000000000000 -0.58225886103957
11.16633266533063 0.00000000000000 -1.44774293499600 0.00000000000000 -0.54469927060141
11.20541082164325 0.00000000000000 -1.35572273153426 0.00000000000000 -0.50886627507069
11.24448897795588 0.00000000000000 -1.26806979149282 0.00000000000000 -0.47476423936149
11.28356713426850 0.00000000000000 -1.18474764804267 0.00000000000000 -0.44238461966648
11.32264529058113 0.00000000000000 -1.10569598328331 0.00000000000000 -0.41170771250253
11.36172344689375 0.00000000000000 -1.03083412884239 0.00000000000000 -0.38270428101368
11.40080160320638 0.00000000000000 -0.96006429095913 0.00000000000000 -0.35533705588619
11.43987975951900 0.00000000000000 -0.89327450253385 0.00000000000000 -0.32956211057691
11.47895791583163 0.00000000000000 -0.83034130800129 0.00000000000000 -0.30533011249470
11.51803607214425 0.00000000000000 -0.77113218959023 0.00000000000000 -0.28258745334301
11.55711422845688 0.00000000000000 -0.71550774564127 0.00000000000000 -0.26127726306990
11.59619238476950 0.00000000000000 -0.66332363323950 0.00000000000000 -0.24134031281814
11.63527054108213 0.00000000000000 -0.61443228854855 0.00000000000000 -0.22271581295918
11.67434869739475 0.00000000000000 -0.56868443896883 0.00000000000000 -0.20534211276661
11.71342685370738 0.00000000000000 -0.52593042164690 0.00000000000000 -0.18915730856851
11.75250501002000 0.00000000000000 -0.48602132298626 0.00000000000000 -0.17409976734461
11.79158316633263 0.00000000000000 -0.44880995370251 0.00000000000000 -0.16010857273038
11.83066132264525 0.00000000000000 -0.41415167367067 0.00000000000000 -0.14712390027979
11.86973947895788 0.00000000000000 -0.38190508036809 0.00000000000000 -0.13508732864403
11.90881763527050 0.00000000000000 -0.35193257415652 0.00000000000000 -0.12394209306325
11.94789579158313 0.00000000000000 -0.32410081300142 0.00000000000000 -0.11363328725913
11.98697394789575 0.00000000000000 -0.29828106851987 0.00000000000000 -0.10410801947184
12.02605210420838 0.00000000000000 -0.27434949450355 0.00000000000000 -0.09531552801829
12.06513026052100 0.00000000000000 -0.25218731829611 0.00000000000000 -0.08720726136880
12.10420841683363 0.00000000000000 -0.23168096463259 0.00000000000000 -0.07973692735539
12.14328657314625 0.00000000000000 -0.21272212078220 0.00000000000000 -0.07286051574382
12.18236472945888 0.00000000000000 -0.19520775108638 0.00000000000000 -0.06653629802784
12.22144288577150 0.00000000000000 -0.17904006825851 0.00000000000000 -0.06072480794348
12.26052104208413 0.00000000000000 -0.16412646811617 0.00000000000000 -0.05538880585534
12.29959919839675 0.00000000000000 -0.15037943375610 0.00000000000000 -0.05049322983961
12.33867735470938 0.00000000000000 -0.13771641455803 0.00000000000000 -0.04600513598019
12.37775551102200 0.00000000000000 -0.12605968481984 0.00000000000000 -0.04189363010679
12.41683366733463 0.00000000000000 -0.11533618628204 0.00000000000000 -0.03812979293708
12.45591182364725 0.00000000000000 -0.10547735829668 0.00000000000000 -0.03468660033951
12.49498997995988 0.00000000000000 -0.09641895893162 0.00000000000000 -0.03153884020781
12.53406813627250 0.00000000000000 -0.08810087987716 0.00000000000000 -0.02866302723383
12.57314629258513 0.00000000000000 -0.08046695763492 0.00000000000000 -0.02603731667914
12.61222444889775 0.00000000000000 -0.07346478311803 0.00000000000000 -0.02364141807878
12.65130260521038 0.00000000000000 -0.06704551147539 0.00000000000000 -0.02145650966048
12.69038076152300 0.00000000000000 -0.06116367366786 0.00000000000000 -0.01946515412906
12.72945891783563 0.00000000000000 -0.05577699107055 0.00000000000000 -0.01765121634689
12.76853707414825 0.00000000000000 -0.05084619414844 0.00000000000000 -0.01599978333679
12.80761523046088 0.00000000000000 -0.04633484605283 0.00000000000000 -0.01449708694212
12.84669338677350 0.00000000000000 -0.04220917180910 0.00000000000000 -0.01313042939829
12.88577154308613 0.00000000000000 -0.03843789361186 0.00000000000000 -0.01188811200109
12.92484969939875 0.00000000000000 -0.03499207260857 0.00000000000000 -0.01075936699691
12.96392785571138 0.00000000000000 -0.03184495743618 0.00000000000000 -0.00973429276945
13.00300601202400 0.00000000000000 -0.02897183967457 0.00000000000000 -0.00880379235373
13.04208416833663 0.00000000000000 -0.02634991629504 0.00000000000000 -0.00795951527217
13.08116232464925 0.00000000000000 -0.02395815910938 0.00000000000000 -0.00719380265721
13.12024048096188 0.00000000000000 -0.02177719116378 0.00000000000000 -0.00649963560023
13.15931863727450 0.00000000000000 -0.01978916997177 0.00000000000000 -0.00587058664645
13.19839679358713 0.00000000000000 -0.01797767743856 0.00000000000000 -0.00530077433984
13.23747494989975 0.00000000000000 -0.01632761629591 0.00000000000000 -0.00478482070969
13.27655310621238 0.00000000000000 -0.01482511284060 0.00000000000000 -0.00431781158164
13.31563126252500 0.00000000000000 -0.01345742574922 0.00000000000000 -0.00389525958938
13.35470941883763 0.00000000000000 -0.01221286072745 0.00000000000000 -0.00351306975940
13.39378757515025 0.00000000000000 -0.01108069074163 0.00000000000000 -0.00316750753882
13.43286573146288 0.00000000000000 -0.01005108157432 0.00000000000000 -0.00285516913607
13.47194388777550 0.00000000000000 -0.00911502244266 0.00000000000000 -0.00257295404467
13.51102204408813 0.00000000000000 -0.00826426141811 0.00000000000000 -0.00231803962286
13.55010020040075 0.00000000000000 -0.00749124538843 0.00000000000000 -0.00208785760417
13.58917835671338 0.00000000000000 -0.00678906430712 0.00000000000000 -0.00188007241779
13.62825651302600 0.00000000000000 -0.00615139948093 0.00000000000000 -0.00169256120189
13.66733466933863 0.00000000000000 -0.00557247565336 0.00000000000000 -0.00152339539734
13.70641282565125 0.00000000000000 -0.00504701664979 0.00000000000000 -0.00137082381406
13.74549098196388 0.00000000000000 -0.00457020435887 0.00000000000000 -0.00123325706762
13.78456913827650 0.00000000000000 -0.00413764083362 0.00000000000000 -0.00110925328836
13.82364729458913 0.00000000000000 -0.00374531330579 0.00000000000000 -0.00099750501095
13.86272545090175 0.00000000000000 -0.00338956191631 0.00000000000000 -0.00089682715699
13.90180360721438 0.00000000000000 -0.00306704997509 0.00000000000000 -0.00080614602880
13.94088176352700 0.00000000000000 -0.00277473657275 0.00000000000000 -0.00072448923715
13.97995991983963 0.00000000000000 -0.00250985137716 0.00000000000000 -0.00065097649076
14.01903807615225 0.00000000000000 -0.00226987145675 0.00000000000000 -0.00058481117997
14.05811623246488 0.00000000000000 -0.00205249998230 0.00000000000000 -0.00052527269161
14.09719438877750 0.00000000000000 -0.00185564666780 0.00000000000000 -0.00047170939611
14.13627254509013 0.00000000000000 -0.00167740981966 0.00000000000000 -0.00042353225248
14.17535070140275 0.00000000000000 -0.00151605987215 0.00000000000000 -0.00038020898017
14.21442885771538 0.00000000000000 -0.00137002429484 0.00000000000000 -0.00034125875100
14.25350701402800 0.00000000000000 -0.00123787376560 0.00000000000000 -0.00030624735743
14.29258517034063 0.00000000000000 -0.00111830950989 0.00000000000000 -0.00027478281699
14.33166332665325 0.00000000000000 -0.00101015171418 0.00000000000000 -0.00024651137569
14.37074148296588 0.00000000000000 -0.00091232892772 0.00000000000000 -0.00022111387616
14.40981963927850 0.00000000000000 -0.00082386837320 0.00000000000000 -0.00019830245887
14.44889779559113 0.00000000000000 -0.00074388709247 0.00000000000000 -0.00017781756731
14.48797595190375 0.00000000000000 -0.00067158385925 0.00000000000000 -0.00015942523068
14.52705410821638 0.00000000000000 -0.00060623179551 0.00000000000000 -0.00014291459920
14.56613226452900 0.00000000000000 -0.00054717163338 0.00000000000000 -0.00012809570983
14.60521042084163 0.00000000000000 -0.00049380556856 0.00000000000000 -0.00011479746156
14.64428857715425 0.00000000000000 -0.00044559165578 0.00000000000000 -0.00010286578153
14.68336673346688 0.00000000000000 -0.00040203870029 0.00000000000000 -0.00009216196462
14.72244488977950 0.00000000000000 -0.00036270160351 0.00000000000000 -0.00008256117064
14.76152304609213 0.00000000000000 -0.00032717712375 0.00000000000000 -0.00007395106485
14.80060120240475 0.00000000000000 -0.00029510001666 0.00000000000000 -0.00006623058841
14.83967935871738 0.00000000000000 -0.00026613952238 0.00000000000000 -0.00005930884691
14.87875751503000 0.00000000000000 -0.00023999616948 0.00000000000000 -0.00005310410593
14.91783567134263 0.00000000000000 -0.00021639886804 0.00000000000000 -0.00004754288360
14.95691382765525 0.00000000000000 -0.00019510226648 0.00000000000000 -0.00004255913115
14.99599198396788 0.00000000000000 -0.00017588434909 0.00000000000000 -0.00003809349310
15.03507014028050 0.00000000000000 -0.00015854425287 0.00000000000000 -0.00003409263960
15.07414829659313 0.00000000000000 -0.00014290028436 0.00000000000000 -0.00003050866403
15.11322645290575 0.00000000000000 -0.00012878811849 0.00000000000000 -0.00002729853968
15.15230460921838 0.00000000000000 -0.00011605916345 0.00000000000000 -0.00002442362987
15.19138276553100 0.00000000000000 -0.00010457907638 0.00000000000000 -0.00002184924628
15.23046092184363 0.00000000000000 -0.00009422641655 0.00000000000000 -0.00001954425104
15.26953907815625 0.00000000000000 -0.00008489142351 0.00000000000000 -0.00001748069818
15.30861723446888 0.00000000000000 -0.00007647490890 0.00000000000000 -0.00001563351064
15.34769539078150 0.00000000000000 -0.00006888725160 0.00000000000000 -0.00001398018955
15.38677354709413 0.00000000000000 -0.00006204748679 0.00000000000000 -0.00001250055238
15.42585170340675 0.00000000000000 -0.00005588248031 0.00000000000000 -0.00001117649738
15.46492985971938 0.00000000000000 -0.00005032618063 0.00000000000000 -0.00000999179157
15.50400801603200 0.00000000000000 -0.00004531894101 0.00000000000000 -0.00000893188001
15.54308617234463 0.00000000000000 -0.00004080690574 0.00000000000000 -0.00000798371431
15.58216432865725 0.00000000000000 -0.00003674145420 0.00000000000000 -0.00000713559834
15.62124248496988 0.00000000000000 -0.00003307869763 0.00000000000000 -0.00000637704964
15.66032064128250 0.00000000000000 -0.00002977902358 0.00000000000000 -0.00000569867475
15.69939879759513 0.00000000000000 -0.00002680668357 0.00000000000000 -0.00000509205724
15.73847695390775 0.00000000000000 -0.00002412942009 0.00000000000000 -0.00000454965711
15.77755511022038 0.00000000000000 -0.00002171812911 0.00000000000000 -0.00000406472037
15.81663326653300 0.00000000000000 -0.00001954655474 0.00000000000000 -0.00000363119791
15.85571142284563 0.00000000000000 -0.00001759101325 0.00000000000000 -0.00000324367259
15.89478957915825 0.00000000000000 -0.00001583014336 0.00000000000000 -0.00000289729385
15.93386773547088 0.00000000000000 -0.00001424468060 0.00000000000000 -0.00000258771892
15.97294589178350 0.00000000000000 -0.00001281725329 0.00000000000000 -0.00000231106017
16.01202404809613 0.00000000000000 -0.00001153219821 0.00000000000000 -0.00000206383777
16.05110220440876 0.00000000000000 -0.00001037539396 0.00000000000000 -0.00000184293728
16.09018036072138 0.00000000000000 -0.00000933411046 0.00000000000000 -0.00000164557163
16.12925851703401 0.00000000000000 -0.00000839687299 0.00000000000000 -0.00000146924690
16.16833667334664 0.00000000000000 -0.00000755333932 0.00000000000000 -0.00000131173179
16.20741482965926 0.00000000000000 -0.00000679418888 0.00000000000000 -0.00000117103015
16.24649298597189 0.00000000000000 -0.00000611102250 0.00000000000000 -0.00000104535638
16.28557114228452 0.00000000000000 -0.00000549627208 0.00000000000000 -0.00000093311338
16.32464929859714 0.00000000000000 -0.00000494311888 0.00000000000000 -0.00000083287280
16.36372745490977 0.00000000000000 -0.00000444541990 0.00000000000000 -0.00000074335732
16.40280561122240 0.00000000000000 -0.00000399764132 0.00000000000000 -0.00000066342480
16.44188376753502 0.00000000000000 -0.00000359479853 0.00000000000000 -0.00000059205405
16.48096192384765 0.00000000000000 -0.00000323240199 0.00000000000000 -0.00000052833213
16.52004008016028 0.00000000000000 -0.00000290640835 0.00000000000000 -0.00000047144293
16.55911823647291 0.00000000000000 -0.00000261317637 0.00000000000000 -0.00000042065696
16.59819639278553 0.00000000000000 -0.00000234942724 0.00000000000000 -0.00000037532224
16.63727454909816 0.00000000000000 -0.00000211220864 0.00000000000000 -0.00000033485608
16.67635270541079 0.00000000000000 -0.00000189886249 0.00000000000000 -0.00000029873777
16.71543086172341 0.00000000000000 -0.00000170699576 0.00000000000000 -0.00000026650204
16.75450901803604 0.00000000000000 -0.00000153445418 0.00000000000000 -0.00000023773315
16.79358717434867 0.00000000000000 -0.00000137929858 0.00000000000000 -0.00000021205970
16.83266533066129 0.00000000000000 -0.00000123978351 0.00000000000000 -0.00000018914989
16.87174348697392 0.00000000000000 -0.00000111433799 0.00000000000000 -0.00000016870734
16.91082164328655 0.00000000000000 -0.00000100154816 0.00000000000000 -0.00000015046729
16.94989979959917 0.00000000000000 -0.00000090014165 0.00000000000000 -0.00000013419329
16.98897795591180 0.00000000000000 -0.00000080897350 0.00000000000000 -0.00000011967418
17.02805611222443 0.00000000000000 -0.00000072701343 0.00000000000000 -0.00000010672137
17.06713426853705 0.00000000000000 -0.00000065333444 0.00000000000000 -0.00000009516646
17.10621242484968 0.00000000000000 -0.00000058710251 0.00000000000000 -0.00000008485908
17.14529058116231 0.00000000000000 -0.00000052756727 0.00000000000000 -0.00000007566498
17.18436873747493 0.00000000000000 -0.00000047405372 0.00000000000000 -0.00000006746431
17.22344689378756 0.00000000000000 -0.00000042595462 0.00000000000000 -0.00000006015005
17.26252505010019 0.00000000000000 -0.00000038272375 0.00000000000000 -0.00000005362670
17.30160320641281 0.00000000000000 -0.00000034386982 0.00000000000000 -0.00000004780899
17.34068136272544 0.00000000000000 -0.00000030895093 0.00000000000000 -0.00000004262081
17.37975951903807 0.00000000000000 -0.00000027756968 0.00000000000000 -0.00000003799424
17.41883767535069 0.00000000000000 -0.00000024936862 0.00000000000000 -0.00000003386866
17.45791583166332 0.00000000000000 -0.00000022402635 0.00000000000000 -0.00000003018998
17.49699398797595 0.00000000000000 -0.00000020125383 0.00000000000000 -0.00000002690992
17.53607214428857 0.00000000000000 -0.00000018079115 0.00000000000000 -0.00000002398540
17.57515030060120 0.00000000000000 -0.00000016240462 0.00000000000000 -0.00000002137798
17.61422845691383 0.00000000000000 -0.00000014588410 0.00000000000000 -0.00000001905338
17.65330661322646 0.00000000000000 -0.00000013104069 0.00000000000000 -0.00000001698100
17.69238476953908 0.00000000000000 -0.00000011770453 0.00000000000000 -0.00000001513353
17.73146292585171 0.00000000000000 -0.00000010572293 0.00000000000000 -0.00000001348663
17.77054108216434 0.00000000000000 -0.00000009495863 0.00000000000000 -0.00000001201858
17.80961923847696 0.00000000000000 -0.00000008528823 0.00000000000000 -0.00000001071000
17.84869739478959 0.00000000000000 -0.00000007660080 0.00000000000000 -0.00000000954361
17.88777555110222 0.00000000000000 -0.00000006879666 0.00000000000000 -0.00000000850400
17.92685370741484 0.00000000000000 -0.00000006178618 0.00000000000000 -0.00000000757741
17.96593186372747 0.00000000000000 -0.00000005548882 0.00000000000000 -0.00000000675159
18.00501002004010 0.00000000000000 -0.00000004983218 0.00000000000000 -0.00000000601560
18.04408817635272 0.00000000000000 -0.00000004475122 0.00000000000000 -0.00000000535969
18.08316633266535 0.00000000000000 -0.00000004018745 0.00000000000000 -0.00000000477517
18.12224448897798 0.00000000000000 -0.00000003608834 0.00000000000000 -0.00000000425428
18.16132264529060 0.00000000000000 -0.00000003240666 0.00000000000000 -0.00000000379011
18.20040080160323 0.00000000000000 -0.00000002909999 0.00000000000000 -0.00000000337650
18.23947895791586 0.00000000000000 -0.00000002613020 0.00000000000000 -0.00000000300795
18.27855711422848 0.00000000000000 -0.00000002346303 0.00000000000000 -0.00000000267956
18.31763527054111 0.00000000000000 -0.00000002106770 0.00000000000000 -0.00000000238696
18.35671342685374 0.00000000000000 -0.00000001891655 0.00000000000000 -0.00000000212626
18.39579158316636 0.00000000000000 -0.00000001698472 0.00000000000000 -0.00000000189399
18.43486973947899 0.00000000000000 -0.00000001524991 0.00000000000000 -0.00000000168705
18.47394789579162 0.00000000000000 -0.00000001369204 0.00000000000000 -0.00000000150268
18.51302605210424 0.00000000000000 -0.00000001229310 0.00000000000000 -0.00000000133844
18.55210420841687 0.00000000000000 -0.00000001103690 0.00000000000000 -0.00000000119212
18.59118236472950 0.00000000000000 -0.00000000990890 0.00000000000000 -0.00000000106177
18.63026052104212 0.00000000000000 -0.00000000889603 0.00000000000000 -0.00000000094565
18.66933867735475 0.00000000000000 -0.00000000798657 0.00000000000000 -0.00000000084222
18.70841683366738 0.00000000000000 -0.00000000716997 0.00000000000000 -0.00000000075008
18.74749498998001 0.00000000000000 -0.00000000643676 0.00000000000000 -0.00000000066801
18.78657314629263 0.00000000000000 -0.00000000577843 0.00000000000000 -0.00000000059491
18.82565130260526 0.00000000000000 -0.00000000518736 0.00000000000000 -0.00000000052979
18.86472945891789 0.00000000000000 -0.00000000465668 0.00000000000000 -0.00000000047179
18.90380761523051 0.00000000000000 -0.00000000418023 0.00000000000000 -0.00000000042014
18.94288577154314 0.00000000000000 -0.00000000375247 0.00000000000000 -0.00000000037413
18.98196392785577 0.00000000000000 -0.00000000336844 0.00000000000000 -0.00000000033316
19.02104208416839 0.00000000000000 -0.00000000302367 0.00000000000000 -0.00000000029666
19.06012024048102 0.00000000000000 -0.00000000271414 0.00000000000000 -0.00000000026416
19.09919839679365 0.00000000000000 -0.00000000243627 0.00000000000000 -0.00000000023522
19.13827655310627 0.00000000000000 -0.00000000218682 0.00000000000000 -0.00000000020944
19.17735470941890 0.00000000000000 -0.00000000196288 0.00000000000000 -0.00000000018649
19.21643286573153 0.00000000000000 -0.00000000176186 0.00000000000000 -0.00000000016604
19.25551102204415 0.00000000000000 -0.00000000158140 0.00000000000000 -0.00000000014784
19.29458917835678 0.00000000000000 -0.00000000141941 0.00000000000000 -0.00000000013163
19.33366733466941 0.00000000000000 -0.00000000127399 0.00000000000000 -0.00000000011720
19.37274549098203 0.00000000000000 -0.00000000114346 0.00000000000000 -0.00000000010434
19.41182364729466 0.00000000000000 -0.00000000102629 0.00000000000000 -0.00000000009290
19.45090180360729 0.00000000000000 -0.00000000092112 0.00000000000000 -0.00000000008271
19.48997995991991 0.00000000000000 -0.00000000082671 0.00000000000000 -0.00000000007363
19.52905811623254 0.00000000000000 -0.00000000074198 0.00000000000000 -0.00000000006555
19.56813627254517 0.00000000000000 -0.00000000066592 0.00000000000000 -0.00000000005836
19.60721442885779 0.00000000000000 -0.00000000059765 0.00000000000000 -0.00000000005195
19.64629258517042 0.00000000000000 -0.00000000053637 0.00000000000000 -0.00000000004625
19.68537074148305 0.00000000000000 -0.00000000048137 0.00000000000000 -0.00000000004117
19.72444889779567 0.00000000000000 -0.00000000043201 0.00000000000000 -0.00000000003665
19.76352705410830 0.00000000000000 -0.00000000038771 0.00000000000000 -0.00000000003263
19.80260521042093 0.00000000000000 -0.00000000034794 0.00000000000000 -0.00000000002904
19.84168336673356 0.00000000000000 -0.00000000031225 0.00000000000000 -0.00000000002585
19.88076152304618 0.00000000000000 -0.00000000028022 0.00000000000000 -0.00000000002301
19.91983967935881 0.00000000000000 -0.00000000025147 0.00000000000000 -0.00000000002049
19.95891783567144 0.00000000000000 -0.00000000022567 0.00000000000000 -0.00000000001824
19.99799599198406 0.00000000000000 -0.00000000020252 0.00000000000000 -0.00000000001623
20.03707414829669 0.00000000000000 -0.00000000018174 0.00000000000000 -0.00000000001445
20.07615230460932 0.00000000000000 -0.00000000016309 0.00000000000000 -0.00000000001286
20.11523046092194 0.00000000000000 -0.00000000014635 0.00000000000000 -0.00000000001145
20.15430861723457 0.00000000000000 -0.00000000013133 0.00000000000000 -0.00000000001019
20.19338677354720 0.00000000000000 -0.00000000011785 0.00000000000000 -0.00000000000907
20.23246492985982 0.00000000000000 -0.00000000010575 0.00000000000000 -0.00000000000807
20.27154308617245 0.00000000000000 -0.00000000009489 0.00000000000000 -0.00000000000718
20.31062124248508 0.00000000000000 -0.00000000008515 0.00000000000000 -0.00000000000639
20.34969939879770 0.00000000000000 -0.00000000007641 0.00000000000000 -0.00000000000569
20.38877755511033 0.00000000000000 -0.00000000006856 0.00000000000000 -0.00000000000507
20.42785571142296 0.00000000000000 -0.00000000006152 0.00000000000000 -0.00000000000451
20.46693386773558 0.00000000000000 -0.00000000005520 0.00000000000000 -0.00000000000401
20.50601202404821 0.00000000000000 -0.00000000004953 0.00000000000000 -0.00000000000357
20.54509018036084 0.00000000000000 -0.00000000004445 0.00000000000000 -0.00000000000318
20.58416833667346 0.00000000000000 -0.00000000003988 0.00000000000000 -0.00000000000283
20.62324649298609 0.00000000000000 -0.00000000003579 0.00000000000000 -0.00000000000252
20.66232464929872 0.00000000000000 -0.00000000003211 0.00000000000000 -0.00000000000224
20.70140280561134 0.00000000000000 -0.00000000002881 0.00000000000000 -0.00000000000199
20.74048096192397 0.00000000000000 -0.00000000002585 0.00000000000000 -0.00000000000177
20.77955911823660 0.00000000000000 -0.00000000002319 0.00000000000000 -0.00000000000158
20.81863727454922 0.00000000000000 -0.00000000002081 0.00000000000000 -0.00000000000141
20.85771543086185 0.00000000000000 -0.00000000001867 0.00000000000000 -0.00000000000125
20.89679358717448 0.00000000000000 -0.00000000001675 0.00000000000000 -0.00000000000111
20.93587174348711 0.00000000000000 -0.00000000001503 0.00000000000000 -0.00000000000099
20.97494989979973 0.00000000000000 -0.00000000001349 0.00000000000000 -0.00000000000088
21.01402805611236 0.00000000000000 -0.00000000001210 0.00000000000000 -0.00000000000078
21.05310621242499 0.00000000000000 -0.00000000001086 0.00000000000000 -0.00000000000070
21.09218436873761 0.00000000000000 -0.00000000000974 0.00000000000000 -0.00000000000062
21.13126252505024 0.00000000000000 -0.00000000000874 0.00000000000000 -0.00000000000055
21.17034068136287 0.00000000000000 -0.00000000000784 0.00000000000000 -0.00000000000049
21.20941883767549 0.00000000000000 -0.00000000000704 0.00000000000000 -0.00000000000044
21.24849699398812 0.00000000000000 -0.00000000000631 0.00000000000000 -0.00000000000039
21.28757515030075 0.00000000000000 -0.00000000000566 0.00000000000000 -0.00000000000035
21.32665330661337 0.00000000000000 -0.00000000000508 0.00000000000000 -0.00000000000031
21.36573146292600 0.00000000000000 -0.00000000000456 0.00000000000000 -0.00000000000027
21.40480961923863 0.00000000000000 -0.00000000000409 0.00000000000000 -0.00000000000024
21.44388777555125 0.00000000000000 -0.00000000000367 0.00000000000000 -0.00000000000022
21.48296593186388 0.00000000000000 -0.00000000000329 0.00000000000000 -0.00000000000019
21.52204408817651 0.00000000000000 -0.00000000000295 0.00000000000000 -0.00000000000017
21.56112224448913 0.00000000000000 -0.00000000000265 0.00000000000000 -0.00000000000015
21.60020040080176 0.00000000000000 -0.00000000000238 0.00000000000000 -0.00000000000014
21.63927855711439 0.00000000000000 -0.00000000000213 0.00000000000000 -0.00000000000012
21.67835671342701 0.00000000000000 -0.00000000000191 0.00000000000000 -0.00000000000011
21.71743486973964 0.00000000000000 -0.00000000000172 0.00000000000000 -0.00000000000010
21.75651302605227 0.00000000000000 -0.00000000000154 0.00000000000000 -0.00000000000009
21.79559118236489 0.00000000000000 -0.00000000000138 0.00000000000000 -0.00000000000008
21.83466933867752 0.00000000000000 -0.00000000000124 0.00000000000000 -0.00000000000007
21.87374749499015 0.00000000000000 -0.00000000000111 0.00000000000000 -0.00000000000006
21.91282565130278 0.00000000000000 -0.00000000000100 0.00000000000000 -0.00000000000005
21.95190380761540 0.00000000000000 -0.00000000000090 0.00000000000000 -0.00000000000005
21.99098196392803 0.00000000000000 -0.00000000000080 0.00000000000000 -0.00000000000004
22.03006012024066 0.00000000000000 -0.00000000000072 0.00000000000000 -0.00000000000004
22.06913827655328 0.00000000000000 -0.00000000000065 0.00000000000000 -0.00000000000003
22.10821643286591 0.00000000000000 -0.00000000000058 0.00000000000000 -0.00000000000003
22.14729458917854 0.00000000000000 -0.00000000000052 0.00000000000000 -0.00000000000003
22.18637274549116 0.00000000000000 -0.00000000000047 0.00000000000000 -0.00000000000002
22.22545090180379 0.00000000000000 -0.00000000000042 0.00000000000000 -0.00000000000002
22.26452905811642 0.00000000000000 -0.00000000000038 0.00000000000000 -0.00000000000002
22.30360721442904 0.00000000000000 -0.00000000000034 0.00000000000000 -0.00000000000002
22.34268537074167 0.00000000000000 -0.00000000000030 0.00000000000000 -0.00000000000001
22.38176352705430 0.00000000000000 -0.00000000000027 0.00000000000000 -0.00000000000001
22.42084168336692 0.00000000000000 -0.00000000000024 0.00000000000000 -0.00000000000001
22.45991983967955 0.00000000000000 -0.00000000000022 0.00000000000000 -0.00000000000001
22.49899799599218 0.00000000000000 -0.00000000000020 0.00000000000000 -0.00000000000001
22.53807615230480 0.00000000000000 -0.00000000000018 0.00000000000000 -0.00000000000001
22.57715430861743 0.00000000000000 -0.00000000000016 0.00000000000000 -0.00000000000001
22.61623246493006 0.00000000000000 -0.00000000000014 0.00000000000000 -0.00000000000001
22.65531062124268 0.00000000000000 -0.00000000000013 0.00000000000000 -0.00000000000001
22.69438877755531 0.00000000000000 -0.00000000000011 0.00000000000000 -0.00000000000001
22.73346693386794 0.00000000000000 -0.00000000000010 0.00000000000000 -0.00000000000000
22.77254509018056 0.00000000000000 -0.00000000000009 0.00000000000000 -0.00000000000000
22.81162324649319 0.00000000000000 -0.00000000000008 0.00000000000000 -0.00000000000000
22.85070140280582 0.00000000000000 -0.00000000000007 0.00000000000000 -0.00000000000000
22.88977955911844 0.00000000000000 -0.00000000000007 0.00000000000000 -0.00000000000000
22.92885771543107 0.00000000000000 -0.00000000000006 0.00000000000000 -0.00000000000000
22.96793587174370 0.00000000000000 -0.00000000000005 0.00000000000000 -0.00000000000000
23.00701402805633 0.00000000000000 -0.00000000000005 0.00000000000000 -0.00000000000000
23.04609218436895 0.00000000000000 -0.00000000000004 0.00000000000000 -0.00000000000000
23.08517034068158 0.00000000000000 -0.00000000000004 0.00000000000000 -0.00000000000000
23.12424849699421 0.00000000000000 -0.00000000000003 0.00000000000000 -0.00000000000000
23.16332665330683 0.00000000000000 -0.00000000000003 0.00000000000000 -0.00000000000000
23.20240480961946 0.00000000000000 -0.00000000000003 0.00000000000000 -0.00000000000000
23.24148296593209 0.00000000000000 -0.00000000000002 0.00000000000000 -0.00000000000000
23.28056112224471 0.00000000000000 -0.00000000000002 0.00000000000000 -0.00000000000000
23.31963927855734 0.00000000000000 -0.00000000000002 0.00000000000000 -0.00000000000000
23.35871743486997 0.00000000000000 -0.00000000000002 0.00000000000000 -0.00000000000000
23.39779559118259 0.00000000000000 -0.00000000000002 0.00000000000000 -0.00000000000000
23.43687374749522 0.00000000000000 -0.00000000000001 0.00000000000000 -0.00000000000000
23.47595190380785 0.00000000000000 -0.00000000000001 0.00000000000000 -0.00000000000000
23.51503006012047 0.00000000000000 -0.00000000000001 0.00000000000000 -0.00000000000000
23.55410821643310 0.00000000000000 -0.00000000000001 0.00000000000000 -0.00000000000000
23.59318637274573 0.00000000000000 -0.00000000000001 0.00000000000000 -0.00000000000000
23.63226452905835 0.00000000000000 -0.00000000000001 0.00000000000000 -0.00000000000000
23.67134268537098 0.00000000000000 -0.00000000000001 0.00000000000000 -0.00000000000000
23.71042084168361 0.00000000000000 -0.00000000000001 0.00000000000000 -0.00000000000000
23.74949899799623 0.00000000000000 -0.00000000000001 0.00000000000000 -0.00000000000000
23.78857715430886 0.00000000000000 -0.00000000000001 0.00000000000000 -0.00000000000000
23.82765531062149 0.00000000000000 -0.00000000000000 0.00000000000000 -0.00000000000000
23.86673346693411 0.00000000000000 -0.00000000000000 0.00000000000000 -0.00000000000000
23.90581162324674 0.00000000000000 -0.00000000000000 0.00000000000000 -0.00000000000000
23.94488977955937 0.00000000000000 -0.00000000000000 0.00000000000000 -0.00000000000000
23.98396793587199 0.00000000000000 -0.00000000000000 0.00000000000000 -0.00000000000000
24.02304609218462 0.00000000000000 -0.00000000000000 0.00000000000000 -0.00000000000000
24.06212424849725 0.00000000000000 -0.00000000000000 0.00000000000000 -0.00000000000000
24.10120240480988 0.00000000000000 -0.00000000000000 0.00000000000000 -0.00000000000000
24.14028056112250 0.00000000000000 -0.00000000000000 0.00000000000000 -0.00000000000000
24.17935871743513 0.00000000000000 -0.00000000000000 0.00000000000000 -0.00000000000000
24.21843687374776 0.00000000000000 -0.00000000000000 0.00000000000000 -0.00000000000000
24.25751503006038 0.00000000000000 -0.00000000000000 0.00000000000000 -0.00000000000000
24.29659318637301 0.00000000000000 -0.00000000000000 0.00000000000000 -0.00000000000000
24.33567134268564 0.00000000000000 -0.00000000000000 0.00000000000000 -0.00000000000000
24.37474949899826 0.00000000000000 -0.00000000000000 0.00000000000000 -0.00000000000000
24.41382765531089 0.00000000000000 -0.00000000000000 0.00000000000000 -0.00000000000000
24.45290581162352 0.00000000000000 -0.00000000000000 0.00000000000000 -0.00000000000000
24.49198396793614 0.00000000000000 -0.00000000000000 0.00000000000000 -0.00000000000000
24.53106212424877 0.00000000000000 -0.00000000000000 0.00000000000000 -0.00000000000000
24.57014028056140 0.00000000000000 -0.00000000000000 0.00000000000000 -0.00000000000000
24.60921843687402 0.00000000000000 -0.00000000000000 0.00000000000000 -0.00000000000000
24.64829659318665 0.00000000000000 -0.00000000000000 0.00000000000000 -0.00000000000000
24.68737474949928 0.00000000000000 -0.00000000000000 0.00000000000000 -0.00000000000000
24.72645290581190 0.00000000000000 -0.00000000000000 0.00000000000000 -0.00000000000000
24.76553106212453 0.00000000000000 -0.00000000000000 0.00000000000000 -0.00000000000000
24.80460921843716 0.00000000000000 -0.00000000000000 0.00000000000000 -0.00000000000000
24.84368737474978 0.00000000000000 -0.00000000000000 0.00000000000000 -0.00000000000000
24.88276553106241 0.00000000000000 -0.00000000000000 0.00000000000000 -0.00000000000000
24.92184368737504 0.00000000000000 -0.00000000000000 0.00000000000000 -0.00000000000000
24.96092184368766 0.00000000000000 -0.00000000000000 0.00000000000000 -0.00000000000000
25.00000000000029 0.00000000000000 0.00000000000000 0.00000000000000 0.00000000000000
