5.50000000000000 0.00000000000000 0.00000000000000 0.00000000000000 0.00000000000000
5.53907815631263 0.00000000000000 0.00000000001952 0.00000000000000 -0.00000000001971
5.57815631262525 0.00000000000000 0.00000000007449 0.00000000000000 -0.00000000007523
5.61723446893788 0.00000000000000 0.00000000025381 0.00000000000000 -0.00000000025641
5.65631262525050 0.00000000000000 0.00000000082126 0.00000000000000 -0.00000000082994
5.69539078156313 0.00000000000000 0.00000000253900 0.00000000000000 -0.00000000256658
5.73446893787575 0.00000000000000 0.00000000751331 0.00000000000000 -0.00000000759695
5.77354709418838 0.00000000000000 0.00000002130976 0.00000000000000 -0.00000002155231
5.81262525050100 0.00000000000000 0.00000005800526 0.00000000000000 -0.00000005867864
5.85170340681363 0.00000000000000 0.00000015171888 0.00000000000000 -0.00000015351132
5.89078156312625 0.00000000000000 0.00000038178608 0.00000000000000 -0.00000038636643
5.92985971943888 0.00000000000000 0.00000092537365 0.00000000000000 -0.00000093662398
5.96893787575150 0.00000000000000 0.00000216283585 0.00000000000000 -0.00000218942846
6.00801603206413 0.00000000000000 0.00000487997248 0.00000000000000 -0.00000494053173
6.04709418837675 0.00000000000000 0.00001064050717 0.00000000000000 -0.00001077352154
6.08617234468938 0.00000000000000 0.00002244442535 0.00000000000000 -0.00002272650367
6.12525050100200 0.00000000000000 0.00004584507638 0.00000000000000 -0.00004642321119
6.16432865731463 0.00000000000000 0.00009076930165 0.00000000000000 -0.00009191558736
6.20340681362725 0.00000000000000 0.00017436486094 0.00000000000000 -0.00017656554761
6.24248496993988 0.00000000000000 0.00032527606469 0.00000000000000 -0.00032937058846
6.28156312625250 0.00000000000000 0.00058980177647 0.00000000000000 -0.00059719080859
6.32064128256513 0.00000000000000 0.00104039193198 0.00000000000000 -0.00105333538657
6.35971943887775 0.00000000000000 0.00178685056986 0.00000000000000 -0.00180887523400
6.39879759519038 0.00000000000000 0.00299034391153 0.00000000000000 -0.00302677319264
6.43787575150300 0.00000000000000 0.00487983777393 0.00000000000000 -0.00493844034784
6.47695390781563 0.00000000000000 0.00777018998860 0.00000000000000 -0.00786192127015
6.51603206412825 0.00000000000000 0.01208027154675 0.00000000000000 -0.01222004760512
6.55511022044088 0.00000000000000 0.01834868727508 0.00000000000000 -0.01855608825296
6.59418837675350 0.00000000000000 0.02724387775319 0.00000000000000 -0.02754363101728
6.63326653306613 0.00000000000000 0.03956477033839 0.00000000000000 -0.03998681958920
6.67234468937875 0.00000000000000 0.05622789289090 0.00000000000000 -0.05680682821882
6.71142284569138 0.00000000000000 0.07823714292167 0.00000000000000 -0.07901075991419
6.75050100200400 0.00000000000000 0.10663334909034 0.00000000000000 -0.10764013385145
6.78957915831663 0.00000000000000 0.14242242347865 0.00000000000000 -0.14369783293627
6.82865731462925 0.00000000000000 0.18648322428735 0.00000000000000 -0.18805474891430
6.86773547094188 0.00000000000000 0.23945904737248 0.00000000000000 -0.24134019746436
6.90681362725450 0.00000000000000 0.30163964128569 0.00000000000000 -0.30382316666078
6.94589178356713 0.00000000000000 0.37284340174858 0.00000000000000 -0.37529427859724
6.98496993987975 0.00000000000000 0.45231147960970 0.00000000000000 -0.45496091786161
7.02404809619238 0.00000000000000 0.53862654552890 0.00000000000000 -0.54136807489925
7.06312625250500 0.00000000000000 0.62966876366276 0.00000000000000 -0.63235724942943
7.10220440881763 0.00000000000000 0.72261925681767 0.00000000000000 -0.72507405014432
7.14128256513025 0.00000000000000 0.81401846559150 0.00000000000000 -0.81603170117777
7.18036072144288 0.00000000000000 0.89988229999520 0.00000000000000 -0.90123303951544
7.21943887775550 0.00000000000000 0.97587370727756 0.00000000000000 -0.97634821359758
7.25851703406813 0.00000000000000 1.03752182192727 0.00000000000000 -1.03693974490132
7.29759519038075 0.00000000000000 1.08047579762411 0.00000000000000 -1.07872150490381
7.33667334669338 0.00000000000000 1.10077632480251 0.00000000000000 -1.09783408126024
7.37575150300600 0.00000000000000 1.09512519088822 0.00000000000000 -1.09111644236815
7.41482965931863 0.00000000000000 1.06113235944858 0.00000000000000 -1.05635306984971
7.45390781563125 0.00000000000000 0.99752104550455 0.00000000000000 -0.99247691587355
7.49298597194388 0.00000000000000 0.90427405374034 0.00000000000000 -0.89971154170822
7.53206412825650 0.00000000000000 0.78270893992312 0.00000000000000 -0.77964029448471
7.57114228456913 0.00000000000000 0.63547491940805 0.00000000000000 -0.63519591873845
7.61022044088175 0.00000000000000 0.46647035325838 0.00000000000000 -0.47057002559358
7.64929859719438 0.00000000000000 0.28068553619980 0.00000000000000 -0.29104778047589
7.68837675350700 0.00000000000000 0.08398086771344 0.00000000000000 -0.10277848713064
7.72745490981963 0.00000000000000 -0.11718513107616 0.00000000000000 0.08750299526534
7.76653306613225 0.00000000000000 -0.31606040364202 0.00000000000000 0.27278616689081
7.80561122244488 0.00000000000000 -0.50591737598333 0.00000000000000 0.44610691196978
7.84468937875750 0.00000000000000 -0.68036511270804 0.00000000000000 0.60086253382205
7.88376753507013 0.00000000000000 -0.83363759164993 0.00000000000000 0.73110219537492
7.92284569138275 0.00000000000000 -0.96084253669958 0.00000000000000 0.83177778334678
7.96192384769538 0.00000000000000 -1.05815860574776 0.00000000000000 0.89894365198526
8.00100200400800 0.00000000000000 -1.12297265599374 0.00000000000000 0.92989760877025
8.04008016032063 0.00000000000000 -1.15395296381416 0.00000000000000 0.92325953836483
8.07915831663325 0.00000000000000 -1.15105834310400 0.00000000000000 0.87898791509284
8.11823647294588 0.00000000000000 -1.11548681067326 0.00000000000000 0.79833787740658
8.15731462925850 0.00000000000000 -1.04957057605127 0.00000000000000 0.68376734854793
8.19639278557113 0.00000000000000 -0.95662654045416 0.00000000000000 0.53879977785567
8.23547094188375 0.00000000000000 -0.84077310014544 0.00000000000000 0.36785340923206
8.27454909819638 0.00000000000000 -0.70672485292471 0.00000000000000 0.17604758076719
8.31362725450900 0.00000000000000 -0.55957684966104 0.00000000000000 -0.03100350542849
8.35270541082163 0.00000000000000 -0.40458940718714 0.00000000000000 -0.24739972540647
8.39178356713425 0.00000000000000 -0.24698332765332 0.00000000000000 -0.46715792189810
8.43086172344688 0.00000000000000 -0.09175379394771 0.00000000000000 -0.68440132474156
8.46993987975950 0.00000000000000 0.05649062200561 0.00000000000000 -0.89352961231114
8.50901803607213 0.00000000000000 0.19365934960277 0.00000000000000 -1.08936530491793
8.54809619238475 0.00000000000000 0.31627905611232 0.00000000000000 -1.26727372578994
8.58717434869738 0.00000000000000 0.42155999282611 0.00000000000000 -1.42325519805737
8.62625250501000 0.00000000000000 0.50743032591884 0.00000000000000 -1.55400941404362
8.66533066132263 0.00000000000000 0.57254067594977 0.00000000000000 -1.65697298315890
8.70440881763525 0.00000000000000 0.61624214191472 0.00000000000000 -1.73033202160933
8.74348697394788 0.00000000000000 0.63854182961045 0.00000000000000 -1.77301229037152
8.78256513026050 0.00000000000000 0.64004034802501 0.00000000000000 -1.78464982807800
8.82164328657313 0.00000000000000 0.62185590532850 0.00000000000000 -1.76554528120522
8.86072144288575 0.00000000000000 0.58553956302451 0.00000000000000 -1.71660522884518
8.89979959919838 0.00000000000000 0.53298593541231 0.00000000000000 -1.63927375946708
8.93887775551100 0.00000000000000 0.46634319762944 0.00000000000000 -1.53545740904255
8.97795591182363 0.00000000000000 0.38792573525756 0.00000000000000 -1.40744633935943
9.01703406813625 0.00000000000000 0.30013217531114 0.00000000000000 -1.25783434594791
9.05611222444888 0.00000000000000 0.20537092138785 0.00000000000000 -1.08943995784827
9.09519038076150 0.00000000000000 0.10599470798464 0.00000000000000 -0.90523054461001
9.13426853707413 0.00000000000000 0.00424511705446 0.00000000000000 -0.70825099458949
9.17334669338675 0.00000000000000 -0.09779251636510 0.00000000000000 -0.50155818507507
9.21242484969938 0.00000000000000 -0.19822382982064 0.00000000000000 -0.28816213858854
9.25150300601200 0.00000000000000 -0.29537018148744 0.00000000000000 -0.07097445802622
9.29058116232463 0.00000000000000 -0.38778410354424 0.00000000000000 0.14723563889357
9.32965931863725 0.00000000000000 -0.47425635873559 0.00000000000000 0.36387760498055
9.36873747494988 0.00000000000000 -0.55381564100572 0.00000000000000 0.57656829319566
9.40781563126250 0.00000000000000 -0.62572203965381 0.00000000000000 0.78315342592841
9.44689378757513 0.00000000000000 -0.68945540944166 0.00000000000000 0.98172223653622
9.48597194388775 0.00000000000000 -0.74469976607882 0.00000000000000 1.17061582092652
9.52505010020038 0.00000000000000 -0.79132476721443 0.00000000000000 1.34842981234186
9.56412825651300 0.00000000000000 -0.82936525279468 0.00000000000000 1.51401204081434
9.60320641282563 0.00000000000000 -0.85899971397183 0.00000000000000 1.66645586301177
9.64228456913825 0.00000000000000 -0.88052844426773 0.00000000000000 1.80508985159303
9.68136272545088 0.00000000000000 -0.89435200687841 0.00000000000000 1.92946451896365
9.72044088176350 0.00000000000000 -0.90095053316559 0.00000000000000 2.03933672166405
9.75951903807613 0.00000000000000 -0.90086425367950 0.00000000000000 2.13465235159056
9.79859719438875 0.00000000000000 -0.89467555758067 0.00000000000000 2.21552787170771
9.83767535070138 0.00000000000000 -0.88299278118753 0.00000000000000 2.28223119948029
9.87675350701400 0.00000000000000 -0.86643584283710 0.00000000000000 2.33516238327923
9.91583166332663 0.00000000000000 -0.84562376986185 0.00000000000000 2.37483445754582
9.95490981963925 0.00000000000000 -0.82116410423241 0.00000000000000 2.40185480327766
9.99398797595188 0.00000000000000 -0.79364412582808 0.00000000000000 2.41690728287018
10.03306613226450 0.00000000000000 -0.76362379557918 0.00000000000000 2.42073536366193
10.07214428857713 0.00000000000000 -0.73163029386224 0.00000000000000 2.41412639356876
10.11122244488975 0.00000000000000 -0.69815401137494 0.00000000000000 2.39789714558241
10.15030060120238 0.00000000000000 -0.66364583906756 0.00000000000000 2.37288070605718
10.18937875751500 0.00000000000000 -0.62851559935892 0.00000000000000 2.33991474482751
10.22845691382763 0.00000000000000 -0.59313146166191 0.00000000000000 2.29983117333176
10.26753507014025 0.00000000000000 -0.55782019010683 0.00000000000000 2.25344716997364
10.30661322645288 0.00000000000000 -0.52286807930322 0.00000000000000 2.20155752972858
10.34569138276550 0.00000000000000 -0.48852244415500 0.00000000000000 2.14492827721302
10.38476953907813 0.00000000000000 -0.45499354139080 0.00000000000000 2.08429146873356
10.42384769539075 0.00000000000000 -0.42245681295879 0.00000000000000 2.02034109883278
10.46292585170338 0.00000000000000 -0.39105535424033 0.00000000000000 1.95373002014192
10.50200400801600 0.00000000000000 -0.36090252274371 0.00000000000000 1.88506778152087
10.54108216432863 0.00000000000000 -0.33208461522208 0.00000000000000 1.81491928810389
10.58016032064125 0.00000000000000 -0.30466355277886 0.00000000000000 1.74380418757908
10.61923847695388 0.00000000000000 -0.27867952430996 0.00000000000000 1.67219688943981
10.65831663326650 0.00000000000000 -0.25415354847651 0.00000000000000 1.60052712771168
10.69739478957913 0.00000000000000 -0.23108992324716 0.00000000000000 1.52918098246617
10.73647294589175 0.00000000000000 -0.20947853987699 0.00000000000000 1.45850228100341
10.77555110220438 0.00000000000000 -0.18929704501636 0.00000000000000 1.38879430567409
10.81462925851700 0.00000000000000 -0.17051284050550 0.00000000000000 1.32032174170325
10.85370741482963 0.00000000000000 -0.15308491536523 0.00000000000000 1.25331280489690
10.89278557114225 0.00000000000000 -0.13696550861046 0.00000000000000 1.18796149560494
10.93186372745488 0.00000000000000 -0.12210160486375 0.00000000000000 1.12442993166139
10.97094188376750 0.00000000000000 -0.10843626741289 0.00000000000000 1.06285071912747
11.01002004008013 0.00000000000000 -0.09590981541555 0.00000000000000 1.00332932545297
11.04909819639275 0.00000000000000 -0.08446085348480 0.00000000000000 0.94594642509288
11.08817635270538 0.00000000000000 -0.07402716296448 0.00000000000000 0.89076019263356
11.12725450901800 0.00000000000000 -0.06454646489194 0.00000000000000 0.83780852307630
11.16633266533063 0.00000000000000 -0.05595706501179 0.00000000000000 0.78711116308557
11.20541082164325 0.00000000000000 -0.04819839130467 0.00000000000000 0.73867174073828
11.24448897795588 0.00000000000000 -0.04121143438188 0.00000000000000 0.69247968461781
11.28356713426850 0.00000000000000 -0.03493910081478 0.00000000000000 0.64851202599913
11.32264529058113 0.00000000000000 -0.02932648905787 0.00000000000000 0.60673508038970
11.36172344689375 0.00000000000000 -0.02432109711856 0.00000000000000 0.56710600685052
11.40080160320638 0.00000000000000 -0.01987297055665 0.00000000000000 0.52957424534761
11.43987975951900 0.00000000000000 -0.01593479878340 0.00000000000000 0.49408283390642
11.47895791583163 0.00000000000000 -0.01246196699732 0.00000000000000 0.46056960858669
11.51803607214425 0.00000000000000 -0.00941257045449 0.00000000000000 0.42896829029228
11.55711422845688 0.00000000000000 -0.00674739714114 0.00000000000000 0.39920946320697
11.59619238476950 0.00000000000000 -0.00442988430340 0.00000000000000 0.37122145022849
11.63527054108213 0.00000000000000 -0.00242605370242 0.00000000000000 0.34493109118497
11.67434869739475 0.00000000000000 -0.00070442990753 0.00000000000000 0.32026442988338
11.71342685370738 0.00000000000000 0.00076405458043 0.00000000000000 0.29714731617948
11.75250501002000 0.00000000000000 0.00200616406671 0.00000000000000 0.27550592929367
11.79158316633263 0.00000000000000 0.00304647139701 0.00000000000000 0.25526722854402
11.83066132264525 0.00000000000000 0.00390747423100 0.00000000000000 0.23635933754305
11.86973947895788 0.00000000000000 0.00460971376522 0.00000000000000 0.21871186772274
11.90881763527050 0.00000000000000 0.00517189414788 0.00000000000000 0.20225618682511
11.94789579158313 0.00000000000000 0.00561100112414 0.00000000000000 0.18692563773483
11.98697394789575 0.00000000000000 0.00594241871415 0.00000000000000 0.17265571274482
12.02605210420838 0.00000000000000 0.00618004295847 0.00000000000000 0.15938418804444
12.06513026052100 0.00000000000000 0.00633639196929 0.00000000000000 0.14705122290888
12.10420841683363 0.00000000000000 0.00642271170297 0.00000000000000 0.13559942775419
12.14328657314625 0.00000000000000 0.00644907702274 0.00000000000000 0.12497390490961
12.18236472945888 0.00000000000000 0.00642448775160 0.00000000000000 0.11512226565104
12.22144288577150 0.00000000000000 0.00635695952705 0.00000000000000 0.10599462674084
12.26052104208413 0.00000000000000 0.00625360936310 0.00000000000000 0.09754358943054
12.29959919839675 0.00000000000000 0.00612073590353 0.00000000000000 0.08972420360799
12.33867735470938 0.00000000000000 0.00596389441441 0.00000000000000 0.08249391950921
12.37775551102200 0.00000000000000 0.00578796661633 0.00000000000000 0.07581252916863
12.41683366733463 0.00000000000000 0.00559722549837 0.00000000000000 0.06964209955125
12.45591182364725 0.00000000000000 0.00539539528775 0.00000000000000 0.06394689909481
12.49498997995988 0.00000000000000 0.00518570677410 0.00000000000000 0.05869331919135
12.53406813627250 0.00000000000000 0.00497094820428 0.00000000000000 0.05384979195337
12.57314629258513 0.00000000000000 0.00475351197565 0.00000000000000 0.04938670544166
12.61222444889775 0.00000000000000 0.00453543736273 0.00000000000000 0.04527631737742
12.65130260521038 0.00000000000000 0.00431844951479 0.00000000000000 0.04149266822141
12.69038076152300 0.00000000000000 0.00410399496144 0.00000000000000 0.03801149437572
12.72945891783563 0.00000000000000 0.00389327386041 0.00000000000000 0.03481014214945
12.76853707414825 0.00000000000000 0.00368726921570 0.00000000000000 0.03186748302671
12.80761523046088 0.00000000000000 0.00348677328782 0.00000000000000 0.02916383068334
12.84669338677350 0.00000000000000 0.00329241140901 0.00000000000000 0.02668086011728
12.88577154308613 0.00000000000000 0.00310466340709 0.00000000000000 0.02440152918462
12.92484969939875 0.00000000000000 0.00292388283171 0.00000000000000 0.02231000276996
12.96392785571138 0.00000000000000 0.00275031416608 0.00000000000000 0.02039157976327
13.00300601202400 0.00000000000000 0.00258410819685 0.00000000000000 0.01863262296684
13.04208416833663 0.00000000000000 0.00242533570390 0.00000000000000 0.01702049201350
13.08116232464925 0.00000000000000 0.00227399962138 0.00000000000000 0.01554347934066
13.12024048096188 0.00000000000000 0.00213004581082 0.00000000000000 0.01419074923366
13.15931863727450 0.00000000000000 0.00199337257710 0.00000000000000 0.01295227992547
13.19839679358713 0.00000000000000 0.00186383904821 0.00000000000000 0.01181880871739
13.23747494989975 0.00000000000000 0.00174127253048 0.00000000000000 0.01078178006716
13.27655310621238 0.00000000000000 0.00162547494217 0.00000000000000 0.00983329657562
13.31563126252500 0.00000000000000 0.00151622841944 0.00000000000000 0.00896607279101
13.35470941883763 0.00000000000000 0.00141330018139 0.00000000000000 0.00817339174035
13.39378757515025 0.00000000000000 0.00131644673280 0.00000000000000 0.00744906409012
13.43286573146288 0.00000000000000 0.00122541747666 0.00000000000000 0.00678738983297
13.47194388777550 0.00000000000000 0.00113995780165 0.00000000000000 0.00618312239375
13.51102204408813 0.00000000000000 0.00105981170411 0.00000000000000 0.00563143504585
13.55010020040075 0.00000000000000 0.00098472399803 0.00000000000000 0.00512788952779
13.58917835671338 0.00000000000000 0.00091444216159 0.00000000000000 0.00466840675045
13.62825651302600 0.00000000000000 0.00084871786412 0.00000000000000 0.00424923948598
13.66733466933863 0.00000000000000 0.00078730821263 0.00000000000000 0.00386694693141
13.70641282565125 0.00000000000000 0.00072997675337 0.00000000000000 0.00351837104213
13.74549098196388 0.00000000000000 0.00067649426000 0.00000000000000 0.00320061453349
13.78456913827650 0.00000000000000 0.00062663933666 0.00000000000000 0.00291102045153
13.82364729458913 0.00000000000000 0.00058019886118 0.00000000000000 0.00264715321797
13.86272545090175 0.00000000000000 0.00053696829088 0.00000000000000 0.00240678105761
13.90180360721438 0.00000000000000 0.00049675185080 0.00000000000000 0.00218785972068
13.94088176352700 0.00000000000000 0.00045936262218 0.00000000000000 0.00198851741631
13.97995991983963 0.00000000000000 0.00042462254662 0.00000000000000 0.00180704087747
14.01903807615225 0.00000000000000 0.00039236235974 0.00000000000000 0.00164186248156
14.05811623246488 0.00000000000000 0.00036242146639 0.00000000000000 0.00149154835489
14.09719438877750 0.00000000000000 0.00033464776803 0.00000000000000 0.00135478739314
14.13627254509013 0.00000000000000 0.00030889745137 0.00000000000000 0.00123038113375
14.17535070140275 0.00000000000000 0.00028503474653 0.00000000000000 0.00111723441987
14.21442885771538 0.00000000000000 0.00026293166148 0.00000000000000 0.00101434679900
14.25350701402800 0.00000000000000 0.00024246769888 0.00000000000000 0.00092080460318
14.29258517034063 0.00000000000000 0.00022352956046 0.00000000000000 0.00083577366061
14.33166332665325 0.00000000000000 0.00020601084337 0.00000000000000 0.00075849259195
14.37074148296588 0.00000000000000 0.00018981173223 0.00000000000000 0.00068826664761
14.40981963927850 0.00000000000000 0.00017483869006 0.00000000000000 0.00062446204511
14.44889779559113 0.00000000000000 0.00016100415078 0.00000000000000 0.00056650076853
14.48797595190375 0.00000000000000 0.00014822621546 0.00000000000000 0.00051385579441
14.52705410821638 0.00000000000000 0.00013642835404 0.00000000000000 0.00046604671121
14.56613226452900 0.00000000000000 0.00012553911418 0.00000000000000 0.00042263570165
14.60521042084163 0.00000000000000 0.00011549183821 0.00000000000000 0.00038322385932
14.64428857715425 0.00000000000000 0.00010622438923 0.00000000000000 0.00034744781321
14.68336673346688 0.00000000000000 0.00009767888690 0.00000000000000 0.00031497663556
14.72244488977950 0.00000000000000 0.00008980145355 0.00000000000000 0.00028550901049
14.76152304609213 0.00000000000000 0.00008254197085 0.00000000000000 0.00025877064218
14.80060120240475 0.00000000000000 0.00007585384723 0.00000000000000 0.00023451188335
14.83967935871738 0.00000000000000 0.00006969379615 0.00000000000000 0.00021250556596
14.87875751503000 0.00000000000000 0.00006402162517 0.00000000000000 0.00019254501767
14.91783567134263 0.00000000000000 0.00005880003566 0.00000000000000 0.00017444224865
14.95691382765525 0.00000000000000 0.00005399443306 0.00000000000000 0.00015802629472
14.99599198396788 0.00000000000000 0.00004957274741 0.00000000000000 0.00014314170373
15.03507014028050 0.00000000000000 0.00004550526381 0.00000000000000 0.00012964715334
15.07414829659313 0.00000000000000 0.00004176446261 0.00000000000000 0.00011741418901
15.11322645290575 0.00000000000000 0.00003832486892 0.00000000000000 0.00010632607221
15.15230460921838 0.00000000000000 0.00003516291103 0.00000000000000 0.00009627672943
15.19138276553100 0.00000000000000 0.00003225678753 0.00000000000000 0.00008716979350
15.23046092184363 0.00000000000000 0.00002958634261 0.00000000000000 0.00007891772922
15.26953907815625 0.00000000000000 0.00002713294918 0.00000000000000 0.00007144103627
15.30861723446888 0.00000000000000 0.00002487939947 0.00000000000000 0.00006466752258
15.34769539078150 0.00000000000000 0.00002280980275 0.00000000000000 0.00005853164220
15.38677354709413 0.00000000000000 0.00002090948972 0.00000000000000 0.00005297389206
15.42585170340675 0.00000000000000 0.00001916492325 0.00000000000000 0.00004794026246
15.46492985971938 0.00000000000000 0.00001756361515 0.00000000000000 0.00004338173668
15.50400801603200 0.00000000000000 0.00001609404860 0.00000000000000 0.00003925383545
15.54308617234463 0.00000000000000 0.00001474560586 0.00000000000000 0.00003551620219
15.58216432865725 0.00000000000000 0.00001350850100 0.00000000000000 0.00003213222564
15.62124248496988 0.00000000000000 0.00001237371740 0.00000000000000 0.00002906869648
15.66032064128250 0.00000000000000 0.00001133294958 0.00000000000000 0.00002629549489
15.69939879759513 0.00000000000000 0.00001037854917 0.00000000000000 0.00002378530647
15.73847695390775 0.00000000000000 0.00000950347483 0.00000000000000 0.00002151336385
15.77755511022038 0.00000000000000 0.00000870124570 0.00000000000000 0.00001945721177
15.81663326653300 0.00000000000000 0.00000796589826 0.00000000000000 0.00001759649355
15.85571142284563 0.00000000000000 0.00000729194638 0.00000000000000 0.00001591275698
15.89478957915825 0.00000000000000 0.00000667434426 0.00000000000000 0.00001438927799
15.93386773547088 0.00000000000000 0.00000610845214 0.00000000000000 0.00001301090039
15.97294589178350 0.00000000000000 0.00000559000459 0.00000000000000 0.00001176389032
16.01202404809613 0.00000000000000 0.00000511508110 0.00000000000000 0.00001063580398
16.05110220440876 0.00000000000000 0.00000468007900 0.00000000000000 0.00000961536766
16.09018036072138 0.00000000000000 0.00000428168828 0.00000000000000 0.00000869236862
16.12925851703401 0.00000000000000 0.00000391686850 0.00000000000000 0.00000785755617
16.16833667334664 0.00000000000000 0.00000358282730 0.00000000000000 0.00000710255184
16.20741482965926 0.00000000000000 0.00000327700066 0.00000000000000 0.00000641976777
16.24649298597189 0.00000000000000 0.00000299703466 0.00000000000000 0.00000580233279
16.28557114228452 0.00000000000000 0.00000274076863 0.00000000000000 0.00000524402523
16.32464929859714 0.00000000000000 0.00000250621962 0.00000000000000 0.00000473921199
16.36372745490977 0.00000000000000 0.00000229156808 0.00000000000000 0.00000428279336
16.40280561122240 0.00000000000000 0.00000209514471 0.00000000000000 0.00000387015283
16.44188376753502 0.00000000000000 0.00000191541823 0.00000000000000 0.00000349711164
16.48096192384765 0.00000000000000 0.00000175098422 0.00000000000000 0.00000315988763
16.52004008016028 0.00000000000000 0.00000160055480 0.00000000000000 0.00000285505779
16.55911823647291 0.00000000000000 0.00000146294911 0.00000000000000 0.00000257952445
16.59819639278553 0.00000000000000 0.00000133708461 0.00000000000000 0.00000233048452
16.63727454909816 0.00000000000000 0.00000122196900 0.00000000000000 0.00000210540169
16.67635270541079 0.00000000000000 0.00000111669281 0.00000000000000 0.00000190198120
16.71543086172341 0.00000000000000 0.00000102042262 0.00000000000000 0.00000171814696
16.75450901803604 0.00000000000000 0.00000093239481 0.00000000000000 0.00000155202085
16.79358717434867 0.00000000000000 0.00000085190976 0.00000000000000 0.00000140190398
16.83266533066129 0.00000000000000 0.00000077832659 0.00000000000000 0.00000126625965
16.87174348697392 0.00000000000000 0.00000071105830 0.00000000000000 0.00000114369797
16.91082164328655 0.00000000000000 0.00000064956728 0.00000000000000 0.00000103296192
16.94989979959917 0.00000000000000 0.00000059336125 0.00000000000000 0.00000093291472
16.98897795591180 0.00000000000000 0.00000054198944 0.00000000000000 0.00000084252838
17.02805611222443 0.00000000000000 0.00000049503917 0.00000000000000 0.00000076087334
17.06713426853705 0.00000000000000 0.00000045213265 0.00000000000000 0.00000068710910
17.10621242484968 0.00000000000000 0.00000041292409 0.00000000000000 0.00000062047576
17.14529058116231 0.00000000000000 0.00000037709698 0.00000000000000 0.00000056028627
17.18436873747493 0.00000000000000 0.00000034436169 0.00000000000000 0.00000050591952
17.22344689378756 0.00000000000000 0.00000031445317 0.00000000000000 0.00000045681405
17.26252505010019 0.00000000000000 0.00000028712891 0.00000000000000 0.00000041246230
17.30160320641281 0.00000000000000 0.00000026216702 0.00000000000000 0.00000037240553
17.34068136272544 0.00000000000000 0.00000023936454 0.00000000000000 0.00000033622907
17.37975951903807 0.00000000000000 0.00000021853579 0.00000000000000 0.00000030355816
17.41883767535069 0.00000000000000 0.00000019951095 0.00000000000000 0.00000027405411
17.45791583166332 0.00000000000000 0.00000018213469 0.00000000000000 0.00000024741082
17.49699398797595 0.00000000000000 0.00000016626496 0.00000000000000 0.00000022335170
17.53607214428857 0.00000000000000 0.00000015177187 0.00000000000000 0.00000020162679
17.57515030060120 0.00000000000000 0.00000013853666 0.00000000000000 0.00000018201024
17.61422845691383 0.00000000000000 0.00000012645072 0.00000000000000 0.00000016429799
17.65330661322646 0.00000000000000 0.00000011541478 0.00000000000000 0.00000014830565
17.69238476953908 0.00000000000000 0.00000010533809 0.00000000000000 0.00000013386664
17.73146292585171 0.00000000000000 0.00000009613767 0.00000000000000 0.00000012083048
17.77054108216434 0.00000000000000 0.00000008773771 0.00000000000000 0.00000010906119
17.80961923847696 0.00000000000000 0.00000008006888 0.00000000000000 0.00000009843596
17.84869739478959 0.00000000000000 0.00000007306785 0.00000000000000 0.00000008884384
17.88777555110222 0.00000000000000 0.00000006667673 0.00000000000000 0.00000008018461
17.92685370741484 0.00000000000000 0.00000006084263 0.00000000000000 0.00000007236776
17.96593186372747 0.00000000000000 0.00000005551720 0.00000000000000 0.00000006531151
18.00501002004010 0.00000000000000 0.00000005065630 0.00000000000000 0.00000005894202
18.04408817635272 0.00000000000000 0.00000004621956 0.00000000000000 0.00000005319260
18.08316633266535 0.00000000000000 0.00000004217014 0.00000000000000 0.00000004800301
18.12224448897798 0.00000000000000 0.00000003847434 0.00000000000000 0.00000004331884
18.16132264529060 0.00000000000000 0.00000003510142 0.00000000000000 0.00000003909099
18.20040080160323 0.00000000000000 0.00000003202327 0.00000000000000 0.00000003527507
18.23947895791586 0.00000000000000 0.00000002921423 0.00000000000000 0.00000003183105
18.27855711422848 0.00000000000000 0.00000002665086 0.00000000000000 0.00000002872273
18.31763527054111 0.00000000000000 0.00000002431175 0.00000000000000 0.00000002591746
18.35671342685374 0.00000000000000 0.00000002217736 0.00000000000000 0.00000002338575
18.39579158316636 0.00000000000000 0.00000002022982 0.00000000000000 0.00000002110097
18.43486973947899 0.00000000000000 0.00000001845283 0.00000000000000 0.00000001903908
18.47394789579162 0.00000000000000 0.00000001683152 0.00000000000000 0.00000001717837
18.51302605210424 0.00000000000000 0.00000001535228 0.00000000000000 0.00000001549925
18.55210420841687 0.00000000000000 0.00000001400270 0.00000000000000 0.00000001398403
18.59118236472950 0.00000000000000 0.00000001277147 0.00000000000000 0.00000001261673
18.63026052104212 0.00000000000000 0.00000001164822 0.00000000000000 0.00000001138293
18.66933867735475 0.00000000000000 0.00000001062352 0.00000000000000 0.00000001026963
18.70841683366738 0.00000000000000 0.00000000968875 0.00000000000000 0.00000000926508
18.74749498998001 0.00000000000000 0.00000000883603 0.00000000000000 0.00000000835865
18.78657314629263 0.00000000000000 0.00000000805819 0.00000000000000 0.00000000754080
18.82565130260526 0.00000000000000 0.00000000734867 0.00000000000000 0.00000000680287
18.86472945891789 0.00000000000000 0.00000000670148 0.00000000000000 0.00000000613706
18.90380761523051 0.00000000000000 0.00000000611117 0.00000000000000 0.00000000553634
18.94288577154314 0.00000000000000 0.00000000557274 0.00000000000000 0.00000000499435
18.98196392785577 0.00000000000000 0.00000000508166 0.00000000000000 0.00000000450536
19.02104208416839 0.00000000000000 0.00000000463376 0.00000000000000 0.00000000406419
19.06012024048102 0.00000000000000 0.00000000422526 0.00000000000000 0.00000000366617
19.09919839679365 0.00000000000000 0.00000000385270 0.00000000000000 0.00000000330709
19.13827655310627 0.00000000000000 0.00000000351293 0.00000000000000 0.00000000298314
19.17735470941890 0.00000000000000 0.00000000320306 0.00000000000000 0.00000000269090
19.21643286573153 0.00000000000000 0.00000000292048 0.00000000000000 0.00000000242725
19.25551102204415 0.00000000000000 0.00000000266278 0.00000000000000 0.00000000218941
19.29458917835678 0.00000000000000 0.00000000242778 0.00000000000000 0.00000000197485
19.33366733466941 0.00000000000000 0.00000000221348 0.00000000000000 0.00000000178129
19.37274549098203 0.00000000000000 0.00000000201807 0.00000000000000 0.00000000160669
19.41182364729466 0.00000000000000 0.00000000183987 0.00000000000000 0.00000000144919
19.45090180360729 0.00000000000000 0.00000000167739 0.00000000000000 0.00000000130711
19.48997995991991 0.00000000000000 0.00000000152923 0.00000000000000 0.00000000117895
19.52905811623254 0.00000000000000 0.00000000139414 0.00000000000000 0.00000000106334
19.56813627254517 0.00000000000000 0.00000000127096 0.00000000000000 0.00000000095906
19.60721442885779 0.00000000000000 0.00000000115865 0.00000000000000 0.00000000086500
19.64629258517042 0.00000000000000 0.00000000105625 0.00000000000000 0.00000000078016
19.68537074148305 0.00000000000000 0.00000000096289 0.00000000000000 0.00000000070363
19.72444889779567 0.00000000000000 0.00000000087776 0.00000000000000 0.00000000063460
19.76352705410830 0.00000000000000 0.00000000080016 0.00000000000000 0.00000000057234
19.80260521042093 0.00000000000000 0.00000000072940 0.00000000000000 0.00000000051618
19.84168336673356 0.00000000000000 0.00000000066489 0.00000000000000 0.00000000046553
19.88076152304618 0.00000000000000 0.00000000060608 0.00000000000000 0.00000000041984
19.91983967935881 0.00000000000000 0.00000000055246 0.00000000000000 0.00000000037864
19.95891783567144 0.00000000000000 0.00000000050358 0.00000000000000 0.00000000034147
19.99799599198406 0.00000000000000 0.00000000045902 0.00000000000000 0.00000000030795
20.03707414829669 0.00000000000000 0.00000000041840 0.00000000000000 0.00000000027772
20.07615230460932 0.00000000000000 0.00000000038137 0.00000000000000 0.00000000025046
20.11523046092194 0.00000000000000 0.00000000034761 0.00000000000000 0.00000000022587
20.15430861723457 0.00000000000000 0.00000000031684 0.00000000000000 0.00000000020369
20.19338677354720 0.00000000000000 0.00000000028879 0.00000000000000 0.00000000018369
20.23246492985982 0.00000000000000 0.00000000026322 0.00000000000000 0.00000000016565
20.27154308617245 0.00000000000000 0.00000000023991 0.00000000000000 0.00000000014938
20.31062124248508 0.00000000000000 0.00000000021866 0.00000000000000 0.00000000013471
20.34969939879770 0.00000000000000 0.00000000019929 0.00000000000000 0.00000000012148
20.38877755511033 0.00000000000000 0.00000000018164 0.00000000000000 0.00000000010955
20.42785571142296 0.00000000000000 0.00000000016555 0.00000000000000 0.00000000009878
20.46693386773558 0.00000000000000 0.00000000015088 0.00000000000000 0.00000000008908
20.50601202404821 0.00000000000000 0.00000000013751 0.00000000000000 0.00000000008033
20.54509018036084 0.00000000000000 0.00000000012532 0.00000000000000 0.00000000007244
20.58416833667346 0.00000000000000 0.00000000011422 0.00000000000000 0.00000000006532
20.62324649298609 0.00000000000000 0.00000000010409 0.00000000000000 0.00000000005890
20.66232464929872 0.00000000000000 0.00000000009486 0.00000000000000 0.00000000005311
20.70140280561134 0.00000000000000 0.00000000008646 0.00000000000000 0.00000000004789
20.74048096192397 0.00000000000000 0.00000000007879 0.00000000000000 0.00000000004319
20.77955911823660 0.00000000000000 0.00000000007180 0.00000000000000 0.00000000003894
20.81863727454922 0.00000000000000 0.00000000006544 0.00000000000000 0.00000000003511
20.85771543086185 0.00000000000000 0.00000000005963 0.00000000000000 0.00000000003166
20.89679358717448 0.00000000000000 0.00000000005435 0.00000000000000 0.00000000002855
20.93587174348711 0.00000000000000 0.00000000004952 0.00000000000000 0.00000000002574
20.97494989979973 0.00000000000000 0.00000000004513 0.00000000000000 0.00000000002321
21.01402805611236 0.00000000000000 0.00000000004113 0.00000000000000 0.00000000002093
21.05310621242499 0.00000000000000 0.00000000003748 0.00000000000000 0.00000000001887
21.09218436873761 0.00000000000000 0.00000000003415 0.00000000000000 0.00000000001702
21.13126252505024 0.00000000000000 0.00000000003112 0.00000000000000 0.00000000001534
21.17034068136287 0.00000000000000 0.00000000002836 0.00000000000000 0.00000000001383
21.20941883767549 0.00000000000000 0.00000000002585 0.00000000000000 0.00000000001247
21.24849699398812 0.00000000000000 0.00000000002355 0.00000000000000 0.00000000001125
21.28757515030075 0.00000000000000 0.00000000002146 0.00000000000000 0.00000000001014
21.32665330661337 0.00000000000000 0.00000000001956 0.00000000000000 0.00000000000914
21.36573146292600 0.00000000000000 0.00000000001782 0.00000000000000 0.00000000000824
21.40480961923863 0.00000000000000 0.00000000001624 0.00000000000000 0.00000000000743
21.44388777555125 0.00000000000000 0.00000000001480 0.00000000000000 0.00000000000670
21.48296593186388 0.00000000000000 0.00000000001348 0.00000000000000 0.00000000000604
21.52204408817651 0.00000000000000 0.00000000001229 0.00000000000000 0.00000000000545
21.56112224448913 0.00000000000000 0.00000000001120 0.00000000000000 0.00000000000491
21.60020040080176 0.00000000000000 0.00000000001020 0.00000000000000 0.00000000000443
21.63927855711439 0.00000000000000 0.00000000000930 0.00000000000000 0.00000000000399
21.67835671342701 0.00000000000000 0.00000000000847 0.00000000000000 0.00000000000360
21.71743486973964 0.00000000000000 0.00000000000772 0.00000000000000 0.00000000000325
21.75651302605227 0.00000000000000 0.00000000000703 0.00000000000000 0.00000000000293
21.79559118236489 0.00000000000000 0.00000000000641 0.00000000000000 0.00000000000264
21.83466933867752 0.00000000000000 0.00000000000584 0.00000000000000 0.00000000000238
21.87374749499015 0.00000000000000 0.00000000000532 0.00000000000000 0.00000000000215
21.91282565130278 0.00000000000000 0.00000000000485 0.00000000000000 0.00000000000193
21.95190380761540 0.00000000000000 0.00000000000442 0.00000000000000 0.00000000000174
21.99098196392803 0.00000000000000 0.00000000000402 0.00000000000000 0.00000000000157
22.03006012024066 0.00000000000000 0.00000000000367 0.00000000000000 0.00000000000142
22.06913827655328 0.00000000000000 0.00000000000334 0.00000000000000 0.00000000000128
22.10821643286591 0.00000000000000 0.00000000000304 0.00000000000000 0.00000000000115
22.14729458917854 0.00000000000000 0.00000000000277 0.00000000000000 0.00000000000104
22.18637274549116 0.00000000000000 0.00000000000253 0.00000000000000 0.00000000000094
22.22545090180379 0.00000000000000 0.00000000000230 0.00000000000000 0.00000000000084
22.26452905811642 0.00000000000000 0.00000000000210 0.00000000000000 0.00000000000076
22.30360721442904 0.00000000000000 0.00000000000191 0.00000000000000 0.00000000000069
22.34268537074167 0.00000000000000 0.00000000000174 0.00000000000000 0.00000000000062
22.38176352705430 0.00000000000000 0.00000000000159 0.00000000000000 0.00000000000056
22.42084168336692 0.00000000000000 0.00000000000145 0.00000000000000 0.00000000000050
22.45991983967955 0.00000000000000 0.00000000000132 0.00000000000000 0.00000000000045
22.49899799599218 0.00000000000000 0.00000000000120 0.00000000000000 0.00000000000041
22.53807615230480 0.00000000000000 0.00000000000109 0.00000000000000 0.00000000000037
22.57715430861743 0.00000000000000 0.00000000000100 0.00000000000000 0.00000000000033
22.61623246493006 0.00000000000000 0.00000000000091 0.00000000000000 0.00000000000030
22.65531062124268 0.00000000000000 0.00000000000083 0.00000000000000 0.00000000000027
22.69438877755531 0.00000000000000 0.00000000000075 0.00000000000000 0.00000000000024
22.73346693386794 0.00000000000000 0.00000000000069 0.00000000000000 0.00000000000022
22.77254509018056 0.00000000000000 0.00000000000063 0.00000000000000 0.00000000000020
22.81162324649319 0.00000000000000 0.00000000000057 0.00000000000000 0.00000000000018
22.85070140280582 0.00000000000000 0.00000000000052 0.00000000000000 0.00000000000016
22.88977955911844 0.00000000000000 0.00000000000047 0.00000000000000 0.00000000000015
22.92885771543107 0.00000000000000 0.00000000000043 0.00000000000000 0.00000000000013
22.96793587174370 0.00000000000000 0.00000000000039 0.00000000000000 0.00000000000012
23.00701402805633 0.00000000000000 0.00000000000036 0.00000000000000 0.00000000000011
23.04609218436895 0.00000000000000 0.00000000000033 0.00000000000000 0.00000000000010
23.08517034068158 0.00000000000000 0.00000000000030 0.00000000000000 0.00000000000009
23.12424849699421 0.00000000000000 0.00000000000027 0.00000000000000 0.00000000000008
23.16332665330683 0.00000000000000 0.00000000000025 0.00000000000000 0.00000000000007
23.20240480961946 0.00000000000000 0.00000000000022 0.00000000000000 0.00000000000006
23.24148296593209 0.00000000000000 0.00000000000020 0.00000000000000 0.00000000000006
23.28056112224471 0.00000000000000 0.00000000000019 0.00000000000000 0.00000000000005
23.31963927855734 0.00000000000000 0.00000000000017 0.00000000000000 0.00000000000005
23.35871743486997 0.00000000000000 0.00000000000015 0.00000000000000 0.00000000000004
23.39779559118259 0.00000000000000 0.00000000000014 0.00000000000000 0.00000000000004
23.43687374749522 0.00000000000000 0.00000000000013 0.00000000000000 0.00000000000003
23.47595190380785 0.00000000000000 0.00000000000012 0.00000000000000 0.00000000000003
23.51503006012047 0.00000000000000 0.00000000000011 0.00000000000000 0.00000000000003
23.55410821643310 0.00000000000000 0.00000000000010 0.00000000000000 0.00000000000002
23.59318637274573 0.00000000000000 0.00000000000009 0.00000000000000 0.00000000000002
23.63226452905835 0.00000000000000 0.00000000000008 0.00000000000000 0.00000000000002
23.67134268537098 0.00000000000000 0.00000000000007 0.00000000000000 0.00000000000002
23.71042084168361 0.00000000000000 0.00000000000007 0.00000000000000 0.00000000000002
23.74949899799623 0.00000000000000 0.00000000000006 0.00000000000000 0.00000000000001
23.78857715430886 0.00000000000000 0.00000000000006 0.00000000000000 0.00000000000001
23.82765531062149 0.00000000000000 0.00000000000005 0.00000000000000 0.00000000000001
23.86673346693411 0.00000000000000 0.00000000000005 0.00000000000000 0.00000000000001
23.90581162324674 0.00000000000000 0.00000000000004 0.00000000000000 0.00000000000001
23.94488977955937 0.00000000000000 0.00000000000004 0.00000000000000 0.00000000000001
23.98396793587199 0.00000000000000 0.00000000000003 0.00000000000000 0.00000000000001
24.02304609218462 0.00000000000000 0.00000000000003 0.00000000000000 0.00000000000001
24.06212424849725 0.00000000000000 0.00000000000003 0.00000000000000 0.00000000000001
24.10120240480988 0.00000000000000 0.00000000000003 0.00000000000000 0.00000000000001
24.14028056112250 0.00000000000000 0.00000000000002 0.00000000000000 0.00000000000001
24.17935871743513 0.00000000000000 0.00000000000002 0.00000000000000 0.00000000000000
24.21843687374776 0.00000000000000 0.00000000000002 0.00000000000000 0.00000000000000
24.25751503006038 0.00000000000000 0.00000000000002 0.00000000000000 0.00000000000000
24.29659318637301 0.00000000000000 0.00000000000002 0.00000000000000 0.00000000000000
24.33567134268564 0.00000000000000 0.00000000000001 0.00000000000000 0.00000000000000
24.37474949899826 0.00000000000000 0.00000000000001 0.00000000000000 0.00000000000000
24.41382765531089 0.00000000000000 0.00000000000001 0.00000000000000 0.00000000000000
24.45290581162352 0.00000000000000 0.00000000000001 0.00000000000000 0.00000000000000
24.49198396793614 0.00000000000000 0.00000000000001 0.00000000000000 0.00000000000000
24.53106212424877 0.00000000000000 0.00000000000001 0.00000000000000 0.00000000000000
24.57014028056140 0.00000000000000 0.00000000000001 0.00000000000000 0.00000000000000
24.60921843687402 0.00000000000000 0.00000000000001 0.00000000000000 0.00000000000000
24.64829659318665 0.00000000000000 0.00000000000001 0.00000000000000 0.00000000000000
24.68737474949928 0.00000000000000 0.00000000000001 0.00000000000000 0.00000000000000
24.72645290581190 0.00000000000000 0.00000000000000 0.00000000000000 0.00000000000000
24.76553106212453 0.00000000000000 0.00000000000000 0.00000000000000 0.00000000000000
24.80460921843716 0.00000000000000 0.00000000000000 0.00000000000000 0.00000000000000
24.84368737474978 0.00000000000000 0.00000000000000 0.00000000000000 0.00000000000000
24.88276553106241 0.00000000000000 0.00000000000000 0.00000000000000 0.00000000000000
24.92184368737504 0.00000000000000 0.00000000000000 0.00000000000000 0.00000000000000
24.96092184368766 0.00000000000000 0.00000000000000 0.00000000000000 0.00000000000000
25.00000000000029 0.00000000000000 0.00000000000000 0.00000000000000 0.00000000000000
