5.50000000000000 0.00000000000000 0.00000000000000 0.00000000000000 0.00000000000000
5.53907815631263 0.00012321451787 0.00000000000000 -0.00007763973282 0.00000000000000
5.57815631262525 0.00031081639280 0.00000000000000 -0.00019588620974 0.00000000000000
5.61723446893788 0.00064510845109 0.00000000000000 -0.00040663892337 0.00000000000000
5.65631262525050 0.00125215630725 0.00000000000000 -0.00078941352386 0.00000000000000
5.69539078156313 0.00233162219382 0.00000000000000 -0.00147016680707 0.00000000000000
5.73446893787575 0.00419319913880 0.00000000000000 -0.00264428757721 0.00000000000000
5.77354709418838 0.00730036177315 0.00000000000000 -0.00460420398409 0.00000000000000
5.81262525050100 0.01231928373231 0.00000000000000 -0.00777024498611 0.00000000000000
5.85170340681363 0.02016750370681 0.00000000000000 -0.01272132864551 0.00000000000000
5.89078156312625 0.03205328721774 0.00000000000000 -0.02021975330811 0.00000000000000
5.92985971943888 0.04949313817267 0.00000000000000 -0.03122216211421 0.00000000000000
5.96893787575150 0.07429242784246 0.00000000000000 -0.04686718430686 0.00000000000000
6.00801603206413 0.10847368993409 0.00000000000000 -0.06842999981684 0.00000000000000
6.04709418837675 0.15413979345395 0.00000000000000 -0.09723576804931 0.00000000000000
6.08617234468938 0.21326561135493 0.00000000000000 -0.13452792466098 0.00000000000000
6.12525050100200 0.28742195292731 0.00000000000000 -0.18129377907600 0.00000000000000
6.16432865731463 0.37744854203391 0.00000000000000 -0.23805808048250 0.00000000000000
6.20340681362725 0.48310689993708 0.00000000000000 -0.30466411709122 0.00000000000000
6.24248496993988 0.60275659703064 0.00000000000000 -0.38006986601042 0.00000000000000
6.28156312625250 0.73310662823586 0.00000000000000 -0.46219191818868 0.00000000000000
6.32064128256513 0.86909507185689 0.00000000000000 -0.54783074002962 0.00000000000000
6.35971943887775 1.00394002101499 0.00000000000000 -0.63270434673181 0.00000000000000
6.39879759519038 1.12935997149120 0.00000000000000 -0.71158913301963 0.00000000000000
6.43787575150300 1.23596172041546 0.00000000000000 -0.77856644828925 0.00000000000000
6.47695390781563 1.31388171417135 0.00000000000000 -0.82742877785832 0.00000000000000
6.51603206412825 1.35360457675047 0.00000000000000 -0.85219706539246 0.00000000000000
6.55511022044088 1.34688397499711 0.00000000000000 -0.84770160134193 0.00000000000000
6.59418837675350 1.28767507766719 0.00000000000000 -0.81016893273784 0.00000000000000
6.63326653306613 1.17297532407657 0.00000000000000 -0.73774946794285 0.00000000000000
6.67234468937875 1.00347013391178 0.00000000000000 -0.63092058438912 0.00000000000000
6.71142284569138 0.78389373664635 0.00000000000000 -0.49270881749631 0.00000000000000
6.75050100200400 0.52304138194880 0.00000000000000 -0.32869139363958 0.00000000000000
6.78957915831663 0.23340480627123 0.00000000000000 -0.14676003840291 0.00000000000000
6.82865731462925 -0.06955648845937 0.00000000000000 0.04334420611484 0.00000000000000
6.86773547094188 -0.36845507355043 0.00000000000000 0.23069081140187 0.00000000000000
6.90681362725450 -0.64523834148895 0.00000000000000 0.40395778165795 0.00000000000000
6.94589178356713 -0.88256097444382 0.00000000000000 0.55229592709651 0.00000000000000
6.98496993987975 -1.06514385170414 0.00000000000000 0.66618227260066 0.00000000000000
7.02404809619238 -1.18099103330229 0.00000000000000 0.73818098636911 0.00000000000000
7.06312625250500 -1.22235042468289 0.00000000000000 0.76353889834885 0.00000000000000
7.10220440881763 -1.18633488635198 0.00000000000000 0.74056447251778 0.00000000000000
7.14128256513025 -1.07515470250810 0.00000000000000 0.67076012037682 0.00000000000000
7.18036072144288 -0.89595018716764 0.00000000000000 0.55870180975005 0.00000000000000
7.21943887775550 -0.66025021569823 0.00000000000000 0.41168340262518 0.00000000000000
7.25851703406813 -0.38311467310806 0.00000000000000 0.23916344269338 0.00000000000000
7.29759519038075 -0.08204325882475 0.00000000000000 0.05206739850168 0.00000000000000
7.33667334669338 0.22425201277477 0.00000000000000 -0.13799245573394 0.00000000000000
7.37575150300600 0.51710849740909 0.00000000000000 -0.31951460318399 0.00000000000000
7.41482965931863 0.77911145304698 0.00000000000000 -0.48186168789080 0.00000000000000
7.45390781563125 0.99514494185006 0.00000000000000 -0.61591655477862 0.00000000000000
7.49298597194388 1.15322945884187 0.00000000000000 -0.71459984793055 0.00000000000000
7.53206412825650 1.24510303056952 0.00000000000000 -0.77322239384210 0.00000000000000
7.57114228456913 1.26652603087818 0.00000000000000 -0.78966053662283 0.00000000000000
7.61022044088175 1.21731238524199 0.00000000000000 -0.76435678492547 0.00000000000000
7.64929859719438 1.10110940247126 0.00000000000000 -0.70016046751422 0.00000000000000
7.68837675350700 0.92496393097563 0.00000000000000 -0.60203280566794 0.00000000000000
7.72745490981963 0.69872319174643 0.00000000000000 -0.47664748025573 0.00000000000000
7.76653306613225 0.43432432516054 0.00000000000000 -0.33192131466811 0.00000000000000
7.80561122244488 0.14502768797644 0.00000000000000 -0.17651030619065 0.00000000000000
7.84468937875750 -0.15535411985276 0.00000000000000 -0.01930432185937 0.00000000000000
7.88376753507013 -0.45318577481784 0.00000000000000 0.13105013162304 0.00000000000000
7.92284569138275 -0.73566005916293 0.00000000000000 0.26657495121967 0.00000000000000
7.96192384769538 -0.99134250482172 0.00000000000000 0.38031527074103 0.00000000000000
8.00100200400800 -1.21059245197999 0.00000000000000 0.46661239473560 0.00000000000000
8.04008016032063 -1.38585280343806 0.00000000000000 0.52128926009165 0.00000000000000
8.07915831663325 -1.51180942603210 0.00000000000000 0.54174839046092 0.00000000000000
8.11823647294588 -1.58542839598943 0.00000000000000 0.52698701765943 0.00000000000000
8.15731462925850 -1.60588487236336 0.00000000000000 0.47753777740816 0.00000000000000
8.19639278557113 -1.57440123916954 0.00000000000000 0.39534608967705 0.00000000000000
8.23547094188375 -1.49401434430559 0.00000000000000 0.28359702799771 0.00000000000000
8.27454909819638 -1.36929234580978 0.00000000000000 0.14650524675296 0.00000000000000
8.31362725450900 -1.20602108678383 0.00000000000000 -0.01091851014331 0.00000000000000
8.35270541082163 -1.01087833078539 0.00000000000000 -0.18311150885899 0.00000000000000
8.39178356713425 -0.79111188209757 0.00000000000000 -0.36420215148664 0.00000000000000
8.43086172344688 -0.55423486146525 0.00000000000000 -0.54824213861696 0.00000000000000
8.46993987975950 -0.30774845193671 0.00000000000000 -0.72941949490990 0.00000000000000
8.50901803607213 -0.05889947788234 0.00000000000000 -0.90224619718863 0.00000000000000
8.54809619238475 0.18552260364390 0.00000000000000 -1.06171604839445 0.00000000000000
8.58717434869738 0.41934721741173 0.00000000000000 -1.20343024850184 0.00000000000000
8.62625250501000 0.63714274277169 0.00000000000000 -1.32368975904908 0.00000000000000
8.66533066132263 0.83429692892477 0.00000000000000 -1.41955499466987 0.00000000000000
8.70440881763525 1.00706075898849 0.00000000000000 -1.48887457416655 0.00000000000000
8.74348697394788 1.15255979849504 0.00000000000000 -1.53028581224974 0.00000000000000
8.78256513026050 1.26877763581501 0.00000000000000 -1.54319033144620 0.00000000000000
8.82164328657313 1.35451628320607 0.00000000000000 -1.52770863307347 0.00000000000000
8.86072144288575 1.40933841072903 0.00000000000000 -1.48461770621520 0.00000000000000
8.89979959919838 1.43349608572559 0.00000000000000 -1.41527579994181 0.00000000000000
8.93887775551100 1.42785034055467 0.00000000000000 -1.32153836608245 0.00000000000000
8.97795591182363 1.39378543902452 0.00000000000000 -1.20566892902700 0.00000000000000
9.01703406813625 1.33312119957343 0.00000000000000 -1.07024828688254 0.00000000000000
9.05611222444888 1.24802619599508 0.00000000000000 -0.91808502520516 0.00000000000000
9.09519038076150 1.14093412255133 0.00000000000000 -0.75212985856822 0.00000000000000
9.13426853707413 1.01446510102594 0.00000000000000 -0.57539583142839 0.00000000000000
9.17334669338675 0.87135323779681 0.00000000000000 -0.39088592952472 0.00000000000000
9.21242484969938 0.71438131906858 0.00000000000000 -0.20152919393839 0.00000000000000
9.25150300601200 0.54632316721221 0.00000000000000 -0.01012600557571 0.00000000000000
9.29058116232463 0.36989387227644 0.00000000000000 0.18069717194410 0.00000000000000
9.32965931863725 0.18770785897630 0.00000000000000 0.36852363187954 0.00000000000000
9.36873747494988 0.00224454764062 0.00000000000000 0.55117316206050 0.00000000000000
9.40781563126250 -0.18417878679641 0.00000000000000 0.72672021639936 0.00000000000000
9.44689378757513 -0.36942746592540 0.00000000000000 0.89350422303923 0.00000000000000
9.48597194388775 -0.55156375300032 0.00000000000000 1.05013284946264 0.00000000000000
9.52505010020038 -0.72885572077693 0.00000000000000 1.19547911741305 0.00000000000000
9.56412825651300 -0.89978129000663 0.00000000000000 1.32867329348494 0.00000000000000
9.60320641282563 -1.06302808524067 0.00000000000000 1.44909048060724 0.00000000000000
9.64228456913825 -1.21748973721381 0.00000000000000 1.55633480739103 0.00000000000000
9.68136272545088 -1.36225923154555 0.00000000000000 1.65022106230958 0.00000000000000
9.72044088176350 -1.49661986521041 0.00000000000000 1.73075455345999 0.00000000000000
9.75951903807613 -1.62003432804781 0.00000000000000 1.79810989726852 0.00000000000000
9.79859719438875 -1.73213237887328 0.00000000000000 1.85260935541341 0.00000000000000
9.83767535070138 -1.83269753643525 0.00000000000000 1.89470125228483 0.00000000000000
9.87675350701400 -1.92165315606041 0.00000000000000 1.92493891867218 0.00000000000000
9.91583166332663 -1.99904821452543 0.00000000000000 1.94396052362118 0.00000000000000
9.95490981963925 -2.06504307937270 0.00000000000000 1.95247007750040 0.00000000000000
9.99398797595188 -2.11989549519419 0.00000000000000 1.95121981667980 0.00000000000000
10.03306613226450 -2.16394697877992 0.00000000000000 1.94099411479058 0.00000000000000
10.07214428857713 -2.19760977773920 0.00000000000000 1.92259500783167 0.00000000000000
10.11122244488975 -2.22135451339194 0.00000000000000 1.89682937059311 0.00000000000000
10.15030060120238 -2.23569859842998 0.00000000000000 1.86449773987935 0.00000000000000
10.18937875751500 -2.24119549301373 0.00000000000000 1.82638474551797 0.00000000000000
10.22845691382763 -2.23842483948793 0.00000000000000 1.78325108265263 0.00000000000000
10.26753507014025 -2.22798349561386 0.00000000000000 1.73582693775046 0.00000000000000
10.30661322645288 -2.21047746893300 0.00000000000000 1.68480676544518 0.00000000000000
10.34569138276550 -2.18651474038630 0.00000000000000 1.63084530309226 0.00000000000000
10.38476953907813 -2.15669895338727 0.00000000000000 1.57455470403531 0.00000000000000
10.42384769539075 -2.12162393495424 0.00000000000000 1.51650266839155 0.00000000000000
10.46292585170338 -2.08186900801276 0.00000000000000 1.45721145101562 0.00000000000000
10.50200400801600 -2.03799504835641 0.00000000000000 1.39715762959577 0.00000000000000
10.54108216432863 -1.99054123577884 0.00000000000000 1.33677252103262 0.00000000000000
10.58016032064125 -1.94002244635258 0.00000000000000 1.27644314086395 0.00000000000000
10.61923847695388 -1.88692723152947 0.00000000000000 1.21651360810639 0.00000000000000
10.65831663326650 -1.83171632948884 0.00000000000000 1.15728690612261 0.00000000000000
10.69739478957913 -1.77482165478943 0.00000000000000 1.09902691868483 0.00000000000000
10.73647294589175 -1.71664571373407 0.00000000000000 1.04196066903928 0.00000000000000
10.77555110220438 -1.65756139478820 0.00000000000000 0.98628069827873 0.00000000000000
10.81462925851700 -1.59791208577850 0.00000000000000 0.93214752754085 0.00000000000000
10.85370741482963 -1.53801207232202 0.00000000000000 0.87969215635023 0.00000000000000
10.89278557114225 -1.47814717490032 0.00000000000000 0.82901855672381 0.00000000000000
10.93186372745488 -1.41857558511034 0.00000000000000 0.78020612940637 0.00000000000000
10.97094188376750 -1.35952886482121 0.00000000000000 0.73331209476101 0.00000000000000
11.01002004008013 -1.30121307517933 0.00000000000000 0.68837379639666 0.00000000000000
11.04909819639275 -1.24381000558298 0.00000000000000 0.64541090057303 0.00000000000000
11.08817635270538 -1.18747847584729 0.00000000000000 0.60442747879819 0.00000000000000
11.12725450901800 -1.13235568776891 0.00000000000000 0.56541396485149 0.00000000000000
11.16633266533063 -1.07855860514878 0.00000000000000 0.52834898075519 0.00000000000000
11.20541082164325 -1.02618534402229 0.00000000000000 0.49320102902014 0.00000000000000
11.24448897795588 -0.97531655736532 0.00000000000000 0.45993005084305 0.00000000000000
11.28356713426850 -0.92601680088228 0.00000000000000 0.42848885187643 0.00000000000000
11.32264529058113 -0.87833586863517 0.00000000000000 0.39882439876879 0.00000000000000
11.36172344689375 -0.83231008923975 0.00000000000000 0.37087899092215 0.00000000000000
11.40080160320638 -0.78796357513763 0.00000000000000 0.34459131287533 0.00000000000000
11.43987975951900 -0.74530941905792 0.00000000000000 0.31989737343193 0.00000000000000
11.47895791583163 -0.70435083321350 0.00000000000000 0.29673133814563 0.00000000000000
11.51803607214425 -0.66508222804551 0.00000000000000 0.27502626208420 0.00000000000000
11.55711422845688 -0.62749022844195 0.00000000000000 0.25471472994663 0.00000000000000
11.59619238476950 -0.59155462632490 0.00000000000000 0.23572941063119 0.00000000000000
11.63527054108213 -0.55724926933414 0.00000000000000 0.21800353326955 0.00000000000000
11.67434869739475 -0.52454288604462 0.00000000000000 0.20147129157428 0.00000000000000
11.71342685370738 -0.49339984875161 0.00000000000000 0.18606818311187 0.00000000000000
11.75250501002000 -0.46378087535118 0.00000000000000 0.17173128982816 0.00000000000000
11.79158316633263 -0.43564367224425 0.00000000000000 0.15839950582936 0.00000000000000
11.83066132264525 -0.40894352051070 0.00000000000000 0.14601371807380 0.00000000000000
11.86973947895788 -0.38363380784458 0.00000000000000 0.13451694526520 0.00000000000000
11.90881763527050 -0.35966650892077 0.00000000000000 0.12385443986660 0.00000000000000
11.94789579158313 -0.33699261698631 0.00000000000000 0.11397375778256 0.00000000000000
11.98697394789575 -0.31556252954342 0.00000000000000 0.10482479988976 0.00000000000000
12.02605210420838 -0.29532639102246 0.00000000000000 0.09635982923879 0.00000000000000
12.06513026052100 -0.27623439533855 0.00000000000000 0.08853346740510 0.00000000000000
12.10420841683363 -0.25823705119128 0.00000000000000 0.08130267313749 0.00000000000000
12.14328657314625 -0.24128541290709 0.00000000000000 0.07462670614013 0.00000000000000
12.18236472945888 -0.22533127954443 0.00000000000000 0.06846707853033 0.00000000000000
12.22144288577150 -0.21032736488565 0.00000000000000 0.06278749623930 0.00000000000000
12.26052104208413 -0.19622744083158 0.00000000000000 0.05755379236758 0.00000000000000
12.29959919839675 -0.18298645659666 0.00000000000000 0.05273385427096 0.00000000000000
12.33867735470938 -0.17056063597892 0.00000000000000 0.04829754593525 0.00000000000000
12.37775551102200 -0.15890755485036 0.00000000000000 0.04421662699976 0.00000000000000
12.41683366733463 -0.14798620088364 0.00000000000000 0.04046466960846 0.00000000000000
12.45591182364725 -0.13775701740010 0.00000000000000 0.03701697410362 0.00000000000000
12.49498997995988 -0.12818193309520 0.00000000000000 0.03385048442904 0.00000000000000
12.53406813627250 -0.11922437927027 0.00000000000000 0.03094370397660 0.00000000000000
12.57314629258513 -0.11084929607622 0.00000000000000 0.02827661249149 0.00000000000000
12.61222444889775 -0.10302312915534 0.00000000000000 0.02583058454517 0.00000000000000
12.65130260521038 -0.09571381795280 0.00000000000000 0.02358830999158 0.00000000000000
12.69038076152300 -0.08889077685992 0.00000000000000 0.02153371673936 0.00000000000000
12.72945891783563 -0.08252487024749 0.00000000000000 0.01965189609998 0.00000000000000
12.76853707414825 -0.07658838234913 0.00000000000000 0.01792903090872 0.00000000000000
12.80761523046088 -0.07105498286238 0.00000000000000 0.01635232656002 0.00000000000000
12.84669338677350 -0.06589968904864 0.00000000000000 0.01490994505149 0.00000000000000
12.88577154308613 -0.06109882503220 0.00000000000000 0.01359094209004 0.00000000000000
12.92484969939875 -0.05662997892390 0.00000000000000 0.01238520727910 0.00000000000000
12.96392785571138 -0.05247195832500 0.00000000000000 0.01128340737678 0.00000000000000
13.00300601202400 -0.04860474470311 0.00000000000000 0.01027693259022 0.00000000000000
13.04208416833663 -0.04500944707267 0.00000000000000 0.00935784585155 0.00000000000000
13.08116232464925 -0.04166825535889 0.00000000000000 0.00851883500456 0.00000000000000
13.12024048096188 -0.03856439377412 0.00000000000000 0.00775316781787 0.00000000000000
13.15931863727450 -0.03568207449104 0.00000000000000 0.00705464973062 0.00000000000000
13.19839679358713 -0.03300645185625 0.00000000000000 0.00641758422872 0.00000000000000
13.23747494989975 -0.03052357735074 0.00000000000000 0.00583673574442 0.00000000000000
13.27655310621238 -0.02822035547064 0.00000000000000 0.00530729496810 0.00000000000000
13.31563126252500 -0.02608450067185 0.00000000000000 0.00482484645939 0.00000000000000
13.35470941883763 -0.02410449549523 0.00000000000000 0.00438533844372 0.00000000000000
13.39378757515025 -0.02226954996545 0.00000000000000 0.00398505468079 0.00000000000000
13.43286573146288 -0.02056956233544 0.00000000000000 0.00362058829313 0.00000000000000
13.47194388777550 -0.01899508122957 0.00000000000000 0.00328881744442 0.00000000000000
13.51102204408813 -0.01753726922248 0.00000000000000 0.00298688276035 0.00000000000000
13.55010020040075 -0.01618786787595 0.00000000000000 0.00271216638791 0.00000000000000
13.58917835671338 -0.01493916424392 0.00000000000000 0.00246227259232 0.00000000000000
13.62825651302600 -0.01378395884472 0.00000000000000 0.00223500979495 0.00000000000000
13.66733466933863 -0.01271553509045 0.00000000000000 0.00202837395937 0.00000000000000
13.70641282565125 -0.01172763015560 0.00000000000000 0.00184053323706 0.00000000000000
13.74549098196388 -0.01081440726029 0.00000000000000 0.00166981378827 0.00000000000000
13.78456913827650 -0.00997042933787 0.00000000000000 0.00151468669798 0.00000000000000
13.82364729458913 -0.00919063405238 0.00000000000000 0.00137375591115 0.00000000000000
13.86272545090175 -0.00847031012734 0.00000000000000 0.00124574711546 0.00000000000000
13.90180360721438 -0.00780507494468 0.00000000000000 0.00112949750391 0.00000000000000
13.94088176352700 -0.00719085337046 0.00000000000000 0.00102394635378 0.00000000000000
13.97995991983963 -0.00662385776222 0.00000000000000 0.00092812636210 0.00000000000000
14.01903807615225 -0.00610056911193 0.00000000000000 0.00084115568148 0.00000000000000
14.05811623246488 -0.00561771927783 0.00000000000000 0.00076223060407 0.00000000000000
14.09719438877750 -0.00517227425829 0.00000000000000 0.00069061884442 0.00000000000000
14.13627254509013 -0.00476141846084 0.00000000000000 0.00062565337550 0.00000000000000
14.17535070140275 -0.00438253992009 0.00000000000000 0.00056672677527 0.00000000000000
14.21442885771538 -0.00403321641882 0.00000000000000 0.00051328604391 0.00000000000000
14.25350701402800 -0.00371120246742 0.00000000000000 0.00046482785501 0.00000000000000
14.29258517034063 -0.00341441709790 0.00000000000000 0.00042089420615 0.00000000000000
14.33166332665325 -0.00314093242997 0.00000000000000 0.00038106843714 0.00000000000000
14.37074148296588 -0.00288896296773 0.00000000000000 0.00034497158643 0.00000000000000
14.40981963927850 -0.00265685558714 0.00000000000000 0.00031225905832 0.00000000000000
14.44889779559113 -0.00244308017572 0.00000000000000 0.00028261757562 0.00000000000000
14.48797595190375 -0.00224622088746 0.00000000000000 0.00025576239445 0.00000000000000
14.52705410821638 -0.00206496797740 0.00000000000000 0.00023143475964 0.00000000000000
14.56613226452900 -0.00189811018189 0.00000000000000 0.00020939958065 0.00000000000000
14.60521042084163 -0.00174452761198 0.00000000000000 0.00018944330975 0.00000000000000
14.64428857715425 -0.00160318512898 0.00000000000000 0.00017137200547 0.00000000000000
14.68336673346688 -0.00147312617272 0.00000000000000 0.00015500956577 0.00000000000000
14.72244488977950 -0.00135346701433 0.00000000000000 0.00014019611653 0.00000000000000
14.76152304609213 -0.00124339140704 0.00000000000000 0.00012678654218 0.00000000000000
14.80060120240475 -0.00114214560979 0.00000000000000 0.00011464914635 0.00000000000000
14.83967935871738 -0.00104903375960 0.00000000000000 0.00010366443132 0.00000000000000
14.87875751503000 -0.00096341357030 0.00000000000000 0.00009372398620 0.00000000000000
14.91783567134263 -0.00088469233627 0.00000000000000 0.00008472947426 0.00000000000000
14.95691382765525 -0.00081232322098 0.00000000000000 0.00007659171092 0.00000000000000
14.99599198396788 -0.00074580181150 0.00000000000000 0.00006922982450 0.00000000000000
15.03507014028050 -0.00068466292121 0.00000000000000 0.00006257049243 0.00000000000000
15.07414829659313 -0.00062847762371 0.00000000000000 0.00005654724638 0.00000000000000
15.11322645290575 -0.00057685050248 0.00000000000000 0.00005109984017 0.00000000000000
15.15230460921838 -0.00052941710132 0.00000000000000 0.00004617367503 0.00000000000000
15.19138276553100 -0.00048584156171 0.00000000000000 0.00004171927697 0.00000000000000
15.23046092184363 -0.00044581443426 0.00000000000000 0.00003769182180 0.00000000000000
15.26953907815625 -0.00040905065193 0.00000000000000 0.00003405070343 0.00000000000000
15.30861723446888 -0.00037528765366 0.00000000000000 0.00003075914164 0.00000000000000
15.34769539078150 -0.00034428364786 0.00000000000000 0.00002778382576 0.00000000000000
15.38677354709413 -0.00031581600576 0.00000000000000 0.00002509459114 0.00000000000000
15.42585170340675 -0.00028967977527 0.00000000000000 0.00002266412520 0.00000000000000
15.46492985971938 -0.00026568630684 0.00000000000000 0.00002046770072 0.00000000000000
15.50400801603200 -0.00024366198306 0.00000000000000 0.00001848293365 0.00000000000000
15.54308617234463 -0.00022344704461 0.00000000000000 0.00001668956334 0.00000000000000
15.58216432865725 -0.00020489450546 0.00000000000000 0.00001506925311 0.00000000000000
15.62124248496988 -0.00018786915080 0.00000000000000 0.00001360540934 0.00000000000000
15.66032064128250 -0.00017224661160 0.00000000000000 0.00001228301733 0.00000000000000
15.69939879759513 -0.00015791251022 0.00000000000000 0.00001108849245 0.00000000000000
15.73847695390775 -0.00014476167165 0.00000000000000 0.00001000954518 0.00000000000000
15.77755511022038 -0.00013269739569 0.00000000000000 0.00000903505874 0.00000000000000
15.81663326653300 -0.00012163078528 0.00000000000000 0.00000815497812 0.00000000000000
15.85571142284563 -0.00011148012706 0.00000000000000 0.00000736020952 0.00000000000000
15.89478957915825 -0.00010217031994 0.00000000000000 0.00000664252927 0.00000000000000
15.93386773547088 -0.00009363234825 0.00000000000000 0.00000599450120 0.00000000000000
15.97294589178350 -0.00008580279602 0.00000000000000 0.00000540940181 0.00000000000000
16.01202404809613 -0.00007862339925 0.00000000000000 0.00000488115256 0.00000000000000
16.05110220440876 -0.00007204063336 0.00000000000000 0.00000440425839 0.00000000000000
16.09018036072138 -0.00006600533300 0.00000000000000 0.00000397375218 0.00000000000000
16.12925851703401 -0.00006047234184 0.00000000000000 0.00000358514438 0.00000000000000
16.16833667334664 -0.00005540019000 0.00000000000000 0.00000323437741 0.00000000000000
16.20741482965926 -0.00005075079699 0.00000000000000 0.00000291778439 0.00000000000000
16.24649298597189 -0.00004648919821 0.00000000000000 0.00000263205177 0.00000000000000
16.28557114228452 -0.00004258329311 0.00000000000000 0.00000237418550 0.00000000000000
16.32464929859714 -0.00003900361342 0.00000000000000 0.00000214148048 0.00000000000000
16.36372745490977 -0.00003572310988 0.00000000000000 0.00000193149275 0.00000000000000
16.40280561122240 -0.00003271695591 0.00000000000000 0.00000174201455 0.00000000000000
16.44188376753502 -0.00002996236702 0.00000000000000 0.00000157105155 0.00000000000000
16.48096192384765 -0.00002743843472 0.00000000000000 0.00000141680236 0.00000000000000
16.52004008016028 -0.00002512597369 0.00000000000000 0.00000127764001 0.00000000000000
16.55911823647291 -0.00002300738125 0.00000000000000 0.00000115209511 0.00000000000000
16.59819639278553 -0.00002106650816 0.00000000000000 0.00000103884071 0.00000000000000
16.63727454909816 -0.00001928853982 0.00000000000000 0.00000093667854 0.00000000000000
16.67635270541079 -0.00001765988701 0.00000000000000 0.00000084452663 0.00000000000000
16.71543086172341 -0.00001616808558 0.00000000000000 0.00000076140806 0.00000000000000
16.75450901803604 -0.00001480170409 0.00000000000000 0.00000068644081 0.00000000000000
16.79358717434867 -0.00001355025910 0.00000000000000 0.00000061882861 0.00000000000000
16.83266533066129 -0.00001240413722 0.00000000000000 0.00000055785265 0.00000000000000
16.87174348697392 -0.00001135452356 0.00000000000000 0.00000050286404 0.00000000000000
16.91082164328655 -0.00001039333596 0.00000000000000 0.00000045327708 0.00000000000000
16.94989979959917 -0.00000951316459 0.00000000000000 0.00000040856313 0.00000000000000
16.98897795591180 -0.00000870721651 0.00000000000000 0.00000036824508 0.00000000000000
17.02805611222443 -0.00000796926467 0.00000000000000 0.00000033189233 0.00000000000000
17.06713426853705 -0.00000729360122 0.00000000000000 0.00000029911629 0.00000000000000
17.10621242484968 -0.00000667499447 0.00000000000000 0.00000026956630 0.00000000000000
17.14529058116231 -0.00000610864952 0.00000000000000 0.00000024292597 0.00000000000000
17.18436873747493 -0.00000559017206 0.00000000000000 0.00000021890978 0.00000000000000
17.22344689378756 -0.00000511553511 0.00000000000000 0.00000019726016 0.00000000000000
17.26252505010019 -0.00000468104858 0.00000000000000 0.00000017774469 0.00000000000000
17.30160320641281 -0.00000428333123 0.00000000000000 0.00000016015372 0.00000000000000
17.34068136272544 -0.00000391928504 0.00000000000000 0.00000014429810 0.00000000000000
17.37975951903807 -0.00000358607163 0.00000000000000 0.00000013000721 0.00000000000000
17.41883767535069 -0.00000328109063 0.00000000000000 0.00000011712716 0.00000000000000
17.45791583166332 -0.00000300195985 0.00000000000000 0.00000010551912 0.00000000000000
17.49699398797595 -0.00000274649711 0.00000000000000 0.00000009505787 0.00000000000000
17.53607214428857 -0.00000251270354 0.00000000000000 0.00000008563050 0.00000000000000
17.57515030060120 -0.00000229874824 0.00000000000000 0.00000007713516 0.00000000000000
17.61422845691383 -0.00000210295433 0.00000000000000 0.00000006947999 0.00000000000000
17.65330661322646 -0.00000192378596 0.00000000000000 0.00000006258218 0.00000000000000
17.69238476953908 -0.00000175983660 0.00000000000000 0.00000005636703 0.00000000000000
17.73146292585171 -0.00000160981820 0.00000000000000 0.00000005076720 0.00000000000000
17.77054108216434 -0.00000147255120 0.00000000000000 0.00000004572195 0.00000000000000
17.80961923847696 -0.00000134695554 0.00000000000000 0.00000004117655 0.00000000000000
17.84869739478959 -0.00000123204222 0.00000000000000 0.00000003708162 0.00000000000000
17.88777555110222 -0.00000112690571 0.00000000000000 0.00000003339266 0.00000000000000
17.92685370741484 -0.00000103071695 0.00000000000000 0.00000003006954 0.00000000000000
17.96593186372747 -0.00000094271687 0.00000000000000 0.00000002707610 0.00000000000000
18.00501002004010 -0.00000086221058 0.00000000000000 0.00000002437973 0.00000000000000
18.04408817635272 -0.00000078856190 0.00000000000000 0.00000002195104 0.00000000000000
18.08316633266535 -0.00000072118848 0.00000000000000 0.00000001976354 0.00000000000000
18.12224448897798 -0.00000065955724 0.00000000000000 0.00000001779335 0.00000000000000
18.16132264529060 -0.00000060318021 0.00000000000000 0.00000001601895 0.00000000000000
18.20040080160323 -0.00000055161074 0.00000000000000 0.00000001442095 0.00000000000000
18.23947895791586 -0.00000050444004 0.00000000000000 0.00000001298185 0.00000000000000
18.27855711422848 -0.00000046129393 0.00000000000000 0.00000001168591 0.00000000000000
18.31763527054111 -0.00000042182998 0.00000000000000 0.00000001051893 0.00000000000000
18.35671342685374 -0.00000038573478 0.00000000000000 0.00000000946811 0.00000000000000
18.39579158316636 -0.00000035272152 0.00000000000000 0.00000000852194 0.00000000000000
18.43486973947899 -0.00000032252774 0.00000000000000 0.00000000767001 0.00000000000000
18.47394789579162 -0.00000029491325 0.00000000000000 0.00000000690298 0.00000000000000
18.51302605210424 -0.00000026965826 0.00000000000000 0.00000000621240 0.00000000000000
18.55210420841687 -0.00000024656166 0.00000000000000 0.00000000559069 0.00000000000000
18.59118236472950 -0.00000022543942 0.00000000000000 0.00000000503099 0.00000000000000
18.63026052104212 -0.00000020612317 0.00000000000000 0.00000000452713 0.00000000000000
18.66933867735475 -0.00000018845885 0.00000000000000 0.00000000407357 0.00000000000000
18.70841683366738 -0.00000017230550 0.00000000000000 0.00000000366531 0.00000000000000
18.74749498998001 -0.00000015753417 0.00000000000000 0.00000000329782 0.00000000000000
18.78657314629263 -0.00000014402688 0.00000000000000 0.00000000296705 0.00000000000000
18.82565130260526 -0.00000013167568 0.00000000000000 0.00000000266934 0.00000000000000
18.86472945891789 -0.00000012038184 0.00000000000000 0.00000000240141 0.00000000000000
18.90380761523051 -0.00000011005503 0.00000000000000 0.00000000216027 0.00000000000000
18.94288577154314 -0.00000010061261 0.00000000000000 0.00000000194326 0.00000000000000
18.98196392785577 -0.00000009197899 0.00000000000000 0.00000000174798 0.00000000000000
19.02104208416839 -0.00000008408504 0.00000000000000 0.00000000157225 0.00000000000000
19.06012024048102 -0.00000007686750 0.00000000000000 0.00000000141412 0.00000000000000
19.09919839679365 -0.00000007026852 0.00000000000000 0.00000000127184 0.00000000000000
19.13827655310627 -0.00000006423519 0.00000000000000 0.00000000114383 0.00000000000000
19.17735470941890 -0.00000005871911 0.00000000000000 0.00000000102865 0.00000000000000
19.21643286573153 -0.00000005367602 0.00000000000000 0.00000000092502 0.00000000000000
19.25551102204415 -0.00000004906543 0.00000000000000 0.00000000083180 0.00000000000000
19.29458917835678 -0.00000004485030 0.00000000000000 0.00000000074794 0.00000000000000
19.33366733466941 -0.00000004099679 0.00000000000000 0.00000000067250 0.00000000000000
19.37274549098203 -0.00000003747392 0.00000000000000 0.00000000060463 0.00000000000000
19.41182364729466 -0.00000003425336 0.00000000000000 0.00000000054359 0.00000000000000
19.45090180360729 -0.00000003130921 0.00000000000000 0.00000000048869 0.00000000000000
19.48997995991991 -0.00000002861779 0.00000000000000 0.00000000043931 0.00000000000000
19.52905811623254 -0.00000002615744 0.00000000000000 0.00000000039490 0.00000000000000
19.56813627254517 -0.00000002390834 0.00000000000000 0.00000000035496 0.00000000000000
19.60721442885779 -0.00000002185239 0.00000000000000 0.00000000031905 0.00000000000000
19.64629258517042 -0.00000001997303 0.00000000000000 0.00000000028675 0.00000000000000
19.68537074148305 -0.00000001825510 0.00000000000000 0.00000000025771 0.00000000000000
19.72444889779567 -0.00000001668476 0.00000000000000 0.00000000023159 0.00000000000000
19.76352705410830 -0.00000001524935 0.00000000000000 0.00000000020812 0.00000000000000
19.80260521042093 -0.00000001393730 0.00000000000000 0.00000000018701 0.00000000000000
19.84168336673356 -0.00000001273801 0.00000000000000 0.00000000016803 0.00000000000000
19.88076152304618 -0.00000001164180 0.00000000000000 0.00000000015097 0.00000000000000
19.91983967935881 -0.00000001063983 0.00000000000000 0.00000000013563 0.00000000000000
19.95891783567144 -0.00000000972401 0.00000000000000 0.00000000012185 0.00000000000000
19.99799599198406 -0.00000000888693 0.00000000000000 0.00000000010946 0.00000000000000
20.03707414829669 -0.00000000812184 0.00000000000000 0.00000000009832 0.00000000000000
20.07615230460932 -0.00000000742255 0.00000000000000 0.00000000008831 0.00000000000000
20.11523046092194 -0.00000000678342 0.00000000000000 0.00000000007932 0.00000000000000
20.15430861723457 -0.00000000619926 0.00000000000000 0.00000000007123 0.00000000000000
20.19338677354720 -0.00000000566536 0.00000000000000 0.00000000006397 0.00000000000000
20.23246492985982 -0.00000000517740 0.00000000000000 0.00000000005744 0.00000000000000
20.27154308617245 -0.00000000473143 0.00000000000000 0.00000000005158 0.00000000000000
20.31062124248508 -0.00000000432385 0.00000000000000 0.00000000004631 0.00000000000000
20.34969939879770 -0.00000000395134 0.00000000000000 0.00000000004157 0.00000000000000
20.38877755511033 -0.00000000361089 0.00000000000000 0.00000000003732 0.00000000000000
20.42785571142296 -0.00000000329976 0.00000000000000 0.00000000003350 0.00000000000000
20.46693386773558 -0.00000000301541 0.00000000000000 0.00000000003007 0.00000000000000
20.50601202404821 -0.00000000275554 0.00000000000000 0.00000000002699 0.00000000000000
20.54509018036084 -0.00000000251806 0.00000000000000 0.00000000002422 0.00000000000000
20.58416833667346 -0.00000000230102 0.00000000000000 0.00000000002174 0.00000000000000
20.62324649298609 -0.00000000210268 0.00000000000000 0.00000000001950 0.00000000000000
20.66232464929872 -0.00000000192142 0.00000000000000 0.00000000001750 0.00000000000000
20.70140280561134 -0.00000000175577 0.00000000000000 0.00000000001570 0.00000000000000
20.74048096192397 -0.00000000160439 0.00000000000000 0.00000000001408 0.00000000000000
20.77955911823660 -0.00000000146606 0.00000000000000 0.00000000001263 0.00000000000000
20.81863727454922 -0.00000000133964 0.00000000000000 0.00000000001133 0.00000000000000
20.85771543086185 -0.00000000122412 0.00000000000000 0.00000000001016 0.00000000000000
20.89679358717448 -0.00000000111855 0.00000000000000 0.00000000000911 0.00000000000000
20.93587174348711 -0.00000000102209 0.00000000000000 0.00000000000817 0.00000000000000
20.97494989979973 -0.00000000093393 0.00000000000000 0.00000000000733 0.00000000000000
21.01402805611236 -0.00000000085337 0.00000000000000 0.00000000000657 0.00000000000000
21.05310621242499 -0.00000000077976 0.00000000000000 0.00000000000589 0.00000000000000
21.09218436873761 -0.00000000071250 0.00000000000000 0.00000000000528 0.00000000000000
21.13126252505024 -0.00000000065103 0.00000000000000 0.00000000000473 0.00000000000000
21.17034068136287 -0.00000000059486 0.00000000000000 0.00000000000424 0.00000000000000
21.20941883767549 -0.00000000054354 0.00000000000000 0.00000000000380 0.00000000000000
21.24849699398812 -0.00000000049664 0.00000000000000 0.00000000000340 0.00000000000000
21.28757515030075 -0.00000000045378 0.00000000000000 0.00000000000305 0.00000000000000
21.32665330661337 -0.00000000041463 0.00000000000000 0.00000000000273 0.00000000000000
21.36573146292600 -0.00000000037884 0.00000000000000 0.00000000000245 0.00000000000000
21.40480961923863 -0.00000000034615 0.00000000000000 0.00000000000219 0.00000000000000
21.44388777555125 -0.00000000031627 0.00000000000000 0.00000000000196 0.00000000000000
21.48296593186388 -0.00000000028898 0.00000000000000 0.00000000000176 0.00000000000000
21.52204408817651 -0.00000000026403 0.00000000000000 0.00000000000157 0.00000000000000
21.56112224448913 -0.00000000024124 0.00000000000000 0.00000000000141 0.00000000000000
21.60020040080176 -0.00000000022042 0.00000000000000 0.00000000000126 0.00000000000000
21.63927855711439 -0.00000000020139 0.00000000000000 0.00000000000113 0.00000000000000
21.67835671342701 -0.00000000018400 0.00000000000000 0.00000000000101 0.00000000000000
21.71743486973964 -0.00000000016812 0.00000000000000 0.00000000000090 0.00000000000000
21.75651302605227 -0.00000000015360 0.00000000000000 0.00000000000081 0.00000000000000
21.79559118236489 -0.00000000014034 0.00000000000000 0.00000000000072 0.00000000000000
21.83466933867752 -0.00000000012822 0.00000000000000 0.00000000000065 0.00000000000000
21.87374749499015 -0.00000000011715 0.00000000000000 0.00000000000058 0.00000000000000
21.91282565130278 -0.00000000010703 0.00000000000000 0.00000000000052 0.00000000000000
21.95190380761540 -0.00000000009779 0.00000000000000 0.00000000000046 0.00000000000000
21.99098196392803 -0.00000000008935 0.00000000000000 0.00000000000041 0.00000000000000
22.03006012024066 -0.00000000008163 0.00000000000000 0.00000000000037 0.00000000000000
22.06913827655328 -0.00000000007458 0.00000000000000 0.00000000000033 0.00000000000000
22.10821643286591 -0.00000000006814 0.00000000000000 0.00000000000029 0.00000000000000
22.14729458917854 -0.00000000006225 0.00000000000000 0.00000000000026 0.00000000000000
22.18637274549116 -0.00000000005688 0.00000000000000 0.00000000000023 0.00000000000000
22.22545090180379 -0.00000000005196 0.00000000000000 0.00000000000021 0.00000000000000
22.26452905811642 -0.00000000004748 0.00000000000000 0.00000000000019 0.00000000000000
22.30360721442904 -0.00000000004337 0.00000000000000 0.00000000000017 0.00000000000000
22.34268537074167 -0.00000000003963 0.00000000000000 0.00000000000015 0.00000000000000
22.38176352705430 -0.00000000003620 0.00000000000000 0.00000000000013 0.00000000000000
22.42084168336692 -0.00000000003308 0.00000000000000 0.00000000000012 0.00000000000000
22.45991983967955 -0.00000000003022 0.00000000000000 0.00000000000011 0.00000000000000
22.49899799599218 -0.00000000002761 0.00000000000000 0.00000000000009 0.00000000000000
22.53807615230480 -0.00000000002522 0.00000000000000 0.00000000000008 0.00000000000000
22.57715430861743 -0.00000000002304 0.00000000000000 0.00000000000007 0.00000000000000
22.61623246493006 -0.00000000002105 0.00000000000000 0.00000000000007 0.00000000000000
22.65531062124268 -0.00000000001923 0.00000000000000 0.00000000000006 0.00000000000000
22.69438877755531 -0.00000000001757 0.00000000000000 0.00000000000005 0.00000000000000
22.73346693386794 -0.00000000001605 0.00000000000000 0.00000000000005 0.00000000000000
22.77254509018056 -0.00000000001467 0.00000000000000 0.00000000000004 0.00000000000000
22.81162324649319 -0.00000000001340 0.00000000000000 0.00000000000004 0.00000000000000
22.85070140280582 -0.00000000001224 0.00000000000000 0.00000000000003 0.00000000000000
22.88977955911844 -0.00000000001118 0.00000000000000 0.00000000000003 0.00000000000000
22.92885771543107 -0.00000000001022 0.00000000000000 0.00000000000003 0.00000000000000
22.96793587174370 -0.00000000000933 0.00000000000000 0.00000000000002 0.00000000000000
23.00701402805633 -0.00000000000853 0.00000000000000 0.00000000000002 0.00000000000000
23.04609218436895 -0.00000000000779 0.00000000000000 0.00000000000002 0.00000000000000
23.08517034068158 -0.00000000000712 0.00000000000000 0.00000000000002 0.00000000000000
23.12424849699421 -0.00000000000650 0.00000000000000 0.00000000000001 0.00000000000000
23.16332665330683 -0.00000000000594 0.00000000000000 0.00000000000001 0.00000000000000
23.20240480961946 -0.00000000000543 0.00000000000000 0.00000000000001 0.00000000000000
23.24148296593209 -0.00000000000496 0.00000000000000 0.00000000000001 0.00000000000000
23.28056112224471 -0.00000000000453 0.00000000000000 0.00000000000001 0.00000000000000
23.31963927855734 -0.00000000000414 0.00000000000000 0.00000000000001 0.00000000000000
23.35871743486997 -0.00000000000378 0.00000000000000 0.00000000000001 0.00000000000000
23.39779559118259 -0.00000000000345 0.00000000000000 0.00000000000001 0.00000000000000
23.43687374749522 -0.00000000000315 0.00000000000000 0.00000000000001 0.00000000000000
23.47595190380785 -0.00000000000288 0.00000000000000 0.00000000000000 0.00000000000000
23.51503006012047 -0.00000000000263 0.00000000000000 0.00000000000000 0.00000000000000
23.55410821643310 -0.00000000000240 0.00000000000000 0.00000000000000 0.00000000000000
23.59318637274573 -0.00000000000219 0.00000000000000 0.00000000000000 0.00000000000000
23.63226452905835 -0.00000000000200 0.00000000000000 0.00000000000000 0.00000000000000
23.67134268537098 -0.00000000000183 0.00000000000000 0.00000000000000 0.00000000000000
23.71042084168361 -0.00000000000167 0.00000000000000 0.00000000000000 0.00000000000000
23.74949899799623 -0.00000000000153 0.00000000000000 0.00000000000000 0.00000000000000
23.78857715430886 -0.00000000000139 0.00000000000000 0.00000000000000 0.00000000000000
23.82765531062149 -0.00000000000127 0.00000000000000 0.00000000000000 0.00000000000000
23.86673346693411 -0.00000000000116 0.00000000000000 0.00000000000000 0.00000000000000
23.90581162324674 -0.00000000000106 0.00000000000000 0.00000000000000 0.00000000000000
23.94488977955937 -0.00000000000097 0.00000000000000 0.00000000000000 0.00000000000000
23.98396793587199 -0.00000000000088 0.00000000000000 0.00000000000000 0.00000000000000
24.02304609218462 -0.00000000000080 0.00000000000000 0.00000000000000 0.00000000000000
24.06212424849725 -0.00000000000073 0.00000000000000 0.00000000000000 0.00000000000000
24.10120240480988 -0.00000000000067 0.00000000000000 0.00000000000000 0.00000000000000
24.14028056112250 -0.00000000000061 0.00000000000000 0.00000000000000 0.00000000000000
24.17935871743513 -0.00000000000055 0.00000000000000 0.00000000000000 0.00000000000000
24.21843687374776 -0.00000000000050 0.00000000000000 0.00000000000000 0.00000000000000
24.25751503006038 -0.00000000000046 0.00000000000000 0.00000000000000 0.00000000000000
24.29659318637301 -0.00000000000041 0.00000000000000 0.00000000000000 0.00000000000000
24.33567134268564 -0.00000000000038 0.00000000000000 0.00000000000000 0.00000000000000
24.37474949899826 -0.00000000000034 0.00000000000000 0.00000000000000 0.00000000000000
24.41382765531089 -0.00000000000031 0.00000000000000 0.00000000000000 0.00000000000000
24.45290581162352 -0.00000000000028 0.00000000000000 0.00000000000000 0.00000000000000
24.49198396793614 -0.00000000000025 0.00000000000000 0.00000000000000 0.00000000000000
24.53106212424877 -0.00000000000022 0.00000000000000 0.00000000000000 0.00000000000000
24.57014028056140 -0.00000000000020 0.00000000000000 0.00000000000000 0.00000000000000
24.60921843687402 -0.00000000000018 0.00000000000000 0.00000000000000 0.00000000000000
24.64829659318665 -0.00000000000015 0.00000000000000 0.00000000000000 0.00000000000000
24.68737474949928 -0.00000000000013 0.00000000000000 0.00000000000000 0.00000000000000
24.72645290581190 -0.00000000000011 0.00000000000000 0.00000000000000 0.00000000000000
24.76553106212453 -0.00000000000010 0.00000000000000 0.00000000000000 0.00000000000000
24.80460921843716 -0.00000000000008 0.00000000000000 0.00000000000000 0.00000000000000
24.84368737474978 -0.00000000000006 0.00000000000000 0.00000000000000 0.00000000000000
24.88276553106241 -0.00000000000005 0.00000000000000 0.00000000000000 0.00000000000000
24.92184368737504 -0.00000000000003 0.00000000000000 0.00000000000000 0.00000000000000
24.96092184368766 -0.00000000000002 0.00000000000000 0.00000000000000 0.00000000000000
25.00000000000029 0.00000000000000 0.00000000000000 0.00000000000000 0.00000000000000
