5.50000000000000 0.00000000000000 0.00000000000000 0.00000000000000 0.00000000000000
5.53907815631263 0.00000000000000 0.00000000002413 0.00000000000000 -0.00000000002436
5.57815631262525 0.00000000000000 0.00000000009201 0.00000000000000 -0.00000000009292
5.61723446893788 0.00000000000000 0.00000000031319 0.00000000000000 -0.00000000031640
5.65631262525050 0.00000000000000 0.00000000101240 0.00000000000000 -0.00000000102310
5.69539078156313 0.00000000000000 0.00000000312675 0.00000000000000 -0.00000000316071
5.73446893787575 0.00000000000000 0.00000000924271 0.00000000000000 -0.00000000934561
5.77354709418838 0.00000000000000 0.00000002618590 0.00000000000000 -0.00000002648394
5.81262525050100 0.00000000000000 0.00000007119650 0.00000000000000 -0.00000007202302
5.85170340681363 0.00000000000000 0.00000018600042 0.00000000000000 -0.00000018819785
5.89078156312625 0.00000000000000 0.00000046747347 0.00000000000000 -0.00000047308179
5.92985971943888 0.00000000000000 0.00000113160540 0.00000000000000 -0.00000114536292
5.96893787575150 0.00000000000000 0.00000264131192 0.00000000000000 -0.00000267378730
6.00801603206413 0.00000000000000 0.00000595124381 0.00000000000000 -0.00000602509685
6.04709418837675 0.00000000000000 0.00001295751101 0.00000000000000 -0.00001311948892
6.08617234468938 0.00000000000000 0.00002729039772 0.00000000000000 -0.00002763337840
6.12525050100200 0.00000000000000 0.00005565547604 0.00000000000000 -0.00005635732504
6.16432865731463 0.00000000000000 0.00011001150583 0.00000000000000 -0.00011140079416
6.20340681362725 0.00000000000000 0.00021096496927 0.00000000000000 -0.00021362760224
6.24248496993988 0.00000000000000 0.00039284590875 0.00000000000000 -0.00039779102984
6.28156312625250 0.00000000000000 0.00071098335310 0.00000000000000 -0.00071989066121
6.32064128256513 0.00000000000000 0.00125168739846 0.00000000000000 -0.00126725986550
6.35971943887775 0.00000000000000 0.00214532293268 0.00000000000000 -0.00217176683467
6.39879759519038 0.00000000000000 0.00358251949090 0.00000000000000 -0.00362616446789
6.43787575150300 0.00000000000000 0.00583297912149 0.00000000000000 -0.00590303161884
6.47695390781563 0.00000000000000 0.00926586107103 0.00000000000000 -0.00937525688439
6.51603206412825 0.00000000000000 0.01436970875758 0.00000000000000 -0.01453598965203
6.55511022044088 0.00000000000000 0.02176895285075 0.00000000000000 -0.02201504254028
6.59418837675350 0.00000000000000 0.03223313715518 0.00000000000000 -0.03258783847219
6.63326653306613 0.00000000000000 0.04667436814878 0.00000000000000 -0.04717235479185
6.67234468937875 0.00000000000000 0.06612830358862 0.00000000000000 -0.06680934835459
6.71142284569138 0.00000000000000 0.09171447038005 0.00000000000000 -0.09262165083033
6.75050100200400 0.00000000000000 0.12457297872421 0.00000000000000 -0.12574964345582
6.78957915831663 0.00000000000000 0.16577681815543 0.00000000000000 -0.16726219045560
6.82865731462925 0.00000000000000 0.21622178509277 0.00000000000000 -0.21804522527636
6.86773547094188 0.00000000000000 0.27649945466241 0.00000000000000 -0.27867358408224
6.90681362725450 0.00000000000000 0.34676208872109 0.00000000000000 -0.34927516765407
6.94589178356713 0.00000000000000 0.42659148362078 0.00000000000000 -0.42939967158771
6.98496993987975 0.00000000000000 0.51488594793640 0.00000000000000 -0.51790685171762
7.02404809619238 0.00000000000000 0.60978041899470 0.00000000000000 -0.61288901121175
7.06312625250500 0.00000000000000 0.70861404821111 0.00000000000000 -0.71164165747968
7.10220440881763 0.00000000000000 0.80795645419220 0.00000000000000 -0.81069371126046
7.14128256513025 0.00000000000000 0.90369999926131 0.00000000000000 -0.90590408018264
7.18036072144288 0.00000000000000 0.99121980123953 0.00000000000000 -0.99262550425115
7.21943887775550 0.00000000000000 1.06559680340826 0.00000000000000 -1.06592993796759
7.25851703406813 0.00000000000000 1.12189282540929 0.00000000000000 -1.12088308141591
7.29759519038075 0.00000000000000 1.15546080144542 0.00000000000000 -1.15284977101539
7.33667334669338 0.00000000000000 1.16226904615891 0.00000000000000 -1.15780750338857
7.37575150300600 0.00000000000000 1.13921588906667 0.00000000000000 -1.13264295641062
7.41482965931863 0.00000000000000 1.08441067968310 0.00000000000000 -1.07540632986404
7.45390781563125 0.00000000000000 0.99739902560959 0.00000000000000 -0.98550072944128
7.49298597194388 0.00000000000000 0.87931397000145 0.00000000000000 -0.86378846697374
7.53206412825650 0.00000000000000 0.73294021304297 0.00000000000000 -0.71260260929803
7.57114228456913 0.00000000000000 0.56268485482766 0.00000000000000 -0.53565975422704
7.61022044088175 0.00000000000000 0.37445483620796 0.00000000000000 -0.33787810871756
7.64929859719438 0.00000000000000 0.17544764666035 0.00000000000000 -0.12511272586700
7.68837675350700 0.00000000000000 -0.02613259011297 0.00000000000000 0.09617349129554
7.72745490981963 0.00000000000000 -0.22141725197833 0.00000000000000 0.31927928532875
7.76653306613225 0.00000000000000 -0.40125436415295 0.00000000000000 0.53764822772100
7.80561122244488 0.00000000000000 -0.55660826523054 0.00000000000000 0.74523796838439
7.84468937875750 0.00000000000000 -0.67895745528352 0.00000000000000 0.93684939231336
7.88376753507013 0.00000000000000 -0.76067164999523 0.00000000000000 1.10839306280529
7.92284569138275 0.00000000000000 -0.79535134792278 0.00000000000000 1.25707557390508
7.96192384769538 0.00000000000000 -0.77811611027721 0.00000000000000 1.38149488124469
8.00100200400800 0.00000000000000 -0.70583096110382 0.00000000000000 1.48164074963055
8.04008016032063 0.00000000000000 -0.57726359633175 0.00000000000000 1.55880354373490
8.07915831663325 0.00000000000000 -0.39316826344646 0.00000000000000 1.61540112218993
8.11823647294588 0.00000000000000 -0.15629512710802 0.00000000000000 1.65473908140264
8.15731462925850 0.00000000000000 0.12867338452905 0.00000000000000 1.68072365655162
8.19639278557113 0.00000000000000 0.45525536551599 0.00000000000000 1.69754898835326
8.23547094188375 0.00000000000000 0.81536534736062 0.00000000000000 1.70938112239533
8.27454909819638 0.00000000000000 1.19956548968522 0.00000000000000 1.72006008845602
8.31362725450900 0.00000000000000 1.59736259973637 0.00000000000000 1.73283890674680
8.35270541082163 0.00000000000000 1.99754021395383 0.00000000000000 1.75017468662752
8.39178356713425 0.00000000000000 2.38851395783447 0.00000000000000 1.77358249052993
8.43086172344688 0.00000000000000 2.75869773111790 0.00000000000000 1.80355773293150
8.46993987975950 0.00000000000000 3.09686799291727 0.00000000000000 1.83956796781138
8.50901803607213 0.00000000000000 3.39251358865419 0.00000000000000 1.88011034744806
8.54809619238475 0.00000000000000 3.63615919367968 0.00000000000000 1.92282710720390
8.58717434869738 0.00000000000000 3.81965154840618 0.00000000000000 1.96466836155766
8.62625250501000 0.00000000000000 3.93639919785263 0.00000000000000 2.00208941430967
8.66533066132263 0.00000000000000 3.98155836511414 0.00000000000000 2.03126873094145
8.70440881763525 0.00000000000000 3.95215979603941 0.00000000000000 2.04833265383118
8.74348697394788 0.00000000000000 3.84717380253615 0.00000000000000 2.04957375505368
8.78256513026050 0.00000000000000 3.66751318283759 0.00000000000000 2.03165126094054
8.82164328657313 0.00000000000000 3.41597608410508 0.00000000000000 1.99176406067606
8.86072144288575 0.00000000000000 3.09713307784531 0.00000000000000 1.92778922866992
8.89979959919838 0.00000000000000 2.71716463882930 0.00000000000000 1.83838155199176
8.93887775551100 0.00000000000000 2.28365677230850 0.00000000000000 1.72303208207510
8.97795591182363 0.00000000000000 1.80536366718028 0.00000000000000 1.58208607410693
9.01703406813625 0.00000000000000 1.29194693708252 0.00000000000000 1.41672272177556
9.05611222444888 0.00000000000000 0.75370124725041 0.00000000000000 1.22890075961113
9.09519038076150 0.00000000000000 0.20127593718821 0.00000000000000 1.02127524626080
9.13426853707413 0.00000000000000 -0.35459831666321 0.00000000000000 0.79709164887746
9.17334669338675 0.00000000000000 -0.90336963686741 0.00000000000000 0.56006373863716
9.21242484969938 0.00000000000000 -1.43490484653296 0.00000000000000 0.31424181965330
9.25150300601200 0.00000000000000 -1.93970340144374 0.00000000000000 0.06387750341200
9.29058116232463 0.00000000000000 -2.40908100970864 0.00000000000000 -0.18670932697724
9.32965931863725 0.00000000000000 -2.83532001063884 0.00000000000000 -0.43325647539966
9.36873747494988 0.00000000000000 -3.21178495896891 0.00000000000000 -0.67167430550995
9.40781563126250 0.00000000000000 -3.53300314157743 0.00000000000000 -0.89814645650637
9.44689378757513 0.00000000000000 -3.79471090008301 0.00000000000000 -1.10921427219431
9.48597194388775 0.00000000000000 -3.99386761461791 0.00000000000000 -1.30184371326206
9.52505010020038 0.00000000000000 -4.12864000388805 0.00000000000000 -1.47347434496839
9.56412825651300 0.00000000000000 -4.19836000719405 0.00000000000000 -1.62205071201881
9.60320641282563 0.00000000000000 -4.20345993763478 0.00000000000000 -1.74603701356272
9.64228456913825 0.00000000000000 -4.14538884216414 0.00000000000000 -1.84441646685129
9.68136272545088 0.00000000000000 -4.02651408939498 0.00000000000000 -1.91667709833068
9.72044088176350 0.00000000000000 -3.85001215011516 0.00000000000000 -1.96278593183739
9.75951903807613 0.00000000000000 -3.61975236103364 0.00000000000000 -1.98315366554168
9.79859719438875 0.00000000000000 -3.34017719304504 0.00000000000000 -1.97859195578487
9.83767535070138 0.00000000000000 -3.01618220488015 0.00000000000000 -1.95026537216376
9.87675350701400 0.00000000000000 -2.65299847385007 0.00000000000000 -1.89963996998719
9.91583166332663 0.00000000000000 -2.25607987805443 0.00000000000000 -1.82843025921438
9.95490981963925 0.00000000000000 -1.83099717706187 0.00000000000000 -1.73854614793809
9.99398797595188 0.00000000000000 -1.38334041612497 0.00000000000000 -1.63204121677448
10.03306613226450 0.00000000000000 -0.91863077506372 0.00000000000000 -1.51106344984436
10.07214428857713 0.00000000000000 -0.44224260683738 0.00000000000000 -1.37780931819573
10.11122244488975 0.00000000000000 0.04066393034873 0.00000000000000 -1.23448189043918
10.15030060120238 0.00000000000000 0.52519954509587 0.00000000000000 -1.08325343911226
10.18937875751500 0.00000000000000 1.00679194609020 0.00000000000000 -0.92623282420537
10.22845691382763 0.00000000000000 1.48122181017523 0.00000000000000 -0.76543777017388
10.26753507014025 0.00000000000000 1.94464913323388 0.00000000000000 -0.60277201109902
10.30661322645288 0.00000000000000 2.39363064629378 0.00000000000000 -0.44000716079461
10.34569138276550 0.00000000000000 2.82512907652011 0.00000000000000 -0.27876907003799
10.38476953907813 0.00000000000000 3.23651509638613 0.00000000000000 -0.12052836049115
10.42384769539075 0.00000000000000 3.62556283821697 0.00000000000000 0.03340522747284
10.46292585170338 0.00000000000000 3.99043985956942 0.00000000000000 0.18188506999043
10.50200400801600 0.00000000000000 4.32969243163157 0.00000000000000 0.32392689317939
10.54108216432863 0.00000000000000 4.64222699196798 0.00000000000000 0.45870542473962
10.58016032064125 0.00000000000000 4.92728855824187 0.00000000000000 0.58554887696770
10.61923847695388 0.00000000000000 5.18443684445940 0.00000000000000 0.70393165882166
10.65831663326650 0.00000000000000 5.41352075890133 0.00000000000000 0.81346569202472
10.69739478957913 0.00000000000000 5.61465189596405 0.00000000000000 0.91389067841864
10.73647294589175 0.00000000000000 5.78817756497332 0.00000000000000 1.00506363452233
10.77555110220438 0.00000000000000 5.93465382963777 0.00000000000000 1.08694797595519
10.81462925851700 0.00000000000000 6.05481896379537 0.00000000000000 1.15960240026105
10.85370741482963 0.00000000000000 6.14956766376256 0.00000000000000 1.22316978271991
10.89278557114225 0.00000000000000 6.21992629590818 0.00000000000000 1.27786626676337
10.93186372745488 0.00000000000000 6.26702940075802 0.00000000000000 1.32397069923776
10.97094188376750 0.00000000000000 6.29209762246967 0.00000000000000 1.36181453144342
11.01002004008013 0.00000000000000 6.29641718517790 0.00000000000000 1.39177227993683
11.04909819639275 0.00000000000000 6.28132099560327 0.00000000000000 1.41425261670682
11.08817635270538 0.00000000000000 6.24817141440924 0.00000000000000 1.42969013661892
11.12725450901800 0.00000000000000 6.19834470693934 0.00000000000000 1.43853783096986
11.16633266533063 0.00000000000000 6.13321715693692 0.00000000000000 1.44126027954784
11.20541082164325 0.00000000000000 6.05415280434965 0.00000000000000 1.43832755964286
11.24448897795588 0.00000000000000 5.96249275001281 0.00000000000000 1.43020985884391
11.28356713426850 0.00000000000000 5.85954595552273 0.00000000000000 1.41737276902311
11.32264529058113 0.00000000000000 5.74658145557505 0.00000000000000 1.40027323144606
11.36172344689375 0.00000000000000 5.62482189207227 0.00000000000000 1.37935609726356
11.40080160320638 0.00000000000000 5.49543827402389 0.00000000000000 1.35505126352991
11.43987975951900 0.00000000000000 5.35954586431341 0.00000000000000 1.32777134215830
11.47895791583163 0.00000000000000 5.21820109344501 0.00000000000000 1.29790981767401
11.51803607214425 0.00000000000000 5.07239940109330 0.00000000000000 1.26583964908055
11.55711422845688 0.00000000000000 4.92307390836696 0.00000000000000 1.23191227144585
11.59619238476950 0.00000000000000 4.77109482689715 0.00000000000000 1.19645695379123
11.63527054108213 0.00000000000000 4.61726951493310 0.00000000000000 1.15978047138752
11.67434869739475 0.00000000000000 4.46234309535975 0.00000000000000 1.12216705250604
11.71342685370738 0.00000000000000 4.30699955575788 0.00000000000000 1.08387856192926
11.75250501002000 0.00000000000000 4.15186325614539 0.00000000000000 1.04515488600150
11.79158316633263 0.00000000000000 3.99750077573024 0.00000000000000 1.00621448661337
11.83066132264525 0.00000000000000 3.84442303575488 0.00000000000000 0.96725509419594
11.86973947895788 0.00000000000000 3.69308764122105 0.00000000000000 0.92845451249408
11.90881763527050 0.00000000000000 3.54390138987416 0.00000000000000 0.88997151054726
11.94789579158313 0.00000000000000 3.39722290223425 0.00000000000000 0.85194677989144
11.98697394789575 0.00000000000000 3.25336533163673 0.00000000000000 0.81450393747936
12.02605210420838 0.00000000000000 3.11259911815441 0.00000000000000 0.77775055717593
12.06513026052100 0.00000000000000 2.97515475488590 0.00000000000000 0.74177921490420
12.10420841683363 0.00000000000000 2.84122553939836 0.00000000000000 0.70666853458648
12.14328657314625 0.00000000000000 2.71097028709510 0.00000000000000 0.67248422393681
12.18236472945888 0.00000000000000 2.58451598693843 0.00000000000000 0.63928009091418
12.22144288577150 0.00000000000000 2.46196038329840 0.00000000000000 0.60709903324108
12.26052104208413 0.00000000000000 2.34337447072502 0.00000000000000 0.57597399483237
12.29959919839675 0.00000000000000 2.22880489116727 0.00000000000000 0.54592888427001
12.33867735470938 0.00000000000000 2.11827622559785 0.00000000000000 0.51697945160788
12.37775551102200 0.00000000000000 2.01179317416488 0.00000000000000 0.48913412080305
12.41683366733463 0.00000000000000 1.90934262089671 0.00000000000000 0.46239477595739
12.45591182364725 0.00000000000000 1.81089558064985 0.00000000000000 0.43675750032129
12.49498997995988 0.00000000000000 1.71640902743200 0.00000000000000 0.41221326767274
12.53406813627250 0.00000000000000 1.62582760446920 0.00000000000000 0.38874858624541
12.57314629258513 0.00000000000000 1.53908521743509 0.00000000000000 0.36634609585131
12.61222444889775 0.00000000000000 1.45610651313988 0.00000000000000 0.34498511923262
12.65130260521038 0.00000000000000 1.37680824670209 0.00000000000000 0.32464216899447
12.69038076152300 0.00000000000000 1.30110054081324 0.00000000000000 0.30529141172203
12.72945891783563 0.00000000000000 1.22888804117014 0.00000000000000 0.28690509107957
12.76853707414825 0.00000000000000 1.16007097250447 0.00000000000000 0.26945391183306
12.80761523046088 0.00000000000000 1.09454609989840 0.00000000000000 0.25290738683797
12.84669338677350 0.00000000000000 1.03220760024981 0.00000000000000 0.23723414909578
12.88577154308613 0.00000000000000 0.97294784885293 0.00000000000000 0.22240223101230
12.92484969939875 0.00000000000000 0.91665812609974 0.00000000000000 0.20837931299313
12.96392785571138 0.00000000000000 0.86322924929310 0.00000000000000 0.19513294349029
13.00300601202400 0.00000000000000 0.81255213450406 0.00000000000000 0.18263073257405
13.04208416833663 0.00000000000000 0.76451829330889 0.00000000000000 0.17084052104864
13.08116232464925 0.00000000000000 0.71902026911457 0.00000000000000 0.15973052706219
13.12024048096188 0.00000000000000 0.67595201762932 0.00000000000000 0.14926947208419
13.15931863727450 0.00000000000000 0.63520923586377 0.00000000000000 0.13942668803897
13.19839679358713 0.00000000000000 0.59668964386230 0.00000000000000 0.13017220729400
13.23747494989975 0.00000000000000 0.56029322316783 0.00000000000000 0.12147683710909
13.27655310621238 0.00000000000000 0.52592241581963 0.00000000000000 0.11331222005787
13.31563126252500 0.00000000000000 0.49348228747639 0.00000000000000 0.10565088183816
13.35470941883763 0.00000000000000 0.46288065804802 0.00000000000000 0.09846626779331
13.39378757515025 0.00000000000000 0.43402820301150 0.00000000000000 0.09173276937416
13.43286573146288 0.00000000000000 0.40683852838107 0.00000000000000 0.08542574168090
13.47194388777550 0.00000000000000 0.38122822210185 0.00000000000000 0.07952151313657
13.51102204408813 0.00000000000000 0.35711688444060 0.00000000000000 0.07399738825996
13.55010020040075 0.00000000000000 0.33442713975806 0.00000000000000 0.06883164442515
13.58917835671338 0.00000000000000 0.31308463186554 0.00000000000000 0.06400352341867
13.62825651302600 0.00000000000000 0.29301800499452 0.00000000000000 0.05949321853256
13.66733466933863 0.00000000000000 0.27415887224185 0.00000000000000 0.05528185786372
13.70641282565125 0.00000000000000 0.25644177319606 0.00000000000000 0.05135148442556
13.74549098196388 0.00000000000000 0.23980412230137 0.00000000000000 0.04768503361835
13.78456913827650 0.00000000000000 0.22418614937585 0.00000000000000 0.04426630854876
13.82364729458913 0.00000000000000 0.20953083356867 0.00000000000000 0.04107995363729
13.86272545090175 0.00000000000000 0.19578383191814 0.00000000000000 0.03811142690445
13.90180360721438 0.00000000000000 0.18289340355762 0.00000000000000 0.03534697128222
13.94088176352700 0.00000000000000 0.17081033050915 0.00000000000000 0.03277358525704
13.97995991983963 0.00000000000000 0.15948783590603 0.00000000000000 0.03037899311276
14.01903807615225 0.00000000000000 0.14888150039328 0.00000000000000 0.02815161500866
14.05811623246488 0.00000000000000 0.13894917737111 0.00000000000000 0.02608053709620
14.09719438877750 0.00000000000000 0.12965090766799 0.00000000000000 0.02415548185013
14.13627254509013 0.00000000000000 0.12094883415896 0.00000000000000 0.02236677876428
14.17535070140275 0.00000000000000 0.11280711677950 0.00000000000000 0.02070533553921
14.21442885771538 0.00000000000000 0.10519184832532 0.00000000000000 0.01916260986837
14.25350701402800 0.00000000000000 0.09807097137459 0.00000000000000 0.01773058191069
14.29258517034063 0.00000000000000 0.09141419661961 0.00000000000000 0.01640172752133
14.33166332665325 0.00000000000000 0.08519292285041 0.00000000000000 0.01516899229722
14.37074148296588 0.00000000000000 0.07938015879255 0.00000000000000 0.01402576648118
14.40981963927850 0.00000000000000 0.07395044696528 0.00000000000000 0.01296586075696
14.44889779559113 0.00000000000000 0.06887978969362 0.00000000000000 0.01198348295717
14.48797595190375 0.00000000000000 0.06414557737909 0.00000000000000 0.01107321569750
14.52705410821638 0.00000000000000 0.05972651910782 0.00000000000000 0.01022999494273
14.56613226452900 0.00000000000000 0.05560257565210 0.00000000000000 0.00944908950354
14.60521042084163 0.00000000000000 0.05175489490096 0.00000000000000 0.00872608145728
14.64428857715425 0.00000000000000 0.04816574973782 0.00000000000000 0.00805684748124
14.68336673346688 0.00000000000000 0.04481847836748 0.00000000000000 0.00743754108254
14.72244488977950 0.00000000000000 0.04169742708147 0.00000000000000 0.00686457570572
14.76152304609213 0.00000000000000 0.03878789543886 0.00000000000000 0.00633460869605
14.80060120240475 0.00000000000000 0.03607608382984 0.00000000000000 0.00584452609447
14.83967935871738 0.00000000000000 0.03354904338065 0.00000000000000 0.00539142823820
14.87875751503000 0.00000000000000 0.03119462815165 0.00000000000000 0.00497261613979
14.91783567134263 0.00000000000000 0.02900144957396 0.00000000000000 0.00458557861641
14.95691382765525 0.00000000000000 0.02695883306573 0.00000000000000 0.00422798014034
14.99599198396788 0.00000000000000 0.02505677676487 0.00000000000000 0.00389764938158
15.03507014028050 0.00000000000000 0.02328591231229 0.00000000000000 0.00359256841296
15.07414829659313 0.00000000000000 0.02163746761751 0.00000000000000 0.00331086254864
15.11322645290575 0.00000000000000 0.02010323153673 0.00000000000000 0.00305079078674
15.15230460921838 0.00000000000000 0.01867552039272 0.00000000000000 0.00281073682755
15.19138276553100 0.00000000000000 0.01734714626548 0.00000000000000 0.00258920063915
15.23046092184363 0.00000000000000 0.01611138698236 0.00000000000000 0.00238479054297
15.26953907815625 0.00000000000000 0.01496195773713 0.00000000000000 0.00219621579247
15.30861723446888 0.00000000000000 0.01389298426792 0.00000000000000 0.00202227961906
15.34769539078150 0.00000000000000 0.01289897752525 0.00000000000000 0.00186187272002
15.38677354709413 0.00000000000000 0.01197480976239 0.00000000000000 0.00171396716423
15.42585170340675 0.00000000000000 0.01111569198201 0.00000000000000 0.00157761069242
15.46492985971938 0.00000000000000 0.01031715267458 0.00000000000000 0.00145192138935
15.50400801603200 0.00000000000000 0.00957501778581 0.00000000000000 0.00133608270663
15.54308617234463 0.00000000000000 0.00888539185230 0.00000000000000 0.00122933881562
15.58216432865725 0.00000000000000 0.00824464024657 0.00000000000000 0.00113099027061
15.62124248496988 0.00000000000000 0.00764937247456 0.00000000000000 0.00104038996388
15.66032064128250 0.00000000000000 0.00709642647089 0.00000000000000 0.00095693935465
15.69939879759513 0.00000000000000 0.00658285383913 0.00000000000000 0.00088008495509
15.73847695390775 0.00000000000000 0.00610590598656 0.00000000000000 0.00080931505740
15.77755511022038 0.00000000000000 0.00566302110476 0.00000000000000 0.00074415668676
15.81663326653300 0.00000000000000 0.00525181194975 0.00000000000000 0.00068417276571
15.85571142284563 0.00000000000000 0.00487005437708 0.00000000000000 0.00062895947648
15.89478957915825 0.00000000000000 0.00451567658961 0.00000000000000 0.00057814380843
15.93386773547088 0.00000000000000 0.00418674905745 0.00000000000000 0.00053138127836
15.97294589178350 0.00000000000000 0.00388147507154 0.00000000000000 0.00048835381253
16.01202404809613 0.00000000000000 0.00359818189427 0.00000000000000 0.00044876777947
16.05110220440876 0.00000000000000 0.00333531247214 0.00000000000000 0.00041235216351
16.09018036072138 0.00000000000000 0.00309141767753 0.00000000000000 0.00037885686968
16.12925851703401 0.00000000000000 0.00286514904812 0.00000000000000 0.00034805115089
16.16833667334664 0.00000000000000 0.00265525199404 0.00000000000000 0.00031972214916
16.20741482965926 0.00000000000000 0.00246055944488 0.00000000000000 0.00029367354299
16.24649298597189 0.00000000000000 0.00227998590946 0.00000000000000 0.00026972429361
16.28557114228452 0.00000000000000 0.00211252192353 0.00000000000000 0.00024770748316
16.32464929859714 0.00000000000000 0.00195722886118 0.00000000000000 0.00022746923838
16.36372745490977 0.00000000000000 0.00181323408779 0.00000000000000 0.00020886773384
16.40280561122240 0.00000000000000 0.00167972643292 0.00000000000000 0.00019177226906
16.44188376753502 0.00000000000000 0.00155595196335 0.00000000000000 0.00017606241428
16.48096192384765 0.00000000000000 0.00144121003725 0.00000000000000 0.00016162721995
16.52004008016028 0.00000000000000 0.00133484962171 0.00000000000000 0.00014836448545
16.55911823647291 0.00000000000000 0.00123626585682 0.00000000000000 0.00013618008265
16.59819639278553 0.00000000000000 0.00114489685067 0.00000000000000 0.00012498733048
16.63727454909816 0.00000000000000 0.00106022069020 0.00000000000000 0.00011470641668
16.67635270541079 0.00000000000000 0.00098175265422 0.00000000000000 0.00010526386344
16.71543086172341 0.00000000000000 0.00090904261526 0.00000000000000 0.00009659203350
16.75450901803604 0.00000000000000 0.00084167261813 0.00000000000000 0.00008862867398
16.79358717434867 0.00000000000000 0.00077925462352 0.00000000000000 0.00008131649496
16.83266533066129 0.00000000000000 0.00072142840586 0.00000000000000 0.00007460278033
16.87174348697392 0.00000000000000 0.00066785959523 0.00000000000000 0.00006843902856
16.91082164328655 0.00000000000000 0.00061823785383 0.00000000000000 0.00006278062099
16.94989979959917 0.00000000000000 0.00057227517804 0.00000000000000 0.00005758651582
16.98897795591180 0.00000000000000 0.00052970431772 0.00000000000000 0.00005281896562
17.02805611222443 0.00000000000000 0.00049027730496 0.00000000000000 0.00004844325680
17.06713426853705 0.00000000000000 0.00045376408475 0.00000000000000 0.00004442746926
17.10621242484968 0.00000000000000 0.00041995124099 0.00000000000000 0.00004074225475
17.14529058116231 0.00000000000000 0.00038864081117 0.00000000000000 0.00003736063248
17.18436873747493 0.00000000000000 0.00035964918383 0.00000000000000 0.00003425780072
17.22344689378756 0.00000000000000 0.00033280607317 0.00000000000000 0.00003141096308
17.26252505010019 0.00000000000000 0.00030795356546 0.00000000000000 0.00002879916848
17.30160320641281 0.00000000000000 0.00028494523254 0.00000000000000 0.00002640316363
17.34068136272544 0.00000000000000 0.00026364530762 0.00000000000000 0.00002420525714
17.37975951903807 0.00000000000000 0.00024392791918 0.00000000000000 0.00002218919433
17.41883767535069 0.00000000000000 0.00022567637902 0.00000000000000 0.00002034004192
17.45791583166332 0.00000000000000 0.00020878252063 0.00000000000000 0.00001864408185
17.49699398797595 0.00000000000000 0.00019314608449 0.00000000000000 0.00001708871351
17.53607214428857 0.00000000000000 0.00017867414701 0.00000000000000 0.00001566236369
17.57515030060120 0.00000000000000 0.00016528058998 0.00000000000000 0.00001435440372
17.61422845691383 0.00000000000000 0.00015288560793 0.00000000000000 0.00001315507320
17.65330661322646 0.00000000000000 0.00014141525054 0.00000000000000 0.00001205540982
17.69238476953908 0.00000000000000 0.00013080099779 0.00000000000000 0.00001104718472
17.73146292585171 0.00000000000000 0.00012097936545 0.00000000000000 0.00001012284310
17.77054108216434 0.00000000000000 0.00011189153887 0.00000000000000 0.00000927544950
17.80961923847696 0.00000000000000 0.00010348303303 0.00000000000000 0.00000849863757
17.84869739478959 0.00000000000000 0.00009570337703 0.00000000000000 0.00000778656373
17.88777555110222 0.00000000000000 0.00008850582122 0.00000000000000 0.00000713386469
17.92685370741484 0.00000000000000 0.00008184706553 0.00000000000000 0.00000653561829
17.96593186372747 0.00000000000000 0.00007568700727 0.00000000000000 0.00000598730759
18.00501002004010 0.00000000000000 0.00006998850721 0.00000000000000 0.00000548478771
18.04408817635272 0.00000000000000 0.00006471717260 0.00000000000000 0.00000502425552
18.08316633266535 0.00000000000000 0.00005984115584 0.00000000000000 0.00000460222166
18.12224448897798 0.00000000000000 0.00005533096774 0.00000000000000 0.00000421548485
18.16132264529060 0.00000000000000 0.00005115930439 0.00000000000000 0.00000386110834
18.20040080160323 0.00000000000000 0.00004730088651 0.00000000000000 0.00000353639816
18.23947895791586 0.00000000000000 0.00004373231061 0.00000000000000 0.00000323888324
18.27855711422848 0.00000000000000 0.00004043191085 0.00000000000000 0.00000296629713
18.31763527054111 0.00000000000000 0.00003737963105 0.00000000000000 0.00000271656110
18.35671342685374 0.00000000000000 0.00003455690603 0.00000000000000 0.00000248776878
18.39579158316636 0.00000000000000 0.00003194655156 0.00000000000000 0.00000227817194
18.43486973947899 0.00000000000000 0.00002953266243 0.00000000000000 0.00000208616745
18.47394789579162 0.00000000000000 0.00002730051789 0.00000000000000 0.00000191028535
18.51302605210424 0.00000000000000 0.00002523649412 0.00000000000000 0.00000174917783
18.55210420841687 0.00000000000000 0.00002332798301 0.00000000000000 0.00000160160916
18.59118236472950 0.00000000000000 0.00002156331698 0.00000000000000 0.00000146644643
18.63026052104212 0.00000000000000 0.00001993169923 0.00000000000000 0.00000134265104
18.66933867735475 0.00000000000000 0.00001842313925 0.00000000000000 0.00000122927093
18.70841683366738 0.00000000000000 0.00001702839292 0.00000000000000 0.00000112543334
18.74749498998001 0.00000000000000 0.00001573890713 0.00000000000000 0.00000103033834
18.78657314629263 0.00000000000000 0.00001454676846 0.00000000000000 0.00000094325271
18.82565130260526 0.00000000000000 0.00001344465556 0.00000000000000 0.00000086350444
18.86472945891789 0.00000000000000 0.00001242579518 0.00000000000000 0.00000079047764
18.90380761523051 0.00000000000000 0.00001148392134 0.00000000000000 0.00000072360791
18.94288577154314 0.00000000000000 0.00001061323756 0.00000000000000 0.00000066237800
18.98196392785577 0.00000000000000 0.00000980838186 0.00000000000000 0.00000060631396
19.02104208416839 0.00000000000000 0.00000906439440 0.00000000000000 0.00000055498146
19.06012024048102 0.00000000000000 0.00000837668747 0.00000000000000 0.00000050798258
19.09919839679365 0.00000000000000 0.00000774101768 0.00000000000000 0.00000046495268
19.13827655310627 0.00000000000000 0.00000715346031 0.00000000000000 0.00000042555771
19.17735470941890 0.00000000000000 0.00000661038543 0.00000000000000 0.00000038949162
19.21643286573153 0.00000000000000 0.00000610843595 0.00000000000000 0.00000035647402
19.25551102204415 0.00000000000000 0.00000564450713 0.00000000000000 0.00000032624804
19.29458917835678 0.00000000000000 0.00000521572775 0.00000000000000 0.00000029857839
19.33366733466941 0.00000000000000 0.00000481944262 0.00000000000000 0.00000027324954
19.37274549098203 0.00000000000000 0.00000445319637 0.00000000000000 0.00000025006404
19.41182364729466 0.00000000000000 0.00000411471854 0.00000000000000 0.00000022884105
19.45090180360729 0.00000000000000 0.00000380190966 0.00000000000000 0.00000020941495
19.48997995991991 0.00000000000000 0.00000351282843 0.00000000000000 0.00000019163403
19.52905811623254 0.00000000000000 0.00000324567992 0.00000000000000 0.00000017535936
19.56813627254517 0.00000000000000 0.00000299880448 0.00000000000000 0.00000016046367
19.60721442885779 0.00000000000000 0.00000277066767 0.00000000000000 0.00000014683045
19.64629258517042 0.00000000000000 0.00000255985082 0.00000000000000 0.00000013435299
19.68537074148305 0.00000000000000 0.00000236504230 0.00000000000000 0.00000012293355
19.72444889779567 0.00000000000000 0.00000218502954 0.00000000000000 0.00000011248265
19.76352705410830 0.00000000000000 0.00000201869150 0.00000000000000 0.00000010291836
19.80260521042093 0.00000000000000 0.00000186499188 0.00000000000000 0.00000009416564
19.84168336673356 0.00000000000000 0.00000172297263 0.00000000000000 0.00000008615579
19.88076152304618 0.00000000000000 0.00000159174815 0.00000000000000 0.00000007882593
19.91983967935881 0.00000000000000 0.00000147049978 0.00000000000000 0.00000007211845
19.95891783567144 0.00000000000000 0.00000135847080 0.00000000000000 0.00000006598063
19.99799599198406 0.00000000000000 0.00000125496171 0.00000000000000 0.00000006036420
20.03707414829669 0.00000000000000 0.00000115932594 0.00000000000000 0.00000005522497
20.07615230460932 0.00000000000000 0.00000107096588 0.00000000000000 0.00000005052249
20.11523046092194 0.00000000000000 0.00000098932916 0.00000000000000 0.00000004621971
20.15430861723457 0.00000000000000 0.00000091390522 0.00000000000000 0.00000004228273
20.19338677354720 0.00000000000000 0.00000084422220 0.00000000000000 0.00000003868053
20.23246492985982 0.00000000000000 0.00000077984398 0.00000000000000 0.00000003538469
20.27154308617245 0.00000000000000 0.00000072036749 0.00000000000000 0.00000003236921
20.31062124248508 0.00000000000000 0.00000066542021 0.00000000000000 0.00000002961029
20.34969939879770 0.00000000000000 0.00000061465789 0.00000000000000 0.00000002708614
20.38877755511033 0.00000000000000 0.00000056776235 0.00000000000000 0.00000002477682
20.42785571142296 0.00000000000000 0.00000052443958 0.00000000000000 0.00000002266409
20.46693386773558 0.00000000000000 0.00000048441786 0.00000000000000 0.00000002073123
20.50601202404821 0.00000000000000 0.00000044744609 0.00000000000000 0.00000001896297
20.54509018036084 0.00000000000000 0.00000041329224 0.00000000000000 0.00000001734531
20.58416833667346 0.00000000000000 0.00000038174189 0.00000000000000 0.00000001586544
20.62324649298609 0.00000000000000 0.00000035259689 0.00000000000000 0.00000001451166
20.66232464929872 0.00000000000000 0.00000032567417 0.00000000000000 0.00000001327322
20.70140280561134 0.00000000000000 0.00000030080454 0.00000000000000 0.00000001214034
20.74048096192397 0.00000000000000 0.00000027783167 0.00000000000000 0.00000001110401
20.77955911823660 0.00000000000000 0.00000025661114 0.00000000000000 0.00000001015603
20.81863727454922 0.00000000000000 0.00000023700946 0.00000000000000 0.00000000928888
20.85771543086185 0.00000000000000 0.00000021890332 0.00000000000000 0.00000000849567
20.89679358717448 0.00000000000000 0.00000020217878 0.00000000000000 0.00000000777012
20.93587174348711 0.00000000000000 0.00000018673057 0.00000000000000 0.00000000710645
20.97494989979973 0.00000000000000 0.00000017246142 0.00000000000000 0.00000000649940
21.01402805611236 0.00000000000000 0.00000015928146 0.00000000000000 0.00000000594414
21.05310621242499 0.00000000000000 0.00000014710766 0.00000000000000 0.00000000543626
21.09218436873761 0.00000000000000 0.00000013586331 0.00000000000000 0.00000000497173
21.13126252505024 0.00000000000000 0.00000012547755 0.00000000000000 0.00000000454685
21.17034068136287 0.00000000000000 0.00000011588489 0.00000000000000 0.00000000415824
21.20941883767549 0.00000000000000 0.00000010702485 0.00000000000000 0.00000000380280
21.24849699398812 0.00000000000000 0.00000009884154 0.00000000000000 0.00000000347772
21.28757515030075 0.00000000000000 0.00000009128334 0.00000000000000 0.00000000318039
21.32665330661337 0.00000000000000 0.00000008430255 0.00000000000000 0.00000000290846
21.36573146292600 0.00000000000000 0.00000007785511 0.00000000000000 0.00000000265976
21.40480961923863 0.00000000000000 0.00000007190031 0.00000000000000 0.00000000243230
21.44388777555125 0.00000000000000 0.00000006640057 0.00000000000000 0.00000000222428
21.48296593186388 0.00000000000000 0.00000006132113 0.00000000000000 0.00000000203403
21.52204408817651 0.00000000000000 0.00000005662992 0.00000000000000 0.00000000186003
21.56112224448913 0.00000000000000 0.00000005229729 0.00000000000000 0.00000000170091
21.60020040080176 0.00000000000000 0.00000004829587 0.00000000000000 0.00000000155539
21.63927855711439 0.00000000000000 0.00000004460035 0.00000000000000 0.00000000142231
21.67835671342701 0.00000000000000 0.00000004118738 0.00000000000000 0.00000000130060
21.71743486973964 0.00000000000000 0.00000003803538 0.00000000000000 0.00000000118930
21.75651302605227 0.00000000000000 0.00000003512441 0.00000000000000 0.00000000108752
21.79559118236489 0.00000000000000 0.00000003243605 0.00000000000000 0.00000000099444
21.83466933867752 0.00000000000000 0.00000002995330 0.00000000000000 0.00000000090932
21.87374749499015 0.00000000000000 0.00000002766044 0.00000000000000 0.00000000083148
21.91282565130278 0.00000000000000 0.00000002554297 0.00000000000000 0.00000000076030
21.95190380761540 0.00000000000000 0.00000002358748 0.00000000000000 0.00000000069520
21.99098196392803 0.00000000000000 0.00000002178159 0.00000000000000 0.00000000063568
22.03006012024066 0.00000000000000 0.00000002011387 0.00000000000000 0.00000000058125
22.06913827655328 0.00000000000000 0.00000001857375 0.00000000000000 0.00000000053148
22.10821643286591 0.00000000000000 0.00000001715148 0.00000000000000 0.00000000048596
22.14729458917854 0.00000000000000 0.00000001583804 0.00000000000000 0.00000000044434
22.18637274549116 0.00000000000000 0.00000001462512 0.00000000000000 0.00000000040629
22.22545090180379 0.00000000000000 0.00000001350503 0.00000000000000 0.00000000037149
22.26452905811642 0.00000000000000 0.00000001247066 0.00000000000000 0.00000000033967
22.30360721442904 0.00000000000000 0.00000001151547 0.00000000000000 0.00000000031057
22.34268537074167 0.00000000000000 0.00000001063339 0.00000000000000 0.00000000028396
22.38176352705430 0.00000000000000 0.00000000981884 0.00000000000000 0.00000000025963
22.42084168336692 0.00000000000000 0.00000000906664 0.00000000000000 0.00000000023739
22.45991983967955 0.00000000000000 0.00000000837203 0.00000000000000 0.00000000021705
22.49899799599218 0.00000000000000 0.00000000773061 0.00000000000000 0.00000000019845
22.53807615230480 0.00000000000000 0.00000000713829 0.00000000000000 0.00000000018145
22.57715430861743 0.00000000000000 0.00000000659132 0.00000000000000 0.00000000016590
22.61623246493006 0.00000000000000 0.00000000608624 0.00000000000000 0.00000000015168
22.65531062124268 0.00000000000000 0.00000000561983 0.00000000000000 0.00000000013868
22.69438877755531 0.00000000000000 0.00000000518914 0.00000000000000 0.00000000012679
22.73346693386794 0.00000000000000 0.00000000479143 0.00000000000000 0.00000000011592
22.77254509018056 0.00000000000000 0.00000000442417 0.00000000000000 0.00000000010599
22.81162324649319 0.00000000000000 0.00000000408504 0.00000000000000 0.00000000009690
22.85070140280582 0.00000000000000 0.00000000377189 0.00000000000000 0.00000000008859
22.88977955911844 0.00000000000000 0.00000000348271 0.00000000000000 0.00000000008100
22.92885771543107 0.00000000000000 0.00000000321568 0.00000000000000 0.00000000007405
22.96793587174370 0.00000000000000 0.00000000296910 0.00000000000000 0.00000000006770
23.00701402805633 0.00000000000000 0.00000000274140 0.00000000000000 0.00000000006190
23.04609218436895 0.00000000000000 0.00000000253114 0.00000000000000 0.00000000005659
23.08517034068158 0.00000000000000 0.00000000233698 0.00000000000000 0.00000000005174
23.12424849699421 0.00000000000000 0.00000000215768 0.00000000000000 0.00000000004730
23.16332665330683 0.00000000000000 0.00000000199211 0.00000000000000 0.00000000004324
23.20240480961946 0.00000000000000 0.00000000183922 0.00000000000000 0.00000000003953
23.24148296593209 0.00000000000000 0.00000000169803 0.00000000000000 0.00000000003614
23.28056112224471 0.00000000000000 0.00000000156764 0.00000000000000 0.00000000003304
23.31963927855734 0.00000000000000 0.00000000144723 0.00000000000000 0.00000000003020
23.35871743486997 0.00000000000000 0.00000000133602 0.00000000000000 0.00000000002761
23.39779559118259 0.00000000000000 0.00000000123332 0.00000000000000 0.00000000002524
23.43687374749522 0.00000000000000 0.00000000113847 0.00000000000000 0.00000000002307
23.47595190380785 0.00000000000000 0.00000000105087 0.00000000000000 0.00000000002109
23.51503006012047 0.00000000000000 0.00000000096996 0.00000000000000 0.00000000001928
23.55410821643310 0.00000000000000 0.00000000089522 0.00000000000000 0.00000000001762
23.59318637274573 0.00000000000000 0.00000000082618 0.00000000000000 0.00000000001610
23.63226452905835 0.00000000000000 0.00000000076240 0.00000000000000 0.00000000001472
23.67134268537098 0.00000000000000 0.00000000070348 0.00000000000000 0.00000000001345
23.71042084168361 0.00000000000000 0.00000000064903 0.00000000000000 0.00000000001229
23.74949899799623 0.00000000000000 0.00000000059872 0.00000000000000 0.00000000001123
23.78857715430886 0.00000000000000 0.00000000055222 0.00000000000000 0.00000000001026
23.82765531062149 0.00000000000000 0.00000000050924 0.00000000000000 0.00000000000937
23.86673346693411 0.00000000000000 0.00000000046950 0.00000000000000 0.00000000000856
23.90581162324674 0.00000000000000 0.00000000043275 0.00000000000000 0.00000000000782
23.94488977955937 0.00000000000000 0.00000000039876 0.00000000000000 0.00000000000714
23.98396793587199 0.00000000000000 0.00000000036731 0.00000000000000 0.00000000000652
24.02304609218462 0.00000000000000 0.00000000033819 0.00000000000000 0.00000000000594
24.06212424849725 0.00000000000000 0.00000000031124 0.00000000000000 0.00000000000542
24.10120240480988 0.00000000000000 0.00000000028626 0.00000000000000 0.00000000000494
24.14028056112250 0.00000000000000 0.00000000026311 0.00000000000000 0.00000000000450
24.17935871743513 0.00000000000000 0.00000000024163 0.00000000000000 0.00000000000410
24.21843687374776 0.00000000000000 0.00000000022170 0.00000000000000 0.00000000000373
24.25751503006038 0.00000000000000 0.00000000020317 0.00000000000000 0.00000000000339
24.29659318637301 0.00000000000000 0.00000000018595 0.00000000000000 0.00000000000308
24.33567134268564 0.00000000000000 0.00000000016990 0.00000000000000 0.00000000000279
24.37474949899826 0.00000000000000 0.00000000015494 0.00000000000000 0.00000000000253
24.41382765531089 0.00000000000000 0.00000000014097 0.00000000000000 0.00000000000228
24.45290581162352 0.00000000000000 0.00000000012789 0.00000000000000 0.00000000000206
24.49198396793614 0.00000000000000 0.00000000011563 0.00000000000000 0.00000000000185
24.53106212424877 0.00000000000000 0.00000000010411 0.00000000000000 0.00000000000165
24.57014028056140 0.00000000000000 0.00000000009325 0.00000000000000 0.00000000000147
24.60921843687402 0.00000000000000 0.00000000008298 0.00000000000000 0.00000000000130
24.64829659318665 0.00000000000000 0.00000000007325 0.00000000000000 0.00000000000115
24.68737474949928 0.00000000000000 0.00000000006398 0.00000000000000 0.00000000000100
24.72645290581190 0.00000000000000 0.00000000005512 0.00000000000000 0.00000000000085
24.76553106212453 0.00000000000000 0.00000000004661 0.00000000000000 0.00000000000072
24.80460921843716 0.00000000000000 0.00000000003839 0.00000000000000 0.00000000000059
24.84368737474978 0.00000000000000 0.00000000003043 0.00000000000000 0.00000000000047
24.88276553106241 0.00000000000000 0.00000000002265 0.00000000000000 0.00000000000035
24.92184368737504 0.00000000000000 0.00000000001502 0.00000000000000 0.00000000000023
24.96092184368766 0.00000000000000 0.00000000000749 0.00000000000000 0.00000000000011
25.00000000000029 0.00000000000000 0.00000000000000 0.00000000000000 0.00000000000000
