5.50000000000000 0.00000000000000 0.00000000000000 0.00000000000000 0.00000000000000
5.53907815631263 0.00000000000000 0.00000000003152 0.00000000000000 -0.00000000003183
5.57815631262525 0.00000000000000 0.00000000012010 0.00000000000000 -0.00000000012130
5.61723446893788 0.00000000000000 0.00000000040839 0.00000000000000 -0.00000000041257
5.65631262525050 0.00000000000000 0.00000000131863 0.00000000000000 -0.00000000133257
5.69539078156313 0.00000000000000 0.00000000406770 0.00000000000000 -0.00000000411188
5.73446893787575 0.00000000000000 0.00000001200937 0.00000000000000 -0.00000001214307
5.77354709418838 0.00000000000000 0.00000003398081 0.00000000000000 -0.00000003436757
5.81262525050100 0.00000000000000 0.00000009226750 0.00000000000000 -0.00000009333861
5.85170340681363 0.00000000000000 0.00000024071623 0.00000000000000 -0.00000024356006
5.89078156312625 0.00000000000000 0.00000060412390 0.00000000000000 -0.00000061137156
5.92985971943888 0.00000000000000 0.00000146021435 0.00000000000000 -0.00000147796680
5.96893787575150 0.00000000000000 0.00000340304277 0.00000000000000 -0.00000344488345
6.00801603206413 0.00000000000000 0.00000765514927 0.00000000000000 -0.00000775014660
6.04709418837675 0.00000000000000 0.00001663934544 0.00000000000000 -0.00001684734771
6.08617234468938 0.00000000000000 0.00003498340706 0.00000000000000 -0.00003542307038
6.12525050100200 0.00000000000000 0.00007121390527 0.00000000000000 -0.00007211195388
6.16432865731463 0.00000000000000 0.00014049628501 0.00000000000000 -0.00014227055443
6.20340681362725 0.00000000000000 0.00026888714053 0.00000000000000 -0.00027228083682
6.24248496993988 0.00000000000000 0.00049966140135 0.00000000000000 -0.00050595116668
6.28156312625250 0.00000000000000 0.00090233009188 0.00000000000000 -0.00091363478900
6.32064128256513 0.00000000000000 0.00158493091614 0.00000000000000 -0.00160464976287
6.35971943887775 0.00000000000000 0.00270999709736 0.00000000000000 -0.00274340239738
6.39879759519038 0.00000000000000 0.00451415676086 0.00000000000000 -0.00456915403773
6.43787575150300 0.00000000000000 0.00733056253505 0.00000000000000 -0.00741860575392
6.47695390781563 0.00000000000000 0.01161273777956 0.00000000000000 -0.01174985226083
6.51603206412825 0.00000000000000 0.01795716394073 0.00000000000000 -0.01816497882453
6.55511022044088 0.00000000000000 0.02712080839200 0.00000000000000 -0.02742743992682
6.59418837675350 0.00000000000000 0.04002876342678 0.00000000000000 -0.04046932695097
6.63326653306613 0.00000000000000 0.05776648639398 0.00000000000000 -0.05838296011109
6.67234468937875 0.00000000000000 0.08155107035354 0.00000000000000 -0.08239120299683
6.71142284569138 0.00000000000000 0.11267677177503 0.00000000000000 -0.11379173573010
6.75050100200400 0.00000000000000 0.15243183048533 0.00000000000000 -0.15387238692860
6.78957915831663 0.00000000000000 0.20198645286320 0.00000000000000 -0.20379752500256
6.82865731462925 0.00000000000000 0.26225553036450 0.00000000000000 -0.26446927299339
6.86773547094188 0.00000000000000 0.33374388114465 0.00000000000000 -0.33637157156128
6.90681362725450 0.00000000000000 0.41638601723199 0.00000000000000 -0.41940933819629
6.94589178356713 0.00000000000000 0.50939602657359 0.00000000000000 -0.51275861570267
6.98496993987975 0.00000000000000 0.61114542308435 0.00000000000000 -0.61474651712936
7.02404809619238 0.00000000000000 0.71908722903997 0.00000000000000 -0.72277887131194
7.06312625250500 0.00000000000000 0.82974299024671 0.00000000000000 -0.83333188755746
7.10220440881763 0.00000000000000 0.93876481916801 0.00000000000000 -0.94202028959522
7.14128256513025 0.00000000000000 1.04107907856875 0.00000000000000 -1.04374811274661
7.18036072144288 0.00000000000000 1.13111076316343 0.00000000000000 -1.13294063502266
7.21943887775550 0.00000000000000 1.20307938653984 0.00000000000000 -1.20384754595964
7.25851703406813 0.00000000000000 1.25134920897751 0.00000000000000 -1.25089940359527
7.29759519038075 0.00000000000000 1.27080985177924 0.00000000000000 -1.26909264647460
7.33667334669338 0.00000000000000 1.25725857005194 0.00000000000000 -1.25437376297365
7.37575150300600 0.00000000000000 1.20775331413260 0.00000000000000 -1.20399128812200
7.41482965931863 0.00000000000000 1.12090651177682 0.00000000000000 -1.11678539313599
7.45390781563125 0.00000000000000 0.99709321993255 0.00000000000000 -0.99338889485090
7.49298597194388 0.00000000000000 0.83855356746475 0.00000000000000 -0.83632013974746
7.53206412825650 0.00000000000000 0.64937760307725 0.00000000000000 -0.64995672629733
7.57114228456913 0.00000000000000 0.43536994990251 0.00000000000000 -0.44038854591172
7.61022044088175 0.00000000000000 0.20380113764252 0.00000000000000 -0.21515819437081
7.64929859719438 0.00000000000000 -0.03693875643735 0.00000000000000 0.01709448494549
7.68837675350700 0.00000000000000 -0.27776124934950 0.00000000000000 0.24705989834357
7.72745490981963 0.00000000000000 -0.50934725923603 0.00000000000000 0.46522955708997
7.76653306613225 0.00000000000000 -0.72263066632703 0.00000000000000 0.66237927634471
7.80561122244488 0.00000000000000 -0.90926644001668 0.00000000000000 0.83003393878899
7.84468937875750 0.00000000000000 -1.06205424725159 0.00000000000000 0.96088564393561
7.88376753507013 0.00000000000000 -1.17529260679298 0.00000000000000 1.04914162508777
7.92284569138275 0.00000000000000 -1.24504436948463 0.00000000000000 1.09078429543558
7.96192384769538 0.00000000000000 -1.26930102059960 0.00000000000000 1.08373257058600
8.00100200400800 0.00000000000000 -1.24804042518056 0.00000000000000 1.02790059219159
8.04008016032063 0.00000000000000 -1.18317960817870 0.00000000000000 0.92515658740997
8.07915831663325 0.00000000000000 -1.07843048781840 0.00000000000000 0.77919038292973
8.11823647294588 0.00000000000000 -0.93907177630778 0.00000000000000 0.59530271923236
8.15731462925850 0.00000000000000 -0.77165426132863 0.00000000000000 0.38013278818897
8.19639278557113 0.00000000000000 -0.58365924518690 0.00000000000000 0.14134228685276
8.23547094188375 0.00000000000000 -0.38313102626382 0.00000000000000 -0.11272519780113
8.27454909819638 0.00000000000000 -0.17830404442862 0.00000000000000 -0.37339133116811
8.31362725450900 0.00000000000000 0.02275615270260 0.00000000000000 -0.63198020767215
8.35270541082163 0.00000000000000 0.21248140339287 0.00000000000000 -0.88013144159200
8.39178356713425 0.00000000000000 0.38408531223931 0.00000000000000 -1.11007788526375
8.43086172344688 0.00000000000000 0.53179352314183 0.00000000000000 -1.31487973366195
8.46993987975950 0.00000000000000 0.65101363446582 0.00000000000000 -1.48860981424868
8.50901803607213 0.00000000000000 0.73844217360388 0.00000000000000 -1.62648771749853
8.54809619238475 0.00000000000000 0.79210943531867 0.00000000000000 -1.72496296493290
8.58717434869738 0.00000000000000 0.81136593677548 0.00000000000000 -1.78174955189488
8.62625250501000 0.00000000000000 0.79681664269472 0.00000000000000 -1.79581589785852
8.66533066132263 0.00000000000000 0.75021090568187 0.00000000000000 -1.76733547992599
8.70440881763525 0.00000000000000 0.67429723346090 0.00000000000000 -1.69760423586683
8.74348697394788 0.00000000000000 0.57265255919761 0.00000000000000 -1.58893124264091
8.78256513026050 0.00000000000000 0.44949570736066 0.00000000000000 -1.44450925888869
8.82164328657313 0.00000000000000 0.30949429259012 0.00000000000000 -1.26827152588716
8.86072144288575 0.00000000000000 0.15757345435676 0.00000000000000 -1.06474081260918
8.89979959919838 0.00000000000000 -0.00126628594717 0.00000000000000 -0.83887612557298
8.93887775551100 0.00000000000000 -0.16211605838575 0.00000000000000 -0.59592183633597
8.97795591182363 0.00000000000000 -0.32030597197009 0.00000000000000 -0.34126325482681
9.01703406813625 0.00000000000000 -0.47152953981964 0.00000000000000 -0.08029193346504
9.05611222444888 0.00000000000000 -0.61194334565362 0.00000000000000 0.18171674433734
9.09519038076150 0.00000000000000 -0.73824132120419 0.00000000000000 0.43971183394009
9.13426853707413 0.00000000000000 -0.84770407657542 0.00000000000000 0.68895974450243
9.17334669338675 0.00000000000000 -0.93822461964094 0.00000000000000 0.92512116745859
9.21242484969938 0.00000000000000 -1.00831250457976 0.00000000000000 1.14431189792590
9.25150300601200 0.00000000000000 -1.05707896325406 0.00000000000000 1.34314786687142
9.29058116232463 0.00000000000000 -1.08420590524894 0.00000000000000 1.51877506702097
9.32965931863725 0.00000000000000 -1.08990183898202 0.00000000000000 1.66888534941545
9.36873747494988 0.00000000000000 -1.07484778819767 0.00000000000000 1.79171929375592
9.40781563126250 0.00000000000000 -1.04013617912801 0.00000000000000 1.88605751894308
9.44689378757513 0.00000000000000 -0.98720547852398 0.00000000000000 1.95120190601699
9.48597194388775 0.00000000000000 -0.91777309623265 0.00000000000000 1.98694826006094
9.52505010020038 0.00000000000000 -0.83376875119436 0.00000000000000 1.99355194685930
9.56412825651300 0.00000000000000 -0.73727015757829 0.00000000000000 1.97168801060403
9.60320641282563 0.00000000000000 -0.63044253641349 0.00000000000000 1.92240721709279
9.64228456913825 0.00000000000000 -0.51548311258736 0.00000000000000 1.84708937884142
9.68136272545088 0.00000000000000 -0.39457142943296 0.00000000000000 1.74739521025175
9.72044088176350 0.00000000000000 -0.26982601223904 0.00000000000000 1.62521783796915
9.75951903807613 0.00000000000000 -0.14326764402212 0.00000000000000 1.48263495892498
9.79859719438875 0.00000000000000 -0.01678928543301 0.00000000000000 1.32186250088029
9.83767535070138 0.00000000000000 0.10786752276361 0.00000000000000 1.14521050162298
9.87675350701400 0.00000000000000 0.22913009184853 0.00000000000000 0.95504178680998
9.91583166332663 0.00000000000000 0.34560628865118 0.00000000000000 0.75373389570971
9.95490981963925 0.00000000000000 0.45609103308578 0.00000000000000 0.54364458114211
9.99398797595188 0.00000000000000 0.55956816823508 0.00000000000000 0.32708109654725
10.03306613226450 0.00000000000000 0.65520831093279 0.00000000000000 0.10627338063888
10.07214428857713 0.00000000000000 0.74236329780014 0.00000000000000 -0.11664884064987
10.11122244488975 0.00000000000000 0.82055783021144 0.00000000000000 -0.33967509383650
10.15030060120238 0.00000000000000 0.88947889549387 0.00000000000000 -0.56092946451689
10.18937875751500 0.00000000000000 0.94896350433957 0.00000000000000 -0.77868235081550
10.22845691382763 0.00000000000000 0.99898523911859 0.00000000000000 -0.99135888665573
10.26753507014025 0.00000000000000 1.03964005734507 0.00000000000000 -1.19754429031437
10.30661322645288 0.00000000000000 1.07113174138306 0.00000000000000 -1.39598641639690
10.34569138276550 0.00000000000000 1.09375733160047 0.00000000000000 -1.58559580322237
10.38476953907813 0.00000000000000 1.10789282722569 0.00000000000000 -1.76544351367146
10.42384769539075 0.00000000000000 1.11397938841134 0.00000000000000 -1.93475706688346
10.46292585170338 0.00000000000000 1.11251022541915 0.00000000000000 -2.09291475183263
10.50200400801600 0.00000000000000 1.10401831708112 0.00000000000000 -2.23943860278252
10.54108216432863 0.00000000000000 1.08906506119056 0.00000000000000 -2.37398630186365
10.58016032064125 0.00000000000000 1.06822992444918 0.00000000000000 -2.49634225643060
10.61923847695388 0.00000000000000 1.04210112909418 0.00000000000000 -2.60640807923430
10.65831663326650 0.00000000000000 1.01126738726309 0.00000000000000 -2.70419267851174
10.69739478957913 0.00000000000000 0.97631067233650 0.00000000000000 -2.78980214347713
10.73647294589175 0.00000000000000 0.93779999866132 0.00000000000000 -2.86342958893561
10.77555110220438 0.00000000000000 0.89628616688387 0.00000000000000 -2.92534510128402
10.81462925851700 0.00000000000000 0.85229742126121 0.00000000000000 -2.97588590738447
10.85370741482963 0.00000000000000 0.80633595740672 0.00000000000000 -3.01544686798818
10.89278557114225 0.00000000000000 0.75887521359478 0.00000000000000 -3.04447137877271
10.93186372745488 0.00000000000000 0.71035787564133 0.00000000000000 -3.06344274479644
10.97094188376750 0.00000000000000 0.66119452415058 0.00000000000000 -3.07287607837547
11.01002004008013 0.00000000000000 0.61176285325416 0.00000000000000 -3.07331075610742
11.04909819639275 0.00000000000000 0.56240739157370 0.00000000000000 -3.06530345802196
11.08817635270538 0.00000000000000 0.51343965874643 0.00000000000000 -3.04942180061200
11.12725450901800 0.00000000000000 0.46513869422871 0.00000000000000 -3.02623856575009
11.16633266533063 0.00000000000000 0.41775189902856 0.00000000000000 -2.99632651915538
11.20541082164325 0.00000000000000 0.37149613533372 0.00000000000000 -2.96025380506762
11.24448897795588 0.00000000000000 0.32655903354530 0.00000000000000 -2.91857989801295
11.28356713426850 0.00000000000000 0.28310046087017 0.00000000000000 -2.87185208791160
11.32264529058113 0.00000000000000 0.24125411026118 0.00000000000000 -2.82060247117623
11.36172344689375 0.00000000000000 0.20112917303985 0.00000000000000 -2.76534541777564
11.40080160320638 0.00000000000000 0.16281206292305 0.00000000000000 -2.70657548238821
11.43987975951900 0.00000000000000 0.12636816335306 0.00000000000000 -2.64476572664083
11.47895791583163 0.00000000000000 0.09184357396224 0.00000000000000 -2.58036641892597
11.51803607214425 0.00000000000000 0.05926683566418 0.00000000000000 -2.51380407832008
11.55711422845688 0.00000000000000 0.02865061723734 0.00000000000000 -2.44548082960587
11.59619238476950 0.00000000000000 -0.00000665065172 0.00000000000000 -2.37577403725123
11.63527054108213 0.00000000000000 -0.02671920525061 0.00000000000000 -2.30503618734641
11.67434869739475 0.00000000000000 -0.05151245411427 0.00000000000000 -2.23359498788577
11.71342685370738 0.00000000000000 -0.07442155663241 0.00000000000000 -2.16175365934190
11.75250501002000 0.00000000000000 -0.09549008927872 0.00000000000000 -2.08979138916971
11.79158316633263 0.00000000000000 -0.11476879746334 0.00000000000000 -2.01796392565057
11.83066132264525 0.00000000000000 -0.13231443539756 0.00000000000000 -1.94650428830434
11.86973947895788 0.00000000000000 -0.14818869412377 0.00000000000000 -1.87562357392857
11.90881763527050 0.00000000000000 -0.16245721680502 0.00000000000000 -1.80551183914054
11.94789579158313 0.00000000000000 -0.17518869949002 0.00000000000000 -1.73633904207877
11.98697394789575 0.00000000000000 -0.18645407485329 0.00000000000000 -1.66825602764622
12.02605210420838 0.00000000000000 -0.19632577583853 0.00000000000000 -1.60139554233477
12.06513026052100 0.00000000000000 -0.20487707569079 0.00000000000000 -1.53587326624792
12.10420841683363 0.00000000000000 -0.21218150053353 0.00000000000000 -1.47178885142852
12.14328657314625 0.00000000000000 -0.21831231041577 0.00000000000000 -1.40922695699499
12.18236472945888 0.00000000000000 -0.22334204460979 0.00000000000000 -1.34825827289033
12.22144288577150 0.00000000000000 -0.22734212686707 0.00000000000000 -1.28894052525107
12.26052104208413 0.00000000000000 -0.23038252633067 0.00000000000000 -1.23131945750942
12.29959919839675 0.00000000000000 -0.23253146984343 0.00000000000000 -1.17542978235178
12.33867735470938 0.00000000000000 -0.23385520147633 0.00000000000000 -1.12129610057409
12.37775551102200 0.00000000000000 -0.23441778521986 0.00000000000000 -1.06893378370149
12.41683366733463 0.00000000000000 -0.23428094692838 0.00000000000000 -1.01834981798147
12.45591182364725 0.00000000000000 -0.23350395177452 0.00000000000000 -0.96954360802006
12.49498997995988 0.00000000000000 -0.23214351365459 0.00000000000000 -0.92250773891437
12.53406813627250 0.00000000000000 -0.23025373317948 0.00000000000000 -0.87722869624741
12.57314629258513 0.00000000000000 -0.22788606108698 0.00000000000000 -0.83368754375700
12.61222444889775 0.00000000000000 -0.22508928411525 0.00000000000000 -0.79186055887575
12.65130260521038 0.00000000000000 -0.22190953058200 0.00000000000000 -0.75171982666746
12.69038076152300 0.00000000000000 -0.21839029311616 0.00000000000000 -0.71323379296281
12.72945891783563 0.00000000000000 -0.21457246618736 0.00000000000000 -0.67636777772776
12.76853707414825 0.00000000000000 -0.21049439627124 0.00000000000000 -0.64108444988715
12.80761523046088 0.00000000000000 -0.20619194267434 0.00000000000000 -0.60734426497641
12.84669338677350 0.00000000000000 -0.20169854722007 0.00000000000000 -0.57510586711235
12.88577154308613 0.00000000000000 -0.19704531116693 0.00000000000000 -0.54432645686081
12.92484969939875 0.00000000000000 -0.19226107788966 0.00000000000000 -0.51496212664051
12.96392785571138 0.00000000000000 -0.18737252000551 0.00000000000000 -0.48696816534062
13.00300601202400 0.00000000000000 -0.18240422976838 0.00000000000000 -0.46029933384737
13.04208416833663 0.00000000000000 -0.17737881168591 0.00000000000000 -0.43491011317654
13.08116232464925 0.00000000000000 -0.17231697643636 0.00000000000000 -0.41075492689439
13.12024048096188 0.00000000000000 -0.16723763527577 0.00000000000000 -0.38778833948373
13.15931863727450 0.00000000000000 -0.16215799422945 0.00000000000000 -0.36596523227540
13.19839679358713 0.00000000000000 -0.15709364745792 0.00000000000000 -0.34524095852018
13.23747494989975 0.00000000000000 -0.15205866927420 0.00000000000000 -0.32557147912470
13.27655310621238 0.00000000000000 -0.14706570436924 0.00000000000000 -0.30691348051761
13.31563126252500 0.00000000000000 -0.14212605587380 0.00000000000000 -0.28922447605105
13.35470941883763 0.00000000000000 -0.13724977095042 0.00000000000000 -0.27246289227855
13.39378757515025 0.00000000000000 -0.13244572366738 0.00000000000000 -0.25658814138430
13.43286573146288 0.00000000000000 -0.12772169495874 0.00000000000000 -0.24156068097180
13.47194388777550 0.00000000000000 -0.12308444952152 0.00000000000000 -0.22734206235246
13.51102204408813 0.00000000000000 -0.11853980954172 0.00000000000000 -0.21389496840777
13.55010020040075 0.00000000000000 -0.11409272517816 0.00000000000000 -0.20118324203236
13.58917835671338 0.00000000000000 -0.10974734176424 0.00000000000000 -0.18917190610052
13.62825651302600 0.00000000000000 -0.10550706371622 0.00000000000000 -0.17782717583534
13.66733466933863 0.00000000000000 -0.10137461516043 0.00000000000000 -0.16711646439869
13.70641282565125 0.00000000000000 -0.09735209731250 0.00000000000000 -0.15700838246062
13.74549098196388 0.00000000000000 -0.09344104265947 0.00000000000000 -0.14747273245085
13.78456913827650 0.00000000000000 -0.08964246601044 0.00000000000000 -0.13848049813983
13.82364729458913 0.00000000000000 -0.08595691249356 0.00000000000000 -0.13000383014624
13.86272545090175 0.00000000000000 -0.08238450258750 0.00000000000000 -0.12201602791777
13.90180360721438 0.00000000000000 -0.07892497428339 0.00000000000000 -0.11449151868653
13.94088176352700 0.00000000000000 -0.07557772247954 0.00000000000000 -0.10740583385611
13.97995991983963 0.00000000000000 -0.07234183571610 0.00000000000000 -0.10073558323656
14.01903807615225 0.00000000000000 -0.06921613035978 0.00000000000000 -0.09445842750476
14.05811623246488 0.00000000000000 -0.06619918235118 0.00000000000000 -0.08855304923186
14.09719438877750 0.00000000000000 -0.06328935662811 0.00000000000000 -0.08299912278569
14.13627254509013 0.00000000000000 -0.06048483433827 0.00000000000000 -0.07777728338481
14.17535070140275 0.00000000000000 -0.05778363795425 0.00000000000000 -0.07286909555200
14.21442885771538 0.00000000000000 -0.05518365440210 0.00000000000000 -0.06825702118781
14.25350701402800 0.00000000000000 -0.05268265631306 0.00000000000000 -0.06392438746057
14.29258517034063 0.00000000000000 -0.05027832150528 0.00000000000000 -0.05985535468568
14.33166332665325 0.00000000000000 -0.04796825079999 0.00000000000000 -0.05603488434678
14.37074148296588 0.00000000000000 -0.04574998427292 0.00000000000000 -0.05244870739156
14.40981963927850 0.00000000000000 -0.04362101603884 0.00000000000000 -0.04908329291779
14.44889779559113 0.00000000000000 -0.04157880766321 0.00000000000000 -0.04592581734882
14.48797595190375 0.00000000000000 -0.03962080029143 0.00000000000000 -0.04296413418342
14.52705410821638 0.00000000000000 -0.03774442558216 0.00000000000000 -0.04018674439152
14.56613226452900 0.00000000000000 -0.03594711552747 0.00000000000000 -0.03758276751531
14.60521042084163 0.00000000000000 -0.03422631123877 0.00000000000000 -0.03514191352457
14.64428857715425 0.00000000000000 -0.03257947077326 0.00000000000000 -0.03285445546513
14.68336673346688 0.00000000000000 -0.03100407607223 0.00000000000000 -0.03071120293085
14.72244488977950 0.00000000000000 -0.02949763907853 0.00000000000000 -0.02870347638161
14.76152304609213 0.00000000000000 -0.02805770709682 0.00000000000000 -0.02682308232290
14.80060120240475 0.00000000000000 -0.02668186745663 0.00000000000000 -0.02506228935628
14.83967935871738 0.00000000000000 -0.02536775153487 0.00000000000000 -0.02341380510501
14.87875751503000 0.00000000000000 -0.02411303819083 0.00000000000000 -0.02187075401369
14.91783567134263 0.00000000000000 -0.02291545666360 0.00000000000000 -0.02042665601732
14.95691382765525 0.00000000000000 -0.02177278897850 0.00000000000000 -0.01907540607093
14.99599198396788 0.00000000000000 -0.02068287190638 0.00000000000000 -0.01781125452830
15.03507014028050 0.00000000000000 -0.01964359851632 0.00000000000000 -0.01662878835529
15.07414829659313 0.00000000000000 -0.01865291936004 0.00000000000000 -0.01552291316127
15.11322645290575 0.00000000000000 -0.01770884332307 0.00000000000000 -0.01448883603008
15.15230460921838 0.00000000000000 -0.01680943817584 0.00000000000000 -0.01352204913056
15.19138276553100 0.00000000000000 -0.01595283085501 0.00000000000000 -0.01261831408534
15.23046092184363 0.00000000000000 -0.01513720750337 0.00000000000000 -0.01177364707551
15.26953907815625 0.00000000000000 -0.01436081329438 0.00000000000000 -0.01098430465827
15.30861723446888 0.00000000000000 -0.01362195206551 0.00000000000000 -0.01024677027398
15.34769539078150 0.00000000000000 -0.01291898578269 0.00000000000000 -0.00955774141861
15.38677354709413 0.00000000000000 -0.01225033385613 0.00000000000000 -0.00891411745757
15.42585170340675 0.00000000000000 -0.01161447232650 0.00000000000000 -0.00831298805670
15.46492985971938 0.00000000000000 -0.01100993293865 0.00000000000000 -0.00775162220658
15.50400801603200 0.00000000000000 -0.01043530211860 0.00000000000000 -0.00722745781595
15.54308617234463 0.00000000000000 -0.00988921986831 0.00000000000000 -0.00673809185105
15.58216432865725 0.00000000000000 -0.00937037859120 0.00000000000000 -0.00628127099742
15.62124248496988 0.00000000000000 -0.00887752186062 0.00000000000000 -0.00585488282162
15.66032064128250 0.00000000000000 -0.00840944314192 0.00000000000000 -0.00545694741038
15.69939879759513 0.00000000000000 -0.00796498447802 0.00000000000000 -0.00508560946573
15.73847695390775 0.00000000000000 -0.00754303514739 0.00000000000000 -0.00473913083481
15.77755511022038 0.00000000000000 -0.00714253030233 0.00000000000000 -0.00441588345390
15.81663326653300 0.00000000000000 -0.00676244959495 0.00000000000000 -0.00411434268684
15.85571142284563 0.00000000000000 -0.00640181579695 0.00000000000000 -0.00383308103856
15.89478957915825 0.00000000000000 -0.00605969341924 0.00000000000000 -0.00357076222520
15.93386773547088 0.00000000000000 -0.00573518733637 0.00000000000000 -0.00332613558290
15.97294589178350 0.00000000000000 -0.00542744142020 0.00000000000000 -0.00309803079813
16.01202404809613 0.00000000000000 -0.00513563718693 0.00000000000000 -0.00288535294287
16.05110220440876 0.00000000000000 -0.00485899246089 0.00000000000000 -0.00268707779896
16.09018036072138 0.00000000000000 -0.00459676005804 0.00000000000000 -0.00250224745625
16.12925851703401 0.00000000000000 -0.00434822649190 0.00000000000000 -0.00232996617002
16.16833667334664 0.00000000000000 -0.00411271070410 0.00000000000000 -0.00216939646379
16.20741482965926 0.00000000000000 -0.00388956282141 0.00000000000000 -0.00201975546415
16.24649298597189 0.00000000000000 -0.00367816294078 0.00000000000000 -0.00188031145497
16.28557114228452 0.00000000000000 -0.00347791994380 0.00000000000000 -0.00175038063877
16.32464929859714 0.00000000000000 -0.00328827034153 0.00000000000000 -0.00162932409390
16.36372745490977 0.00000000000000 -0.00310867715043 0.00000000000000 -0.00151654491629
16.40280561122240 0.00000000000000 -0.00293862880022 0.00000000000000 -0.00141148553563
16.44188376753502 0.00000000000000 -0.00277763807375 0.00000000000000 -0.00131362519578
16.48096192384765 0.00000000000000 -0.00262524107940 0.00000000000000 -0.00122247759014
16.52004008016028 0.00000000000000 -0.00248099625595 0.00000000000000 -0.00113758864306
16.55911823647291 0.00000000000000 -0.00234448340991 0.00000000000000 -0.00105853442865
16.59819639278553 0.00000000000000 -0.00221530278519 0.00000000000000 -0.00098491921916
16.63727454909816 0.00000000000000 -0.00209307416475 0.00000000000000 -0.00091637365514
16.67635270541079 0.00000000000000 -0.00197743600401 0.00000000000000 -0.00085255303027
16.71543086172341 0.00000000000000 -0.00186804459549 0.00000000000000 -0.00079313568407
16.75450901803604 0.00000000000000 -0.00176457326418 0.00000000000000 -0.00073782149592
16.79358717434867 0.00000000000000 -0.00166671159320 0.00000000000000 -0.00068633047446
16.83266533066129 0.00000000000000 -0.00157416467891 0.00000000000000 -0.00063840143649
16.87174348697392 0.00000000000000 -0.00148665241514 0.00000000000000 -0.00059379076999
16.91082164328655 0.00000000000000 -0.00140390880556 0.00000000000000 -0.00055227127616
16.94989979959917 0.00000000000000 -0.00132568130363 0.00000000000000 -0.00051363108563
16.98897795591180 0.00000000000000 -0.00125173017941 0.00000000000000 -0.00047767264421
17.02805611222443 0.00000000000000 -0.00118182791243 0.00000000000000 -0.00044421176402
17.06713426853705 0.00000000000000 -0.00111575860983 0.00000000000000 -0.00041307673588
17.10621242484968 0.00000000000000 -0.00105331744910 0.00000000000000 -0.00038410749909
17.14529058116231 0.00000000000000 -0.00099431014459 0.00000000000000 -0.00035715486517
17.18436873747493 0.00000000000000 -0.00093855243699 0.00000000000000 -0.00033207979203
17.22344689378756 0.00000000000000 -0.00088586960511 0.00000000000000 -0.00030875270549
17.26252505010019 0.00000000000000 -0.00083609599905 0.00000000000000 -0.00028705286514
17.30160320641281 0.00000000000000 -0.00078907459416 0.00000000000000 -0.00026686777174
17.34068136272544 0.00000000000000 -0.00074465656496 0.00000000000000 -0.00024809261348
17.37975951903807 0.00000000000000 -0.00070270087827 0.00000000000000 -0.00023062974870
17.41883767535069 0.00000000000000 -0.00066307390487 0.00000000000000 -0.00021438822271
17.45791583166332 0.00000000000000 -0.00062564904900 0.00000000000000 -0.00019928331646
17.49699398797595 0.00000000000000 -0.00059030639495 0.00000000000000 -0.00018523612517
17.53607214428857 0.00000000000000 -0.00055693237008 0.00000000000000 -0.00017217316479
17.57515030060120 0.00000000000000 -0.00052541942367 0.00000000000000 -0.00016002600472
17.61422845691383 0.00000000000000 -0.00049566572088 0.00000000000000 -0.00014873092483
17.65330661322646 0.00000000000000 -0.00046757485123 0.00000000000000 -0.00013822859547
17.69238476953908 0.00000000000000 -0.00044105555099 0.00000000000000 -0.00012846377876
17.73146292585171 0.00000000000000 -0.00041602143892 0.00000000000000 -0.00011938504991
17.77054108216434 0.00000000000000 -0.00039239076473 0.00000000000000 -0.00011094453720
17.80961923847696 0.00000000000000 -0.00037008616979 0.00000000000000 -0.00010309767934
17.84869739478959 0.00000000000000 -0.00034903445946 0.00000000000000 -0.00009580299928
17.88777555110222 0.00000000000000 -0.00032916638661 0.00000000000000 -0.00008902189310
17.92685370741484 0.00000000000000 -0.00031041644581 0.00000000000000 -0.00008271843322
17.96593186372747 0.00000000000000 -0.00029272267767 0.00000000000000 -0.00007685918483
18.00501002004010 0.00000000000000 -0.00027602648295 0.00000000000000 -0.00007141303482
18.04408817635272 0.00000000000000 -0.00026027244591 0.00000000000000 -0.00006635103219
18.08316633266535 0.00000000000000 -0.00024540816652 0.00000000000000 -0.00006164623933
18.12224448897798 0.00000000000000 -0.00023138410114 0.00000000000000 -0.00005727359339
18.16132264529060 0.00000000000000 -0.00021815341122 0.00000000000000 -0.00005320977710
18.20040080160323 0.00000000000000 -0.00020567181970 0.00000000000000 -0.00004943309830
18.23947895791586 0.00000000000000 -0.00019389747470 0.00000000000000 -0.00004592337775
18.27855711422848 0.00000000000000 -0.00018279082015 0.00000000000000 -0.00004266184459
18.31763527054111 0.00000000000000 -0.00017231447312 0.00000000000000 -0.00003963103886
18.35671342685374 0.00000000000000 -0.00016243310740 0.00000000000000 -0.00003681472083
18.39579158316636 0.00000000000000 -0.00015311334310 0.00000000000000 -0.00003419778637
18.43486973947899 0.00000000000000 -0.00014432364199 0.00000000000000 -0.00003176618825
18.47394789579162 0.00000000000000 -0.00013603420820 0.00000000000000 -0.00002950686278
18.51302605210424 0.00000000000000 -0.00012821689420 0.00000000000000 -0.00002740766146
18.55210420841687 0.00000000000000 -0.00012084511161 0.00000000000000 -0.00002545728744
18.59118236472950 0.00000000000000 -0.00011389374669 0.00000000000000 -0.00002364523617
18.63026052104212 0.00000000000000 -0.00010733908029 0.00000000000000 -0.00002196174036
18.66933867735475 0.00000000000000 -0.00010115871199 0.00000000000000 -0.00002039771853
18.70841683366738 0.00000000000000 -0.00009533148830 0.00000000000000 -0.00001894472723
18.74749498998001 0.00000000000000 -0.00008983743454 0.00000000000000 -0.00001759491655
18.78657314629263 0.00000000000000 -0.00008465769048 0.00000000000000 -0.00001634098864
18.82565130260526 0.00000000000000 -0.00007977444929 0.00000000000000 -0.00001517615919
18.86472945891789 0.00000000000000 -0.00007517089980 0.00000000000000 -0.00001409412150
18.90380761523051 0.00000000000000 -0.00007083117181 0.00000000000000 -0.00001308901309
18.94288577154314 0.00000000000000 -0.00006674028437 0.00000000000000 -0.00001215538460
18.98196392785577 0.00000000000000 -0.00006288409676 0.00000000000000 -0.00001128817086
19.02104208416839 0.00000000000000 -0.00005924926223 0.00000000000000 -0.00001048266396
19.06012024048102 0.00000000000000 -0.00005582318405 0.00000000000000 -0.00000973448824
19.09919839679365 0.00000000000000 -0.00005259397414 0.00000000000000 -0.00000903957691
19.13827655310627 0.00000000000000 -0.00004955041376 0.00000000000000 -0.00000839415044
19.17735470941890 0.00000000000000 -0.00004668191641 0.00000000000000 -0.00000779469632
19.21643286573153 0.00000000000000 -0.00004397849276 0.00000000000000 -0.00000723795035
19.25551102204415 0.00000000000000 -0.00004143071744 0.00000000000000 -0.00000672087915
19.29458917835678 0.00000000000000 -0.00003902969766 0.00000000000000 -0.00000624066394
19.33366733466941 0.00000000000000 -0.00003676704355 0.00000000000000 -0.00000579468542
19.37274549098203 0.00000000000000 -0.00003463484008 0.00000000000000 -0.00000538050974
19.41182364729466 0.00000000000000 -0.00003262562057 0.00000000000000 -0.00000499587540
19.45090180360729 0.00000000000000 -0.00003073234164 0.00000000000000 -0.00000463868115
19.48997995991991 0.00000000000000 -0.00002894835948 0.00000000000000 -0.00000430697467
19.52905811623254 0.00000000000000 -0.00002726740752 0.00000000000000 -0.00000399894205
19.56813627254517 0.00000000000000 -0.00002568357521 0.00000000000000 -0.00000371289803
19.60721442885779 0.00000000000000 -0.00002419128812 0.00000000000000 -0.00000344727692
19.64629258517042 0.00000000000000 -0.00002278528897 0.00000000000000 -0.00000320062414
19.68537074148305 0.00000000000000 -0.00002146061985 0.00000000000000 -0.00000297158840
19.72444889779567 0.00000000000000 -0.00002021260535 0.00000000000000 -0.00000275891436
19.76352705410830 0.00000000000000 -0.00001903683662 0.00000000000000 -0.00000256143585
19.80260521042093 0.00000000000000 -0.00001792915640 0.00000000000000 -0.00000237806958
19.84168336673356 0.00000000000000 -0.00001688564473 0.00000000000000 -0.00000220780927
19.88076152304618 0.00000000000000 -0.00001590260562 0.00000000000000 -0.00000204972016
19.91983967935881 0.00000000000000 -0.00001497655435 0.00000000000000 -0.00000190293400
19.95891783567144 0.00000000000000 -0.00001410420552 0.00000000000000 -0.00000176664429
19.99799599198406 0.00000000000000 -0.00001328246175 0.00000000000000 -0.00000164010195
20.03707414829669 0.00000000000000 -0.00001250840305 0.00000000000000 -0.00000152261118
20.07615230460932 0.00000000000000 -0.00001177927674 0.00000000000000 -0.00000141352575
20.11523046092194 0.00000000000000 -0.00001109248794 0.00000000000000 -0.00000131224544
20.15430861723457 0.00000000000000 -0.00001044559065 0.00000000000000 -0.00000121821279
20.19338677354720 0.00000000000000 -0.00000983627921 0.00000000000000 -0.00000113091007
20.23246492985982 0.00000000000000 -0.00000926238041 0.00000000000000 -0.00000104985642
20.27154308617245 0.00000000000000 -0.00000872184585 0.00000000000000 -0.00000097460529
20.31062124248508 0.00000000000000 -0.00000821274492 0.00000000000000 -0.00000090474194
20.34969939879770 0.00000000000000 -0.00000773325803 0.00000000000000 -0.00000083988124
20.38877755511033 0.00000000000000 -0.00000728167027 0.00000000000000 -0.00000077966552
20.42785571142296 0.00000000000000 -0.00000685636549 0.00000000000000 -0.00000072376261
20.46693386773558 0.00000000000000 -0.00000645582059 0.00000000000000 -0.00000067186408
20.50601202404821 0.00000000000000 -0.00000607860024 0.00000000000000 -0.00000062368348
20.54509018036084 0.00000000000000 -0.00000572335188 0.00000000000000 -0.00000057895484
20.58416833667346 0.00000000000000 -0.00000538880093 0.00000000000000 -0.00000053743117
20.62324649298609 0.00000000000000 -0.00000507374636 0.00000000000000 -0.00000049888310
20.66232464929872 0.00000000000000 -0.00000477705646 0.00000000000000 -0.00000046309769
20.70140280561134 0.00000000000000 -0.00000449766489 0.00000000000000 -0.00000042987717
20.74048096192397 0.00000000000000 -0.00000423456690 0.00000000000000 -0.00000039903793
20.77955911823660 0.00000000000000 -0.00000398681583 0.00000000000000 -0.00000037040946
20.81863727454922 0.00000000000000 -0.00000375351972 0.00000000000000 -0.00000034383347
20.85771543086185 0.00000000000000 -0.00000353383824 0.00000000000000 -0.00000031916296
20.89679358717448 0.00000000000000 -0.00000332697966 0.00000000000000 -0.00000029626145
20.93587174348711 0.00000000000000 -0.00000313219808 0.00000000000000 -0.00000027500222
20.97494989979973 0.00000000000000 -0.00000294879080 0.00000000000000 -0.00000025526762
21.01402805611236 0.00000000000000 -0.00000277609583 0.00000000000000 -0.00000023694842
21.05310621242499 0.00000000000000 -0.00000261348953 0.00000000000000 -0.00000021994318
21.09218436873761 0.00000000000000 -0.00000246038440 0.00000000000000 -0.00000020415774
21.13126252505024 0.00000000000000 -0.00000231622704 0.00000000000000 -0.00000018950469
21.17034068136287 0.00000000000000 -0.00000218049613 0.00000000000000 -0.00000017590286
21.20941883767549 0.00000000000000 -0.00000205270060 0.00000000000000 -0.00000016327688
21.24849699398812 0.00000000000000 -0.00000193237788 0.00000000000000 -0.00000015155680
21.28757515030075 0.00000000000000 -0.00000181909228 0.00000000000000 -0.00000014067768
21.32665330661337 0.00000000000000 -0.00000171243339 0.00000000000000 -0.00000013057920
21.36573146292600 0.00000000000000 -0.00000161201467 0.00000000000000 -0.00000012120540
21.40480961923863 0.00000000000000 -0.00000151747201 0.00000000000000 -0.00000011250430
21.44388777555125 0.00000000000000 -0.00000142846249 0.00000000000000 -0.00000010442765
21.48296593186388 0.00000000000000 -0.00000134466314 0.00000000000000 -0.00000009693067
21.52204408817651 0.00000000000000 -0.00000126576975 0.00000000000000 -0.00000008997178
21.56112224448913 0.00000000000000 -0.00000119149583 0.00000000000000 -0.00000008351237
21.60020040080176 0.00000000000000 -0.00000112157156 0.00000000000000 -0.00000007751661
21.63927855711439 0.00000000000000 -0.00000105574281 0.00000000000000 -0.00000007195124
21.67835671342701 0.00000000000000 -0.00000099377026 0.00000000000000 -0.00000006678538
21.71743486973964 0.00000000000000 -0.00000093542854 0.00000000000000 -0.00000006199036
21.75651302605227 0.00000000000000 -0.00000088050540 0.00000000000000 -0.00000005753956
21.79559118236489 0.00000000000000 -0.00000082880094 0.00000000000000 -0.00000005340829
21.83466933867752 0.00000000000000 -0.00000078012695 0.00000000000000 -0.00000004957362
21.87374749499015 0.00000000000000 -0.00000073430615 0.00000000000000 -0.00000004601426
21.91282565130278 0.00000000000000 -0.00000069117163 0.00000000000000 -0.00000004271044
21.95190380761540 0.00000000000000 -0.00000065056620 0.00000000000000 -0.00000003964383
21.99098196392803 0.00000000000000 -0.00000061234184 0.00000000000000 -0.00000003679739
22.03006012024066 0.00000000000000 -0.00000057635917 0.00000000000000 -0.00000003415533
22.06913827655328 0.00000000000000 -0.00000054248694 0.00000000000000 -0.00000003170298
22.10821643286591 0.00000000000000 -0.00000051060158 0.00000000000000 -0.00000002942670
22.14729458917854 0.00000000000000 -0.00000048058671 0.00000000000000 -0.00000002731386
22.18637274549116 0.00000000000000 -0.00000045233275 0.00000000000000 -0.00000002535274
22.22545090180379 0.00000000000000 -0.00000042573653 0.00000000000000 -0.00000002353242
22.26452905811642 0.00000000000000 -0.00000040070091 0.00000000000000 -0.00000002184281
22.30360721442904 0.00000000000000 -0.00000037713440 0.00000000000000 -0.00000002027452
22.34268537074167 0.00000000000000 -0.00000035495088 0.00000000000000 -0.00000001881883
22.38176352705430 0.00000000000000 -0.00000033406927 0.00000000000000 -0.00000001746767
22.42084168336692 0.00000000000000 -0.00000031441319 0.00000000000000 -0.00000001621352
22.45991983967955 0.00000000000000 -0.00000029591077 0.00000000000000 -0.00000001504941
22.49899799599218 0.00000000000000 -0.00000027849430 0.00000000000000 -0.00000001396889
22.53807615230480 0.00000000000000 -0.00000026210007 0.00000000000000 -0.00000001296595
22.57715430861743 0.00000000000000 -0.00000024666806 0.00000000000000 -0.00000001203501
22.61623246493006 0.00000000000000 -0.00000023214178 0.00000000000000 -0.00000001117090
22.65531062124268 0.00000000000000 -0.00000021846803 0.00000000000000 -0.00000001036883
22.69438877755531 0.00000000000000 -0.00000020559674 0.00000000000000 -0.00000000962434
22.73346693386794 0.00000000000000 -0.00000019348075 0.00000000000000 -0.00000000893329
22.77254509018056 0.00000000000000 -0.00000018207566 0.00000000000000 -0.00000000829184
22.81162324649319 0.00000000000000 -0.00000017133968 0.00000000000000 -0.00000000769643
22.85070140280582 0.00000000000000 -0.00000016123344 0.00000000000000 -0.00000000714375
22.88977955911844 0.00000000000000 -0.00000015171990 0.00000000000000 -0.00000000663073
22.92885771543107 0.00000000000000 -0.00000014276416 0.00000000000000 -0.00000000615452
22.96793587174370 0.00000000000000 -0.00000013433338 0.00000000000000 -0.00000000571247
23.00701402805633 0.00000000000000 -0.00000012639662 0.00000000000000 -0.00000000530214
23.04609218436895 0.00000000000000 -0.00000011892477 0.00000000000000 -0.00000000492124
23.08517034068158 0.00000000000000 -0.00000011189039 0.00000000000000 -0.00000000456765
23.12424849699421 0.00000000000000 -0.00000010526767 0.00000000000000 -0.00000000423941
23.16332665330683 0.00000000000000 -0.00000009903229 0.00000000000000 -0.00000000393470
23.20240480961946 0.00000000000000 -0.00000009316136 0.00000000000000 -0.00000000365182
23.24148296593209 0.00000000000000 -0.00000008763331 0.00000000000000 -0.00000000338921
23.28056112224471 0.00000000000000 -0.00000008242784 0.00000000000000 -0.00000000314540
23.31963927855734 0.00000000000000 -0.00000007752582 0.00000000000000 -0.00000000291905
23.35871743486997 0.00000000000000 -0.00000007290924 0.00000000000000 -0.00000000270889
23.39779559118259 0.00000000000000 -0.00000006856114 0.00000000000000 -0.00000000251376
23.43687374749522 0.00000000000000 -0.00000006446553 0.00000000000000 -0.00000000233257
23.47595190380785 0.00000000000000 -0.00000006060735 0.00000000000000 -0.00000000216432
23.51503006012047 0.00000000000000 -0.00000005697243 0.00000000000000 -0.00000000200807
23.55410821643310 0.00000000000000 -0.00000005354738 0.00000000000000 -0.00000000186297
23.59318637274573 0.00000000000000 -0.00000005031962 0.00000000000000 -0.00000000172819
23.63226452905835 0.00000000000000 -0.00000004727728 0.00000000000000 -0.00000000160300
23.67134268537098 0.00000000000000 -0.00000004440915 0.00000000000000 -0.00000000148669
23.71042084168361 0.00000000000000 -0.00000004170469 0.00000000000000 -0.00000000137863
23.74949899799623 0.00000000000000 -0.00000003915394 0.00000000000000 -0.00000000127821
23.78857715430886 0.00000000000000 -0.00000003674752 0.00000000000000 -0.00000000118488
23.82765531062149 0.00000000000000 -0.00000003447656 0.00000000000000 -0.00000000109812
23.86673346693411 0.00000000000000 -0.00000003233272 0.00000000000000 -0.00000000101745
23.90581162324674 0.00000000000000 -0.00000003030808 0.00000000000000 -0.00000000094241
23.94488977955937 0.00000000000000 -0.00000002839521 0.00000000000000 -0.00000000087260
23.98396793587199 0.00000000000000 -0.00000002658705 0.00000000000000 -0.00000000080763
24.02304609218462 0.00000000000000 -0.00000002487694 0.00000000000000 -0.00000000074713
24.06212424849725 0.00000000000000 -0.00000002325859 0.00000000000000 -0.00000000069078
24.10120240480988 0.00000000000000 -0.00000002172603 0.00000000000000 -0.00000000063825
24.14028056112250 0.00000000000000 -0.00000002027362 0.00000000000000 -0.00000000058926
24.17935871743513 0.00000000000000 -0.00000001889599 0.00000000000000 -0.00000000054354
24.21843687374776 0.00000000000000 -0.00000001758809 0.00000000000000 -0.00000000050083
24.25751503006038 0.00000000000000 -0.00000001634508 0.00000000000000 -0.00000000046089
24.29659318637301 0.00000000000000 -0.00000001516238 0.00000000000000 -0.00000000042351
24.33567134268564 0.00000000000000 -0.00000001403563 0.00000000000000 -0.00000000038848
24.37474949899826 0.00000000000000 -0.00000001296068 0.00000000000000 -0.00000000035560
24.41382765531089 0.00000000000000 -0.00000001193356 0.00000000000000 -0.00000000032469
24.45290581162352 0.00000000000000 -0.00000001095049 0.00000000000000 -0.00000000029559
24.49198396793614 0.00000000000000 -0.00000001000784 0.00000000000000 -0.00000000026812
24.53106212424877 0.00000000000000 -0.00000000910213 0.00000000000000 -0.00000000024214
24.57014028056140 0.00000000000000 -0.00000000823002 0.00000000000000 -0.00000000021750
24.60921843687402 0.00000000000000 -0.00000000738830 0.00000000000000 -0.00000000019407
24.64829659318665 0.00000000000000 -0.00000000657385 0.00000000000000 -0.00000000017172
24.68737474949928 0.00000000000000 -0.00000000578368 0.00000000000000 -0.00000000015032
24.72645290581190 0.00000000000000 -0.00000000501486 0.00000000000000 -0.00000000012975
24.76553106212453 0.00000000000000 -0.00000000426455 0.00000000000000 -0.00000000010991
24.80460921843716 0.00000000000000 -0.00000000353000 0.00000000000000 -0.00000000009067
24.84368737474978 0.00000000000000 -0.00000000280848 0.00000000000000 -0.00000000007194
24.88276553106241 0.00000000000000 -0.00000000209734 0.00000000000000 -0.00000000005361
24.92184368737504 0.00000000000000 -0.00000000139393 0.00000000000000 -0.00000000003557
24.96092184368766 0.00000000000000 -0.00000000069568 0.00000000000000 -0.00000000001774
25.00000000000029 0.00000000000000 0.00000000000000 0.00000000000000 0.00000000000000
