5.50000000000000 0.00000000000000 0.00000000000000 0.00000000000000 0.00000000000000
5.53907815631263 0.00000000000000 0.00000000003408 0.00000000000000 -0.00000000003441
5.57815631262525 0.00000000000000 0.00000000012982 0.00000000000000 -0.00000000013111
5.61723446893788 0.00000000000000 0.00000000044127 0.00000000000000 -0.00000000044579
5.65631262525050 0.00000000000000 0.00000000142430 0.00000000000000 -0.00000000143936
5.69539078156313 0.00000000000000 0.00000000439205 0.00000000000000 -0.00000000443976
5.73446893787575 0.00000000000000 0.00000001296205 0.00000000000000 -0.00000001310635
5.77354709418838 0.00000000000000 0.00000003666193 0.00000000000000 -0.00000003707920
5.81262525050100 0.00000000000000 0.00000009950666 0.00000000000000 -0.00000010066182
5.85170340681363 0.00000000000000 0.00000025949180 0.00000000000000 -0.00000026255744
5.89078156312625 0.00000000000000 0.00000065095622 0.00000000000000 -0.00000065876571
5.92985971943888 0.00000000000000 0.00000157268631 0.00000000000000 -0.00000159180608
5.96893787575150 0.00000000000000 0.00000366340078 0.00000000000000 -0.00000370844247
6.00801603206413 0.00000000000000 0.00000823670604 0.00000000000000 -0.00000833892005
6.04709418837675 0.00000000000000 0.00001789410062 0.00000000000000 -0.00001811778774
6.08617234468938 0.00000000000000 0.00003760103609 0.00000000000000 -0.00003807359661
6.12525050100200 0.00000000000000 0.00007649910659 0.00000000000000 -0.00007746380414
6.16432865731463 0.00000000000000 0.00015083406608 0.00000000000000 -0.00015273888767
6.20340681362725 0.00000000000000 0.00028849361996 0.00000000000000 -0.00029213477999
6.24248496993988 0.00000000000000 0.00053574906589 0.00000000000000 -0.00054249312367
6.28156312625250 0.00000000000000 0.00096684669766 0.00000000000000 -0.00097895973631
6.32064128256513 0.00000000000000 0.00169705292056 0.00000000000000 -0.00171816687310
6.35971943887775 0.00000000000000 0.00289956061801 0.00000000000000 -0.00293530295780
6.39879759519038 0.00000000000000 0.00482617227401 0.00000000000000 -0.00488497171556
6.43787575150300 0.00000000000000 0.00783086519190 0.00000000000000 -0.00792491896393
6.47695390781563 0.00000000000000 0.01239468777353 0.00000000000000 -0.01254103845272
6.51603206412825 0.00000000000000 0.01914909258643 0.00000000000000 -0.01937070844799
6.55511022044088 0.00000000000000 0.02889362618257 0.00000000000000 -0.02922031493177
6.59418837675350 0.00000000000000 0.04260282619466 0.00000000000000 -0.04307174545058
6.63326653306613 0.00000000000000 0.06141649300209 0.00000000000000 -0.06207196434039
6.67234468937875 0.00000000000000 0.08660749540313 0.00000000000000 -0.08749979823242
6.71142284569138 0.00000000000000 0.11952218638723 0.00000000000000 -0.12070502098090
6.75050100200400 0.00000000000000 0.16149050222083 0.00000000000000 -0.16301688320805
6.78957915831663 0.00000000000000 0.21370590092590 0.00000000000000 -0.21562238180204
6.82865731462925 0.00000000000000 0.27707927899129 0.00000000000000 -0.27941861047934
6.86773547094188 0.00000000000000 0.35207550072547 0.00000000000000 -0.35484806849202
6.90681362725450 0.00000000000000 0.43854562305288 0.00000000000000 -0.44173024939718
6.94589178356713 0.00000000000000 0.53557162712882 0.00000000000000 -0.53910659908727
6.98496993987975 0.00000000000000 0.64134274047540 0.00000000000000 -0.64511885044290
7.02404809619238 0.00000000000000 0.75308269865363 0.00000000000000 -0.75693956010630
7.06312625250500 0.00000000000000 0.86704544306247 0.00000000000000 -0.87077171289548
7.10220440881763 0.00000000000000 0.97859169269218 0.00000000000000 -0.98192984673799
7.14128256513025 0.00000000000000 1.08235287310908 0.00000000000000 -1.08500820706933
7.18036072144288 0.00000000000000 1.17248081688001 0.00000000000000 -1.17413297127093
7.21943887775550 0.00000000000000 1.24297294911555 0.00000000000000 -1.24328649684116
7.25851703406813 0.00000000000000 1.28805438154854 0.00000000000000 -1.28668288853599
7.29759519038075 0.00000000000000 1.30259140429257 0.00000000000000 -1.29916699426685
7.33667334669338 0.00000000000000 1.28250613309929 0.00000000000000 -1.27660415529140
7.37575150300600 0.00000000000000 1.22516013086359 0.00000000000000 -1.21622632867183
7.41482965931863 0.00000000000000 1.12967592284135 0.00000000000000 -1.11690190176981
7.45390781563125 0.00000000000000 0.99716934366183 0.00000000000000 -0.97930157792314
7.49298597194388 0.00000000000000 0.83087212660755 0.00000000000000 -0.80594070175795
7.53206412825650 0.00000000000000 0.63613234084861 0.00000000000000 -0.60108856265863
7.57114228456913 0.00000000000000 0.42028931220177 0.00000000000000 -0.37054658497001
7.61022044088175 0.00000000000000 0.19242860694465 0.00000000000000 -0.12130878290914
7.64929859719438 0.00000000000000 -0.03696931677161 0.00000000000000 0.13887167473689
7.68837675350700 0.00000000000000 -0.25646672787316 0.00000000000000 0.40197747064815
7.72745490981963 0.00000000000000 -0.45416796239810 0.00000000000000 0.66024569904889
7.76653306613225 0.00000000000000 -0.61825355574425 0.00000000000000 0.90666955250793
7.80561122244488 0.00000000000000 -0.73752185915579 0.00000000000000 1.13544377916489
7.84468937875750 0.00000000000000 -0.80191215549871 0.00000000000000 1.34231897938463
7.88376753507013 0.00000000000000 -0.80298589854818 0.00000000000000 1.52483716250641
7.92284569138275 0.00000000000000 -0.73434614119981 0.00000000000000 1.68243058211661
7.96192384769538 0.00000000000000 -0.59197907065280 0.00000000000000 1.81637684871376
8.00100200400800 0.00000000000000 -0.37450549897105 0.00000000000000 1.92961471855390
8.04008016032063 0.00000000000000 -0.08333394725365 0.00000000000000 2.02643580363009
8.07915831663325 0.00000000000000 0.27728948903683 0.00000000000000 2.11207684468644
8.11823647294588 0.00000000000000 0.70033599851527 0.00000000000000 2.19224439696408
8.15731462925850 0.00000000000000 1.17615201293378 0.00000000000000 2.27260827324086
8.19639278557113 0.00000000000000 1.69271561097537 0.00000000000000 2.35830160111828
8.23547094188375 0.00000000000000 2.23598370756325 0.00000000000000 2.45346387871131
8.27454909819638 0.00000000000000 2.79031937847870 0.00000000000000 2.56085920584944
8.31362725450900 0.00000000000000 3.33898574007983 0.00000000000000 2.68159539477823
8.35270541082163 0.00000000000000 3.86469005043784 0.00000000000000 2.81496155584464
8.39178356713425 0.00000000000000 4.35015929048918 0.00000000000000 2.95839273651500
8.43086172344688 0.00000000000000 4.77872662065231 0.00000000000000 3.10756101855097
8.46993987975950 0.00000000000000 5.13490698809804 0.00000000000000 3.25658385857511
8.50901803607213 0.00000000000000 5.40493994962191 0.00000000000000 3.39833300227310
8.54809619238475 0.00000000000000 5.57727858434348 0.00000000000000 3.52482147987238
8.58717434869738 0.00000000000000 5.64300523262507 0.00000000000000 3.62764229914883
8.62625250501000 0.00000000000000 5.59615766150187 0.00000000000000 3.69843061384532
8.66533066132263 0.00000000000000 5.43395298899055 0.00000000000000 3.72932131329635
8.70440881763525 0.00000000000000 5.15690109559050 0.00000000000000 3.71337596024501
8.74348697394788 0.00000000000000 4.76880405506238 0.00000000000000 3.64495649126527
8.78256513026050 0.00000000000000 4.27664304386731 0.00000000000000 3.52002770459770
8.82164328657313 0.00000000000000 3.69035895190165 0.00000000000000 3.33637587329091
8.86072144288575 0.00000000000000 3.02253724908881 0.00000000000000 3.09373641689938
8.89979959919838 0.00000000000000 2.28801133592393 0.00000000000000 2.79382905370647
8.93887775551100 0.00000000000000 1.50340144899046 0.00000000000000 2.44030390456669
8.97795591182363 0.00000000000000 0.68660809600367 0.00000000000000 2.03860636835345
9.01703406813625 0.00000000000000 -0.14372008378140 0.00000000000000 1.59577205752892
9.05611222444888 0.00000000000000 -0.96872417895433 0.00000000000000 1.12016557165290
9.09519038076150 0.00000000000000 -1.76985965834158 0.00000000000000 0.62117837365062
9.13426853707413 0.00000000000000 -2.52939058514312 0.00000000000000 0.10890156094697
9.17334669338675 0.00000000000000 -3.23083847327001 0.00000000000000 -0.40621101379162
9.21242484969938 0.00000000000000 -3.85937362463341 0.00000000000000 -0.91367488668652
9.25150300601200 0.00000000000000 -4.40213981575623 0.00000000000000 -1.40328965066612
9.29058116232463 0.00000000000000 -4.84850633345620 0.00000000000000 -1.86542546175306
9.32965931863725 0.00000000000000 -5.19024443784354 0.00000000000000 -2.29127300004374
9.36873747494988 0.00000000000000 -5.42162822365585 0.00000000000000 -2.67305089976422
9.40781563126250 0.00000000000000 -5.53946245141383 0.00000000000000 -3.00416702411346
9.44689378757513 0.00000000000000 -5.54304214973937 0.00000000000000 -3.27933217611804
9.48597194388775 0.00000000000000 -5.43405059949577 0.00000000000000 -3.49462682265474
9.52505010020038 0.00000000000000 -5.21640367594189 0.00000000000000 -3.64752310695685
9.56412825651300 0.00000000000000 -4.89604944735564 0.00000000000000 -3.73686580128223
9.60320641282563 0.00000000000000 -4.48073242808220 0.00000000000000 -3.76281689356053
9.64228456913825 0.00000000000000 -3.97973199696232 0.00000000000000 -3.72676921561163
9.68136272545088 0.00000000000000 -3.40358426628400 0.00000000000000 -3.63123492638056
9.72044088176350 0.00000000000000 -2.76379617671182 0.00000000000000 -3.47971479281817
9.75951903807613 0.00000000000000 -2.07255985848367 0.00000000000000 -3.27655410200720
9.79859719438875 0.00000000000000 -1.34247439710783 0.00000000000000 -3.02679073328867
9.83767535070138 0.00000000000000 -0.58628112894870 0.00000000000000 -2.73600046201774
9.87675350701400 0.00000000000000 0.18338247998099 0.00000000000000 -2.41014399955850
9.91583166332663 0.00000000000000 0.95420640441276 0.00000000000000 -2.05541963669710
9.95490981963925 0.00000000000000 1.71440617241977 0.00000000000000 -1.67812468514687
9.99398797595188 0.00000000000000 2.45289361732652 0.00000000000000 -1.28452823464659
10.03306613226450 0.00000000000000 3.15941928937469 0.00000000000000 -0.88075708641267
10.07214428857713 0.00000000000000 3.82468637287812 0.00000000000000 -0.47269610714791
10.11122244488975 0.00000000000000 4.44043667088960 0.00000000000000 -0.06590368603960
10.15030060120238 0.00000000000000 4.99950982135036 0.00000000000000 0.33445751992655
10.18937875751500 0.00000000000000 5.49587739574207 0.00000000000000 0.72367479378587
10.22845691382763 0.00000000000000 5.92465390677894 0.00000000000000 1.09752511536843
10.26753507014025 0.00000000000000 6.28208702210565 0.00000000000000 1.45230134571156
10.30661322645288 0.00000000000000 6.56552945502262 0.00000000000000 1.78482593238514
10.34569138276550 0.00000000000000 6.77339509120222 0.00000000000000 2.09245338030447
10.38476953907813 0.00000000000000 6.90510192334420 0.00000000000000 2.37306282681879
10.42384769539075 0.00000000000000 6.96100431525630 0.00000000000000 2.62504210393237
10.46292585170338 0.00000000000000 6.94231701434474 0.00000000000000 2.84726467172935
10.50200400801600 0.00000000000000 6.85103318791351 0.00000000000000 3.03906077273802
10.54108216432863 0.00000000000000 6.68983858423301 0.00000000000000 3.20018409414975
10.58016032064125 0.00000000000000 6.46202372336790 0.00000000000000 3.33077514013075
10.61923847695388 0.00000000000000 6.17139581354557 0.00000000000000 3.43132241599075
10.65831663326650 0.00000000000000 5.82219187360414 0.00000000000000 3.50262241510034
10.69739478957913 0.00000000000000 5.41899432689039 0.00000000000000 3.54573928288028
10.73647294589175 0.00000000000000 4.96665012192027 0.00000000000000 3.56196491390724
10.77555110220438 0.00000000000000 4.47019423418832 0.00000000000000 3.55278012148780
10.81462925851700 0.00000000000000 3.93477821480429 0.00000000000000 3.51981740658086
10.85370741482963 0.00000000000000 3.36560427738319 0.00000000000000 3.46482574673044
10.89278557114225 0.00000000000000 2.76786525631013 0.00000000000000 3.38963772718945
10.93186372745488 0.00000000000000 2.14669062798869 0.00000000000000 3.29613924667625
10.97094188376750 0.00000000000000 1.50709866225610 0.00000000000000 3.18624194979888
11.01002004008013 0.00000000000000 0.85395466365747 0.00000000000000 3.06185846734894
11.04909819639275 0.00000000000000 0.19193517119546 0.00000000000000 2.92488048436500
11.08817635270538 0.00000000000000 -0.47450209028733 0.00000000000000 2.77715960382052
11.12725450901800 0.00000000000000 -1.14114277478519 0.00000000000000 2.62049093055734
11.16633266533063 0.00000000000000 -1.80403531094941 0.00000000000000 2.45659926508560
11.20541082164325 0.00000000000000 -2.45950547931272 0.00000000000000 2.28712776943947
11.24448897795588 0.00000000000000 -3.10416654542564 0.00000000000000 2.11362894669734
11.28356713426850 0.00000000000000 -3.73492533802051 0.00000000000000 1.93755776130029
11.32264529058113 0.00000000000000 -4.34898466755329 0.00000000000000 1.76026671819030
11.36172344689375 0.00000000000000 -4.94384247955168 0.00000000000000 1.58300271430995
11.40080160320638 0.00000000000000 -5.51728813026868 0.00000000000000 1.40690547546376
11.43987975951900 0.00000000000000 -6.06739616027452 0.00000000000000 1.23300739428198
11.47895791583163 0.00000000000000 -6.59251792579756 0.00000000000000 1.06223459044607
11.51803607214425 0.00000000000000 -7.09127142873547 0.00000000000000 0.89540902187999
11.55711422845688 0.00000000000000 -7.56252966509662 0.00000000000000 0.73325148478653
11.59619238476950 0.00000000000000 -8.00540778889884 0.00000000000000 0.57638535077497
11.63527054108213 0.00000000000000 -8.41924936485972 0.00000000000000 0.42534090049982
11.67434869739475 0.00000000000000 -8.80361195908386 0.00000000000000 0.28056012488148
11.71342685370738 0.00000000000000 -9.15825229283218 0.00000000000000 0.14240187682427
11.75250501002000 0.00000000000000 -9.48311116071454 0.00000000000000 0.01114726815375
11.79158316633263 0.00000000000000 -9.77829829158120 0.00000000000000 -0.11299478193104
11.83066132264525 0.00000000000000 -10.04407730824021 0.00000000000000 -0.22988192940615
11.86973947895788 0.00000000000000 -10.28085092107903 0.00000000000000 -0.33943279080443
11.90881763527050 0.00000000000000 -10.48914647085793 0.00000000000000 -0.44162139317425
11.94789579158313 0.00000000000000 -10.66960191745981 0.00000000000000 -0.53647174092745
11.98697394789575 0.00000000000000 -10.82295235428627 0.00000000000000 -0.62405254315627
12.02605210420838 0.00000000000000 -10.95001711230543 0.00000000000000 -0.70447213698513
12.06513026052100 0.00000000000000 -11.05168750348657 0.00000000000000 -0.77787363523446
12.10420841683363 0.00000000000000 -11.12891524047465 0.00000000000000 -0.84443032010270
12.14328657314625 0.00000000000000 -11.18270155782933 0.00000000000000 -0.90434129869928
12.18236472945888 0.00000000000000 -11.21408704992303 0.00000000000000 -0.95782743106134
12.22144288577150 0.00000000000000 -11.22414223159899 0.00000000000000 -1.00512753672581
12.26052104208413 0.00000000000000 -11.21395881986352 0.00000000000000 -1.04649488196935
12.29959919839675 0.00000000000000 -11.18464172814972 0.00000000000000 -1.08219394643110
12.33867735470938 0.00000000000000 -11.13730175896587 0.00000000000000 -1.11249746495519
12.37775551102200 0.00000000000000 -11.07304897594898 0.00000000000000 -1.13768373808763
12.41683366733463 0.00000000000000 -10.99298673240425 0.00000000000000 -1.15803420269386
12.45591182364725 0.00000000000000 -10.89820633024423 0.00000000000000 -1.17383125258553
12.49498997995988 0.00000000000000 -10.78978228077287 0.00000000000000 -1.18535629781803
12.53406813627250 0.00000000000000 -10.66876813691385 0.00000000000000 -1.19288805040449
12.57314629258513 0.00000000000000 -10.53619286519196 0.00000000000000 -1.19670102355048
12.61222444889775 0.00000000000000 -10.39305772497228 0.00000000000000 -1.19706423111188
12.65130260521038 0.00000000000000 -10.24033362208579 0.00000000000000 -1.19424007378381
12.69038076152300 0.00000000000000 -10.07895890396135 0.00000000000000 -1.18848339851171
12.72945891783563 0.00000000000000 -9.90983756369184 0.00000000000000 -1.18004071774900
12.76853707414825 0.00000000000000 -9.73383782103699 0.00000000000000 -1.16914957544444
12.80761523046088 0.00000000000000 -9.55179104916319 0.00000000000000 -1.15603804700426
12.84669338677350 0.00000000000000 -9.36449101690044 0.00000000000000 -1.14092436091868
12.88577154308613 0.00000000000000 -9.17269341742399 0.00000000000000 -1.12401663025220
12.92484969939875 0.00000000000000 -8.97711565550862 0.00000000000000 -1.10551268275595
12.96392785571138 0.00000000000000 -8.77843686683074 0.00000000000000 -1.08559997895433
13.00300601202400 0.00000000000000 -8.57729814417990 0.00000000000000 -1.06445560817590
13.04208416833663 0.00000000000000 -8.37430294686680 0.00000000000000 -1.04224635312823
13.08116232464925 0.00000000000000 -8.17001767105856 0.00000000000000 -1.01912881425056
13.12024048096188 0.00000000000000 -7.96497236021846 0.00000000000000 -0.99524958570884
13.15931863727450 0.00000000000000 -7.75966153626245 0.00000000000000 -0.97074547551744
13.19839679358713 0.00000000000000 -7.55454513345516 0.00000000000000 -0.94574376287816
13.23747494989975 0.00000000000000 -7.35004951844642 0.00000000000000 -0.92036248641241
13.27655310621238 0.00000000000000 -7.14656858118543 0.00000000000000 -0.89471075752683
13.31563126252500 0.00000000000000 -6.94446488273785 0.00000000000000 -0.86888909369069
13.35470941883763 0.00000000000000 -6.74407084726672 0.00000000000000 -0.84298976691575
13.39378757515025 0.00000000000000 -6.54568998661686 0.00000000000000 -0.81709716321241
13.43286573146288 0.00000000000000 -6.34959814706195 0.00000000000000 -0.79128814925150
13.47194388777550 0.00000000000000 -6.15604476883176 0.00000000000000 -0.76563244288664
13.51102204408813 0.00000000000000 -5.96525415003418 0.00000000000000 -0.74019298458887
13.55010020040075 0.00000000000000 -5.77742670752098 0.00000000000000 -0.71502630721372
13.58917835671338 0.00000000000000 -5.59274022812015 0.00000000000000 -0.69018290186097
13.62825651302600 0.00000000000000 -5.41135110447000 0.00000000000000 -0.66570757790017
13.66733466933863 0.00000000000000 -5.23339555044445 0.00000000000000 -0.64163981552200
13.70641282565125 0.00000000000000 -5.05899079185531 0.00000000000000 -0.61801410943716
13.74549098196388 0.00000000000000 -4.88823622875838 0.00000000000000 -0.59486030258207
13.78456913827650 0.00000000000000 -4.72121456627844 0.00000000000000 -0.57220390890576
13.82364729458913 0.00000000000000 -4.55799291140577 0.00000000000000 -0.55006642450632
13.86272545090175 0.00000000000000 -4.39862383370556 0.00000000000000 -0.52846562655834
13.90180360721438 0.00000000000000 -4.24314638832546 0.00000000000000 -0.50741585962829
13.94088176352700 0.00000000000000 -4.09158710008696 0.00000000000000 -0.48692830911161
13.97995991983963 0.00000000000000 -3.94396090780594 0.00000000000000 -0.46701126164707
14.01903807615225 0.00000000000000 -3.80027206831011 0.00000000000000 -0.44767035246972
14.05811623246488 0.00000000000000 -3.66051501990767 0.00000000000000 -0.42890879975682
14.09719438877750 0.00000000000000 -3.52467520531530 0.00000000000000 -0.41072762610054
14.13627254509013 0.00000000000000 -3.39272985427686 0.00000000000000 -0.39312586731013
14.17535070140275 0.00000000000000 -3.26464872629948 0.00000000000000 -0.37610076880383
14.21442885771538 0.00000000000000 -3.14039481410287 0.00000000000000 -0.35964796989947
14.25350701402800 0.00000000000000 -3.01992500852291 0.00000000000000 -0.34376167635247
14.29258517034063 0.00000000000000 -2.90319072573450 0.00000000000000 -0.32843482152214
14.33166332665325 0.00000000000000 -2.79013849776194 0.00000000000000 -0.31365921657260
14.37074148296588 0.00000000000000 -2.68071052733122 0.00000000000000 -0.29942569013350
14.40981963927850 0.00000000000000 -2.57484520818747 0.00000000000000 -0.28572421785961
14.44889779559113 0.00000000000000 -2.47247761205564 0.00000000000000 -0.27254404233708
14.48797595190375 0.00000000000000 -2.37353994346364 0.00000000000000 -0.25987378378895
14.52705410821638 0.00000000000000 -2.27796196367643 0.00000000000000 -0.24770154203325
14.56613226452900 0.00000000000000 -2.18567138500869 0.00000000000000 -0.23601499014482
14.60521042084163 0.00000000000000 -2.09659423679266 0.00000000000000 -0.22480146026721
14.64428857715425 0.00000000000000 -2.01065520427927 0.00000000000000 -0.21404802201344
14.68336673346688 0.00000000000000 -1.92777794174440 0.00000000000000 -0.20374155388517
14.72244488977950 0.00000000000000 -1.84788536105962 0.00000000000000 -0.19386880812912
14.76152304609213 0.00000000000000 -1.77089989696903 0.00000000000000 -0.18441646943705
14.80060120240475 0.00000000000000 -1.69674375029105 0.00000000000000 -0.17537120788250
14.83967935871738 0.00000000000000 -1.62533911023767 0.00000000000000 -0.16671972647332
14.87875751503000 0.00000000000000 -1.55660835701352 0.00000000000000 -0.15844880368411
14.91783567134263 0.00000000000000 -1.49047424582487 0.00000000000000 -0.15054533131778
14.95691382765525 0.00000000000000 -1.42686007339356 0.00000000000000 -0.14299634802977
14.99599198396788 0.00000000000000 -1.36568982803439 0.00000000000000 -0.13578906883283
15.03507014028050 0.00000000000000 -1.30688832431683 0.00000000000000 -0.12891091088504
15.07414829659313 0.00000000000000 -1.25038132329274 0.00000000000000 -0.12234951584774
15.11322645290575 0.00000000000000 -1.19609563923285 0.00000000000000 -0.11609276908528
15.15230460921838 0.00000000000000 -1.14395923377460 0.00000000000000 -0.11012881596306
15.19138276553100 0.00000000000000 -1.09390129834461 0.00000000000000 -0.10444607548592
15.23046092184363 0.00000000000000 -1.04585232567930 0.00000000000000 -0.09903325150449
15.26953907815625 0.00000000000000 -0.99974417122792 0.00000000000000 -0.09387934170343
15.30861723446888 0.00000000000000 -0.95551010518404 0.00000000000000 -0.08897364457182
15.34769539078150 0.00000000000000 -0.91308485585305 0.00000000000000 -0.08430576454337
15.38677354709413 0.00000000000000 -0.87240464502679 0.00000000000000 -0.07986561548140
15.42585170340675 0.00000000000000 -0.83340721599974 0.00000000000000 -0.07564342267201
15.46492985971938 0.00000000000000 -0.79603185482633 0.00000000000000 -0.07162972347724
15.50400801603200 0.00000000000000 -0.76021940538485 0.00000000000000 -0.06781536678935
15.54308617234463 0.00000000000000 -0.72591227878036 0.00000000000000 -0.06419151141697
15.58216432865725 0.00000000000000 -0.69305445758734 0.00000000000000 -0.06074962352429
15.62124248496988 0.00000000000000 -0.66159149540220 0.00000000000000 -0.05748147323506
15.66032064128250 0.00000000000000 -0.63147051214644 0.00000000000000 -0.05437913050448
15.69939879759513 0.00000000000000 -0.60264018553302 0.00000000000000 -0.05143496035390
15.73847695390775 0.00000000000000 -0.57505073908173 0.00000000000000 -0.04864161755548
15.77755511022038 0.00000000000000 -0.54865392704342 0.00000000000000 -0.04599204084655
15.81663326653300 0.00000000000000 -0.52340301656876 0.00000000000000 -0.04347944674681
15.85571142284563 0.00000000000000 -0.49925276743356 0.00000000000000 -0.04109732304501
15.89478957915825 0.00000000000000 -0.47615940961071 0.00000000000000 -0.03883942201559
15.93386773547088 0.00000000000000 -0.45408061895780 0.00000000000000 -0.03669975342060
15.97294589178350 0.00000000000000 -0.43297549126957 0.00000000000000 -0.03467257734657
16.01202404809613 0.00000000000000 -0.41280451492524 0.00000000000000 -0.03275239692148
16.05110220440876 0.00000000000000 -0.39352954234359 0.00000000000000 -0.03093395095240
16.09018036072138 0.00000000000000 -0.37511376044116 0.00000000000000 -0.02921220652006
16.12925851703401 0.00000000000000 -0.35752166027377 0.00000000000000 -0.02758235156307
16.16833667334664 0.00000000000000 -0.34071900602628 0.00000000000000 -0.02603978748058
16.20741482965926 0.00000000000000 -0.32467280350179 0.00000000000000 -0.02458012177923
16.24649298597189 0.00000000000000 -0.30935126824826 0.00000000000000 -0.02319916078692
16.28557114228452 0.00000000000000 -0.29472379344829 0.00000000000000 -0.02189290245337
16.32464929859714 0.00000000000000 -0.28076091768645 0.00000000000000 -0.02065752925474
16.36372745490977 0.00000000000000 -0.26743429269746 0.00000000000000 -0.01948940121732
16.40280561122240 0.00000000000000 -0.25471665118907 0.00000000000000 -0.01838504907319
16.44188376753502 0.00000000000000 -0.24258177482353 0.00000000000000 -0.01734116755861
16.48096192384765 0.00000000000000 -0.23100446243334 0.00000000000000 -0.01635460886443
16.52004008016028 0.00000000000000 -0.21996049853874 0.00000000000000 -0.01542237624589
16.55911823647291 0.00000000000000 -0.20942662222674 0.00000000000000 -0.01454161779796
16.59819639278553 0.00000000000000 -0.19938049644482 0.00000000000000 -0.01370962040086
16.63727454909816 0.00000000000000 -0.18980067775577 0.00000000000000 -0.01292380383936
16.67635270541079 0.00000000000000 -0.18066658659447 0.00000000000000 -0.01218171509830
16.71543086172341 0.00000000000000 -0.17195847806146 0.00000000000000 -0.01148102283579
16.75450901803604 0.00000000000000 -0.16365741328378 0.00000000000000 -0.01081951203481
16.79358717434867 0.00000000000000 -0.15574523136819 0.00000000000000 -0.01019507883303
16.83266533066129 0.00000000000000 -0.14820452196821 0.00000000000000 -0.00960572553009
16.87174348697392 0.00000000000000 -0.14101859848214 0.00000000000000 -0.00904955577095
16.91082164328655 0.00000000000000 -0.13417147189585 0.00000000000000 -0.00852476990339
16.94989979959917 0.00000000000000 -0.12764782528077 0.00000000000000 -0.00802966050728
16.98897795591180 0.00000000000000 -0.12143298895461 0.00000000000000 -0.00756260809295
17.02805611222443 0.00000000000000 -0.11551291630963 0.00000000000000 -0.00712207696539
17.06713426853705 0.00000000000000 -0.10987416031074 0.00000000000000 -0.00670661125111
17.10621242484968 0.00000000000000 -0.10450385066373 0.00000000000000 -0.00631483108388
17.14529058116231 0.00000000000000 -0.09938967165177 0.00000000000000 -0.00594542894559
17.18436873747493 0.00000000000000 -0.09451984063655 0.00000000000000 -0.00559716615824
17.22344689378756 0.00000000000000 -0.08988308721893 0.00000000000000 -0.00526886952302
17.26252505010019 0.00000000000000 -0.08546863305245 0.00000000000000 -0.00495942810212
17.30160320641281 0.00000000000000 -0.08126617230201 0.00000000000000 -0.00466779013917
17.34068136272544 0.00000000000000 -0.07726585273855 0.00000000000000 -0.00439296011390
17.37975951903807 0.00000000000000 -0.07345825746000 0.00000000000000 -0.00413399592676
17.41883767535069 0.00000000000000 -0.06983438722770 0.00000000000000 -0.00389000620901
17.45791583166332 0.00000000000000 -0.06638564340682 0.00000000000000 -0.00366014775424
17.49699398797595 0.00000000000000 -0.06310381149869 0.00000000000000 -0.00344362306670
17.53607214428857 0.00000000000000 -0.05998104525247 0.00000000000000 -0.00323967802251
17.57515030060120 0.00000000000000 -0.05700985134321 0.00000000000000 -0.00304759963929
17.61422845691383 0.00000000000000 -0.05418307460282 0.00000000000000 -0.00286671395035
17.65330661322646 0.00000000000000 -0.05149388379042 0.00000000000000 -0.00269638397918
17.69238476953908 0.00000000000000 -0.04893575788822 0.00000000000000 -0.00253600781036
17.73146292585171 0.00000000000000 -0.04650247290902 0.00000000000000 -0.00238501675311
17.77054108216434 0.00000000000000 -0.04418808920118 0.00000000000000 -0.00224287359350
17.80961923847696 0.00000000000000 -0.04198693923717 0.00000000000000 -0.00210907093181
17.84869739478959 0.00000000000000 -0.03989361587144 0.00000000000000 -0.00198312960139
17.88777555110222 0.00000000000000 -0.03790296105385 0.00000000000000 -0.00186459716551
17.92685370741484 0.00000000000000 -0.03601005498448 0.00000000000000 -0.00175304648890
17.96593186372747 0.00000000000000 -0.03421020569635 0.00000000000000 -0.00164807438061
18.00501002004010 0.00000000000000 -0.03249893905214 0.00000000000000 -0.00154930030513
18.04408817635272 0.00000000000000 -0.03087198914164 0.00000000000000 -0.00145636515867
18.08316633266535 0.00000000000000 -0.02932528906665 0.00000000000000 -0.00136893010756
18.12224448897798 0.00000000000000 -0.02785496210026 0.00000000000000 -0.00128667548612
18.16132264529060 0.00000000000000 -0.02645731320772 0.00000000000000 -0.00120929975103
18.20040080160323 0.00000000000000 -0.02512882091643 0.00000000000000 -0.00113651848979
18.23947895791586 0.00000000000000 -0.02386612952268 0.00000000000000 -0.00106806348049
18.27855711422848 0.00000000000000 -0.02266604162321 0.00000000000000 -0.00100368180064
18.31763527054111 0.00000000000000 -0.02152551095979 0.00000000000000 -0.00094313498265
18.35671342685374 0.00000000000000 -0.02044163556545 0.00000000000000 -0.00088619821368
18.39579158316636 0.00000000000000 -0.01941165120116 0.00000000000000 -0.00083265957773
18.43486973947899 0.00000000000000 -0.01843292507213 0.00000000000000 -0.00078231933796
18.47394789579162 0.00000000000000 -0.01750294981314 0.00000000000000 -0.00073498925711
18.51302605210424 0.00000000000000 -0.01661933773268 0.00000000000000 -0.00069049195434
18.55210420841687 0.00000000000000 -0.01577981530592 0.00000000000000 -0.00064866029645
18.59118236472950 0.00000000000000 -0.01498221790682 0.00000000000000 -0.00060933682195
18.63026052104212 0.00000000000000 -0.01422448477007 0.00000000000000 -0.00057237319617
18.66933867735475 0.00000000000000 -0.01350465417363 0.00000000000000 -0.00053762969596
18.70841683366738 0.00000000000000 -0.01282085883335 0.00000000000000 -0.00050497472236
18.74749498998001 0.00000000000000 -0.01217132150083 0.00000000000000 -0.00047428433988
18.78657314629263 0.00000000000000 -0.01155435075659 0.00000000000000 -0.00044544184096
18.82565130260526 0.00000000000000 -0.01096833699039 0.00000000000000 -0.00041833733441
18.86472945891789 0.00000000000000 -0.01041174856119 0.00000000000000 -0.00039286735638
18.90380761523051 0.00000000000000 -0.00988312812924 0.00000000000000 -0.00036893450296
18.94288577154314 0.00000000000000 -0.00938108915309 0.00000000000000 -0.00034644708299
18.98196392785577 0.00000000000000 -0.00890431254489 0.00000000000000 -0.00032531879023
19.02104208416839 0.00000000000000 -0.00845154347699 0.00000000000000 -0.00030546839374
19.06012024048102 0.00000000000000 -0.00802158833371 0.00000000000000 -0.00028681944554
19.09919839679365 0.00000000000000 -0.00761331180202 0.00000000000000 -0.00026930000464
19.13827655310627 0.00000000000000 -0.00722563409513 0.00000000000000 -0.00025284237656
19.17735470941890 0.00000000000000 -0.00685752830343 0.00000000000000 -0.00023738286746
19.21643286573153 0.00000000000000 -0.00650801786720 0.00000000000000 -0.00022286155215
19.25551102204415 0.00000000000000 -0.00617617416576 0.00000000000000 -0.00020922205520
19.29458917835678 0.00000000000000 -0.00586111421814 0.00000000000000 -0.00019641134445
19.33366733466941 0.00000000000000 -0.00556199849028 0.00000000000000 -0.00018437953622
19.37274549098203 0.00000000000000 -0.00527802880410 0.00000000000000 -0.00017307971160
19.41182364729466 0.00000000000000 -0.00500844634400 0.00000000000000 -0.00016246774321
19.45090180360729 0.00000000000000 -0.00475252975642 0.00000000000000 -0.00015250213185
19.48997995991991 0.00000000000000 -0.00450959333833 0.00000000000000 -0.00014314385248
19.52905811623254 0.00000000000000 -0.00427898531072 0.00000000000000 -0.00013435620906
19.56813627254517 0.00000000000000 -0.00406008617331 0.00000000000000 -0.00012610469766
19.60721442885779 0.00000000000000 -0.00385230713666 0.00000000000000 -0.00011835687756
19.64629258517042 0.00000000000000 -0.00365508862848 0.00000000000000 -0.00011108224962
19.68537074148305 0.00000000000000 -0.00346789887046 0.00000000000000 -0.00010425214183
19.72444889779567 0.00000000000000 -0.00329023252271 0.00000000000000 -0.00009783960135
19.76352705410830 0.00000000000000 -0.00312160939250 0.00000000000000 -0.00009181929290
19.80260521042093 0.00000000000000 -0.00296157320456 0.00000000000000 -0.00008616740298
19.84168336673356 0.00000000000000 -0.00280969042995 0.00000000000000 -0.00008086154969
19.88076152304618 0.00000000000000 -0.00266554917090 0.00000000000000 -0.00007588069778
19.91983967935881 0.00000000000000 -0.00252875809910 0.00000000000000 -0.00007120507868
19.95891783567144 0.00000000000000 -0.00239894544477 0.00000000000000 -0.00006681611514
19.99799599198406 0.00000000000000 -0.00227575803441 0.00000000000000 -0.00006269635037
20.03707414829669 0.00000000000000 -0.00215886037479 0.00000000000000 -0.00005882938122
20.07615230460932 0.00000000000000 -0.00204793378107 0.00000000000000 -0.00005519979538
20.11523046092194 0.00000000000000 -0.00194267554704 0.00000000000000 -0.00005179311217
20.15430861723457 0.00000000000000 -0.00184279815549 0.00000000000000 -0.00004859572689
20.19338677354720 0.00000000000000 -0.00174802852673 0.00000000000000 -0.00004559485842
20.23246492985982 0.00000000000000 -0.00165810730365 0.00000000000000 -0.00004277849989
20.27154308617245 0.00000000000000 -0.00157278817143 0.00000000000000 -0.00004013537226
20.31062124248508 0.00000000000000 -0.00149183721038 0.00000000000000 -0.00003765488068
20.34969939879770 0.00000000000000 -0.00141503228028 0.00000000000000 -0.00003532707342
20.38877755511033 0.00000000000000 -0.00134216243471 0.00000000000000 -0.00003314260320
20.42785571142296 0.00000000000000 -0.00127302736406 0.00000000000000 -0.00003109269083
20.46693386773558 0.00000000000000 -0.00120743686569 0.00000000000000 -0.00002916909104
20.50601202404821 0.00000000000000 -0.00114521034008 0.00000000000000 -0.00002736406028
20.54509018036084 0.00000000000000 -0.00108617631166 0.00000000000000 -0.00002567032650
20.58416833667346 0.00000000000000 -0.00103017197319 0.00000000000000 -0.00002408106070
20.62324649298609 0.00000000000000 -0.00097704275247 0.00000000000000 -0.00002258985014
20.66232464929872 0.00000000000000 -0.00092664190041 0.00000000000000 -0.00002119067323
20.70140280561134 0.00000000000000 -0.00087883009941 0.00000000000000 -0.00001987787584
20.74048096192397 0.00000000000000 -0.00083347509100 0.00000000000000 -0.00001864614907
20.77955911823660 0.00000000000000 -0.00079045132185 0.00000000000000 -0.00001749050838
20.81863727454922 0.00000000000000 -0.00074963960736 0.00000000000000 -0.00001640627386
20.85771543086185 0.00000000000000 -0.00071092681182 0.00000000000000 -0.00001538905181
20.89679358717448 0.00000000000000 -0.00067420554442 0.00000000000000 -0.00001443471735
20.93587174348711 0.00000000000000 -0.00063937387031 0.00000000000000 -0.00001353939812
20.97494989979973 0.00000000000000 -0.00060633503609 0.00000000000000 -0.00001269945889
21.01402805611236 0.00000000000000 -0.00057499720879 0.00000000000000 -0.00001191148719
21.05310621242499 0.00000000000000 -0.00054527322797 0.00000000000000 -0.00001117227971
21.09218436873761 0.00000000000000 -0.00051708037005 0.00000000000000 -0.00001047882961
21.13126252505024 0.00000000000000 -0.00049034012441 0.00000000000000 -0.00000982831454
21.17034068136287 0.00000000000000 -0.00046497798071 0.00000000000000 -0.00000921808537
21.20941883767549 0.00000000000000 -0.00044092322672 0.00000000000000 -0.00000864565565
21.24849699398812 0.00000000000000 -0.00041810875630 0.00000000000000 -0.00000810869168
21.28757515030075 0.00000000000000 -0.00039647088703 0.00000000000000 -0.00000760500320
21.32665330661337 0.00000000000000 -0.00037594918682 0.00000000000000 -0.00000713253460
21.36573146292600 0.00000000000000 -0.00035648630937 0.00000000000000 -0.00000668935668
21.40480961923863 0.00000000000000 -0.00033802783772 0.00000000000000 -0.00000627365898
21.44388777555125 0.00000000000000 -0.00032052213578 0.00000000000000 -0.00000588374244
21.48296593186388 0.00000000000000 -0.00030392020717 0.00000000000000 -0.00000551801266
21.52204408817651 0.00000000000000 -0.00028817556129 0.00000000000000 -0.00000517497343
21.56112224448913 0.00000000000000 -0.00027324408600 0.00000000000000 -0.00000485322071
21.60020040080176 0.00000000000000 -0.00025908392680 0.00000000000000 -0.00000455143705
21.63927855711439 0.00000000000000 -0.00024565537200 0.00000000000000 -0.00000426838620
21.67835671342701 0.00000000000000 -0.00023292074374 0.00000000000000 -0.00000400290817
21.71743486973964 0.00000000000000 -0.00022084429448 0.00000000000000 -0.00000375391456
21.75651302605227 0.00000000000000 -0.00020939210867 0.00000000000000 -0.00000352038411
21.79559118236489 0.00000000000000 -0.00019853200948 0.00000000000000 -0.00000330135864
21.83466933867752 0.00000000000000 -0.00018823347011 0.00000000000000 -0.00000309593914
21.87374749499015 0.00000000000000 -0.00017846752968 0.00000000000000 -0.00000290328211
21.91282565130278 0.00000000000000 -0.00016920671334 0.00000000000000 -0.00000272259621
21.95190380761540 0.00000000000000 -0.00016042495638 0.00000000000000 -0.00000255313899
21.99098196392803 0.00000000000000 -0.00015209753226 0.00000000000000 -0.00000239421390
22.03006012024066 0.00000000000000 -0.00014420098422 0.00000000000000 -0.00000224516747
22.06913827655328 0.00000000000000 -0.00013671306035 0.00000000000000 -0.00000210538666
22.10821643286591 0.00000000000000 -0.00012961265202 0.00000000000000 -0.00000197429634
22.14729458917854 0.00000000000000 -0.00012287973536 0.00000000000000 -0.00000185135700
22.18637274549116 0.00000000000000 -0.00011649531571 0.00000000000000 -0.00000173606252
22.22545090180379 0.00000000000000 -0.00011044137496 0.00000000000000 -0.00000162793809
22.26452905811642 0.00000000000000 -0.00010470082150 0.00000000000000 -0.00000152653834
22.30360721442904 0.00000000000000 -0.00009925744270 0.00000000000000 -0.00000143144547
22.34268537074167 0.00000000000000 -0.00009409585988 0.00000000000000 -0.00000134226756
22.38176352705430 0.00000000000000 -0.00008920148547 0.00000000000000 -0.00000125863699
22.42084168336692 0.00000000000000 -0.00008456048247 0.00000000000000 -0.00000118020891
22.45991983967955 0.00000000000000 -0.00008015972581 0.00000000000000 -0.00000110665986
22.49899799599218 0.00000000000000 -0.00007598676587 0.00000000000000 -0.00000103768642
22.53807615230480 0.00000000000000 -0.00007202979368 0.00000000000000 -0.00000097300400
22.57715430861743 0.00000000000000 -0.00006827760798 0.00000000000000 -0.00000091234565
22.61623246493006 0.00000000000000 -0.00006471958399 0.00000000000000 -0.00000085546097
22.65531062124268 0.00000000000000 -0.00006134564365 0.00000000000000 -0.00000080211510
22.69438877755531 0.00000000000000 -0.00005814622753 0.00000000000000 -0.00000075208775
22.73346693386794 0.00000000000000 -0.00005511226802 0.00000000000000 -0.00000070517231
22.77254509018056 0.00000000000000 -0.00005223516401 0.00000000000000 -0.00000066117495
22.81162324649319 0.00000000000000 -0.00004950675678 0.00000000000000 -0.00000061991391
22.85070140280582 0.00000000000000 -0.00004691930714 0.00000000000000 -0.00000058121869
22.88977955911844 0.00000000000000 -0.00004446547378 0.00000000000000 -0.00000054492937
22.92885771543107 0.00000000000000 -0.00004213829263 0.00000000000000 -0.00000051089594
22.96793587174370 0.00000000000000 -0.00003993115734 0.00000000000000 -0.00000047897771
23.00701402805633 0.00000000000000 -0.00003783780078 0.00000000000000 -0.00000044904273
23.04609218436895 0.00000000000000 -0.00003585227738 0.00000000000000 -0.00000042096721
23.08517034068158 0.00000000000000 -0.00003396894645 0.00000000000000 -0.00000039463506
23.12424849699421 0.00000000000000 -0.00003218245634 0.00000000000000 -0.00000036993736
23.16332665330683 0.00000000000000 -0.00003048772937 0.00000000000000 -0.00000034677197
23.20240480961946 0.00000000000000 -0.00002887994755 0.00000000000000 -0.00000032504306
23.24148296593209 0.00000000000000 -0.00002735453904 0.00000000000000 -0.00000030466075
23.28056112224471 0.00000000000000 -0.00002590716523 0.00000000000000 -0.00000028554071
23.31963927855734 0.00000000000000 -0.00002453370859 0.00000000000000 -0.00000026760385
23.35871743486997 0.00000000000000 -0.00002323026099 0.00000000000000 -0.00000025077594
23.39779559118259 0.00000000000000 -0.00002199311273 0.00000000000000 -0.00000023498735
23.43687374749522 0.00000000000000 -0.00002081874207 0.00000000000000 -0.00000022017277
23.47595190380785 0.00000000000000 -0.00001970380528 0.00000000000000 -0.00000020627089
23.51503006012047 0.00000000000000 -0.00001864512721 0.00000000000000 -0.00000019322418
23.55410821643310 0.00000000000000 -0.00001763969234 0.00000000000000 -0.00000018097866
23.59318637274573 0.00000000000000 -0.00001668463622 0.00000000000000 -0.00000016948365
23.63226452905835 0.00000000000000 -0.00001577723743 0.00000000000000 -0.00000015869160
23.67134268537098 0.00000000000000 -0.00001491490984 0.00000000000000 -0.00000014855783
23.71042084168361 0.00000000000000 -0.00001409519533 0.00000000000000 -0.00000013904043
23.74949899799623 0.00000000000000 -0.00001331575681 0.00000000000000 -0.00000013010001
23.78857715430886 0.00000000000000 -0.00001257437163 0.00000000000000 -0.00000012169958
23.82765531062149 0.00000000000000 -0.00001186892526 0.00000000000000 -0.00000011380438
23.86673346693411 0.00000000000000 -0.00001119740533 0.00000000000000 -0.00000010638175
23.90581162324674 0.00000000000000 -0.00001055789592 0.00000000000000 -0.00000009940098
23.94488977955937 0.00000000000000 -0.00000994857211 0.00000000000000 -0.00000009283319
23.98396793587199 0.00000000000000 -0.00000936769485 0.00000000000000 -0.00000008665120
24.02304609218462 0.00000000000000 -0.00000881360598 0.00000000000000 -0.00000008082946
24.06212424849725 0.00000000000000 -0.00000828472355 0.00000000000000 -0.00000007534386
24.10120240480988 0.00000000000000 -0.00000777953735 0.00000000000000 -0.00000007017172
24.14028056112250 0.00000000000000 -0.00000729660458 0.00000000000000 -0.00000006529165
24.17935871743513 0.00000000000000 -0.00000683454579 0.00000000000000 -0.00000006068345
24.21843687374776 0.00000000000000 -0.00000639204092 0.00000000000000 -0.00000005632806
24.25751503006038 0.00000000000000 -0.00000596782561 0.00000000000000 -0.00000005220746
24.29659318637301 0.00000000000000 -0.00000556068754 0.00000000000000 -0.00000004830459
24.33567134268564 0.00000000000000 -0.00000516946305 0.00000000000000 -0.00000004460330
24.37474949899826 0.00000000000000 -0.00000479303376 0.00000000000000 -0.00000004108827
24.41382765531089 0.00000000000000 -0.00000443032344 0.00000000000000 -0.00000003774493
24.45290581162352 0.00000000000000 -0.00000408029492 0.00000000000000 -0.00000003455944
24.49198396793614 0.00000000000000 -0.00000374194715 0.00000000000000 -0.00000003151859
24.53106212424877 0.00000000000000 -0.00000341431236 0.00000000000000 -0.00000002860976
24.57014028056140 0.00000000000000 -0.00000309645325 0.00000000000000 -0.00000002582088
24.60921843687402 0.00000000000000 -0.00000278746039 0.00000000000000 -0.00000002314035
24.64829659318665 0.00000000000000 -0.00000248644959 0.00000000000000 -0.00000002055703
24.68737474949928 0.00000000000000 -0.00000219255935 0.00000000000000 -0.00000001806016
24.72645290581190 0.00000000000000 -0.00000190494848 0.00000000000000 -0.00000001563933
24.76553106212453 0.00000000000000 -0.00000162279361 0.00000000000000 -0.00000001328441
24.80460921843716 0.00000000000000 -0.00000134528692 0.00000000000000 -0.00000001098556
24.84368737474978 0.00000000000000 -0.00000107163378 0.00000000000000 -0.00000000873313
24.88276553106241 0.00000000000000 -0.00000080105049 0.00000000000000 -0.00000000651765
24.92184368737504 0.00000000000000 -0.00000053276206 0.00000000000000 -0.00000000432979
24.96092184368766 0.00000000000000 -0.00000026599997 0.00000000000000 -0.00000000216030
25.00000000000029 0.00000000000000 0.00000000000000 0.00000000000000 0.00000000000000
