5.50000000000000 0.00000000000000 0.00000000000000 0.00000000000000 0.00000000000000
5.53907815631263 0.00000000000000 0.00000000000222 0.00000000000000 -0.00000000000225
5.57815631262525 0.00000000000000 0.00000000000858 0.00000000000000 -0.00000000000866
5.61723446893788 0.00000000000000 0.00000000002956 0.00000000000000 -0.00000000002986
5.65631262525050 0.00000000000000 0.00000000009683 0.00000000000000 -0.00000000009785
5.69539078156313 0.00000000000000 0.00000000030318 0.00000000000000 -0.00000000030647
5.73446893787575 0.00000000000000 0.00000000090905 0.00000000000000 -0.00000000091917
5.77354709418838 0.00000000000000 0.00000000261382 0.00000000000000 -0.00000000264358
5.81262525050100 0.00000000000000 0.00000000721654 0.00000000000000 -0.00000000730032
5.85170340681363 0.00000000000000 0.00000001915585 0.00000000000000 -0.00000001938218
5.89078156312625 0.00000000000000 0.00000004894755 0.00000000000000 -0.00000004953484
5.92985971943888 0.00000000000000 0.00000012054223 0.00000000000000 -0.00000012200787
5.96893787575150 0.00000000000000 0.00000028643943 0.00000000000000 -0.00000028996156
6.00801603206413 0.00000000000000 0.00000065751289 0.00000000000000 -0.00000066567304
6.04709418837675 0.00000000000000 0.00000145959663 0.00000000000000 -0.00000147784374
6.08617234468938 0.00000000000000 0.00000313678631 0.00000000000000 -0.00000317621058
6.12525050100200 0.00000000000000 0.00000653303033 0.00000000000000 -0.00000661541735
6.16432865731463 0.00000000000000 0.00001319971244 0.00000000000000 -0.00001336640389
6.20340681362725 0.00000000000000 0.00002589795228 0.00000000000000 -0.00002622479841
6.24248496993988 0.00000000000000 0.00004938985850 0.00000000000000 -0.00005001150989
6.28156312625250 0.00000000000000 0.00009164131341 0.00000000000000 -0.00009278921354
6.32064128256513 0.00000000000000 0.00016558678282 0.00000000000000 -0.00016764635273
6.35971943887775 0.00000000000000 0.00029162816789 0.00000000000000 -0.00029522156680
6.39879759519038 0.00000000000000 0.00050103850459 0.00000000000000 -0.00050713950764
6.43787575150300 0.00000000000000 0.00084040769696 0.00000000000000 -0.00085049402605
6.47695390781563 0.00000000000000 0.00137724000115 0.00000000000000 -0.00139348574602
6.51603206412825 0.00000000000000 0.00220669639967 0.00000000000000 -0.00223220173654
6.55511022044088 0.00000000000000 0.00345933459030 0.00000000000000 -0.00349838158646
6.59418837675350 0.00000000000000 0.00530951583699 0.00000000000000 -0.00536782745768
6.63326653306613 0.00000000000000 0.00798393473527 0.00000000000000 -0.00806889945320
6.67234468937875 0.00000000000000 0.01176950751325 0.00000000000000 -0.01189031497613
6.71142284569138 0.00000000000000 0.01701965657902 0.00000000000000 -0.01718727208250
6.75050100200400 0.00000000000000 0.02415788843922 0.00000000000000 -0.02438477748925
6.78957915831663 0.00000000000000 0.03367751405700 0.00000000000000 -0.03397701531891
6.82865731462925 0.00000000000000 0.04613643505824 0.00000000000000 -0.04652167231188
6.86773547094188 0.00000000000000 0.06214613462517 0.00000000000000 -0.06262835641930
6.90681362725450 0.00000000000000 0.08235437116493 0.00000000000000 -0.08294060871983
6.94589178356713 0.00000000000000 0.10742155853081 0.00000000000000 -0.10811151417990
6.98496993987975 0.00000000000000 0.13799138091187 0.00000000000000 -0.13877363810868
7.02404809619238 0.00000000000000 0.17465678340421 0.00000000000000 -0.17550440273058
7.06312625250500 0.00000000000000 0.21792308814505 0.00000000000000 -0.21878862631824
7.10220440881763 0.00000000000000 0.26817031693963 0.00000000000000 -0.26898047417072
7.14128256513025 0.00000000000000 0.32561721585229 0.00000000000000 -0.32626737258806
7.18036072144288 0.00000000000000 0.39028957745754 0.00000000000000 -0.39063853037875
7.21943887775550 0.00000000000000 0.46199533039919 0.00000000000000 -0.46186057725477
7.25851703406813 0.00000000000000 0.54030852752117 0.00000000000000 -0.53946246899230
7.29759519038075 0.00000000000000 0.62456383003449 0.00000000000000 -0.62273125032076
7.33667334669338 0.00000000000000 0.71386240238703 0.00000000000000 -0.71071955724531
7.37575150300600 0.00000000000000 0.80708936333033 0.00000000000000 -0.80226494583402
7.41482965931863 0.00000000000000 0.90294215346821 0.00000000000000 -0.89602032696934
7.45390781563125 0.00000000000000 0.99996844819798 0.00000000000000 -0.99049403794134
7.49298597194388 0.00000000000000 1.09661162922187 0.00000000000000 -1.08409745522974
7.53206412825650 0.00000000000000 1.19126137534812 0.00000000000000 -1.17519759677443
7.57114228456913 0.00000000000000 1.28230667363033 0.00000000000000 -1.26217190608705
7.61022044088175 0.00000000000000 1.36818849485123 0.00000000000000 -1.34346236406114
7.64929859719438 0.00000000000000 1.44744951390283 0.00000000000000 -1.41762622727510
7.68837675350700 0.00000000000000 1.51877856057052 0.00000000000000 -1.48338101744468
7.72745490981963 0.00000000000000 1.58104792240335 0.00000000000000 -1.53964184675861
7.76653306613225 0.00000000000000 1.63334214440112 0.00000000000000 -1.58554971220447
7.80561122244488 0.00000000000000 1.67497753360724 0.00000000000000 -1.62048998058993
7.84468937875750 0.00000000000000 1.70551213604800 0.00000000000000 -1.64410086911496
7.88376753507013 0.00000000000000 1.72474647032981 0.00000000000000 -1.65627226442966
7.92284569138275 0.00000000000000 1.73271574644704 0.00000000000000 -1.65713568505283
7.96192384769538 0.00000000000000 1.72967464945341 0.00000000000000 -1.64704655664470
8.00100200400800 0.00000000000000 1.71607601494308 0.00000000000000 -1.62656022582112
8.04008016032063 0.00000000000000 1.69254486524181 0.00000000000000 -1.59640328423386
8.07915831663325 0.00000000000000 1.65984931802955 0.00000000000000 -1.55744181674873
8.11823647294588 0.00000000000000 1.61886983493882 0.00000000000000 -1.51064813810059
8.15731462925850 0.00000000000000 1.57056816258166 0.00000000000000 -1.45706745790675
8.19639278557113 0.00000000000000 1.51595715055803 0.00000000000000 -1.39778573309823
8.23547094188375 0.00000000000000 1.45607242870344 0.00000000000000 -1.33389974885321
8.27454909819638 0.00000000000000 1.39194670646545 0.00000000000000 -1.26649023219066
8.31362725450900 0.00000000000000 1.32458723607178 0.00000000000000 -1.19659856265542
8.35270541082163 0.00000000000000 1.25495677052500 0.00000000000000 -1.12520741541286
8.39178356713425 0.00000000000000 1.18395815684034 0.00000000000000 -1.05322546388985
8.43086172344688 0.00000000000000 1.11242254069164 0.00000000000000 -0.98147608902045
8.46993987975950 0.00000000000000 1.04110102427967 0.00000000000000 -0.91068989438031
8.50901803607213 0.00000000000000 0.97065951586821 0.00000000000000 -0.84150071259817
8.54809619238475 0.00000000000000 0.90167643615051 0.00000000000000 -0.77444470781052
8.58717434869738 0.00000000000000 0.83464290102648 0.00000000000000 -0.70996212928362
8.62625250501000 0.00000000000000 0.76996497910348 0.00000000000000 -0.64840124917779
8.66533066132263 0.00000000000000 0.70796762132425 0.00000000000000 -0.59002401854714
8.70440881763525 0.00000000000000 0.64889987541500 0.00000000000000 -0.53501299549221
8.74348697394788 0.00000000000000 0.59294102526439 0.00000000000000 -0.48347913334562
8.78256513026050 0.00000000000000 0.54020733111788 0.00000000000000 -0.43547006055126
8.82164328657313 0.00000000000000 0.49075908727068 0.00000000000000 -0.39097853360462
8.86072144288575 0.00000000000000 0.44460775695166 0.00000000000000 -0.34995079670402
8.89979959919838 0.00000000000000 0.40172298703875 0.00000000000000 -0.31229463386738
8.93887775551100 0.00000000000000 0.36203934639435 0.00000000000000 -0.27788694904675
8.97795591182363 0.00000000000000 0.32546266970416 0.00000000000000 -0.24658075565212
9.01703406813625 0.00000000000000 0.29187592292681 0.00000000000000 -0.21821149782843
9.05611222444888 0.00000000000000 0.26114453635843 0.00000000000000 -0.19260266122281
9.09519038076150 0.00000000000000 0.23312117672520 0.00000000000000 -0.16957066061681
9.13426853707413 0.00000000000000 0.20764995070681 0.00000000000000 -0.14892901576707
9.17334669338675 0.00000000000000 0.18457004909634 0.00000000000000 -0.13049184540619
9.21242484969938 0.00000000000000 0.16371885376854 0.00000000000000 -0.11407672307166
9.25150300601200 0.00000000000000 0.14493453917191 0.00000000000000 -0.09950694781892
9.29058116232463 0.00000000000000 0.12805820663295 0.00000000000000 -0.08661328854901
9.32965931863725 0.00000000000000 0.11293559381582 0.00000000000000 -0.07523526326407
9.36873747494988 0.00000000000000 0.09941840365706 0.00000000000000 -0.06522201465680
9.40781563126250 0.00000000000000 0.08736529740205 0.00000000000000 -0.05643284160149
9.44689378757513 0.00000000000000 0.07664259537738 0.00000000000000 -0.04873744284864
9.48597194388775 0.00000000000000 0.06712472716825 0.00000000000000 -0.04201592496852
9.52505010020038 0.00000000000000 0.05869447021340 0.00000000000000 -0.03615862171629
9.56412825651300 0.00000000000000 0.05124301271976 0.00000000000000 -0.03106576680522
9.60320641282563 0.00000000000000 0.04466987342881 0.00000000000000 -0.02664705682199
9.64228456913825 0.00000000000000 0.03888270729465 0.00000000000000 -0.02282113588384
9.68136272545088 0.00000000000000 0.03379702268129 0.00000000000000 -0.01951502876143
9.72044088176350 0.00000000000000 0.02933583234631 0.00000000000000 -0.01666354466637
9.75951903807613 0.00000000000000 0.02542925731679 0.00000000000000 -0.01420866978979
9.79859719438875 0.00000000000000 0.02201409982670 0.00000000000000 -0.01209896300648
9.83767535070138 0.00000000000000 0.01903339879976 0.00000000000000 -0.01028896593738
9.87675350701400 0.00000000000000 0.01643597894303 0.00000000000000 -0.00873863578083
9.91583166332663 0.00000000000000 0.01417600236596 0.00000000000000 -0.00741280695867
9.95490981963925 0.00000000000000 0.01221252975190 0.00000000000000 -0.00628068564654
9.99398797595188 0.00000000000000 0.01050909647286 0.00000000000000 -0.00531537963342
10.03306613226450 0.00000000000000 0.00903330763671 0.00000000000000 -0.00449346464439
10.07214428857713 0.00000000000000 0.00775645487132 0.00000000000000 -0.00379458722626
10.11122244488975 0.00000000000000 0.00665315666170 0.00000000000000 -0.00320110349846
10.15030060120238 0.00000000000000 0.00570102324314 0.00000000000000 -0.00269775247718
10.18937875751500 0.00000000000000 0.00488034639607 0.00000000000000 -0.00227136225583
10.22845691382763 0.00000000000000 0.00417381396609 0.00000000000000 -0.00191058704015
10.26753507014025 0.00000000000000 0.00356624852776 0.00000000000000 -0.00160567286440
10.30661322645288 0.00000000000000 0.00304436930540 0.00000000000000 -0.00134824973410
10.34569138276550 0.00000000000000 0.00259657624323 0.00000000000000 -0.00113114793004
10.38476953907813 0.00000000000000 0.00221275496612 0.00000000000000 -0.00094823625089
10.42384769539075 0.00000000000000 0.00188410127867 0.00000000000000 -0.00079428005380
10.46292585170338 0.00000000000000 0.00160296380385 0.00000000000000 -0.00066481706241
10.50200400801600 0.00000000000000 0.00136270335220 0.00000000000000 -0.00055604903914
10.54108216432863 0.00000000000000 0.00115756763199 0.00000000000000 -0.00046474755774
10.58016032064125 0.00000000000000 0.00098257995165 0.00000000000000 -0.00038817225464
10.61923847695388 0.00000000000000 0.00083344062296 0.00000000000000 -0.00032400008144
10.65831663326650 0.00000000000000 0.00070643984173 0.00000000000000 -0.00027026422058
10.69739478957913 0.00000000000000 0.00059838089863 0.00000000000000 -0.00022530146034
10.73647294589175 0.00000000000000 0.00050651265258 0.00000000000000 -0.00018770695242
10.77555110220438 0.00000000000000 0.00042847028037 0.00000000000000 -0.00015629539323
10.81462925851700 0.00000000000000 0.00036222339731 0.00000000000000 -0.00013006777942
10.85370741482963 0.00000000000000 0.00030603072279 0.00000000000000 -0.00010818298807
10.89278557114225 0.00000000000000 0.00025840054059 0.00000000000000 -0.00008993352255
10.93186372745488 0.00000000000000 0.00021805627603 0.00000000000000 -0.00007472484701
10.97094188376750 0.00000000000000 0.00018390657994 0.00000000000000 -0.00006205780561
11.01002004008013 0.00000000000000 0.00015501937271 0.00000000000000 -0.00005151368801
11.04909819639275 0.00000000000000 0.00013059936025 0.00000000000000 -0.00004274156067
11.08817635270538 0.00000000000000 0.00010996858697 0.00000000000000 -0.00003544753446
11.12725450901800 0.00000000000000 0.00009254964056 0.00000000000000 -0.00002938568446
11.16633266533063 0.00000000000000 0.00007785116715 0.00000000000000 -0.00002435037684
11.20541082164325 0.00000000000000 0.00006545539606 0.00000000000000 -0.00002016979246
11.24448897795588 0.00000000000000 0.00005500740928 0.00000000000000 -0.00001670046668
11.28356713426850 0.00000000000000 0.00004620592323 0.00000000000000 -0.00001382269083
11.32264529058113 0.00000000000000 0.00003879537922 0.00000000000000 -0.00001143664335
11.36172344689375 0.00000000000000 0.00003255916463 0.00000000000000 -0.00000945913810
11.40080160320638 0.00000000000000 0.00002731380976 0.00000000000000 -0.00000782089391
11.43987975951900 0.00000000000000 0.00002290402522 0.00000000000000 -0.00000646424387
11.47895791583163 0.00000000000000 0.00001919846247 0.00000000000000 -0.00000534121535
11.51803607214425 0.00000000000000 0.00001608609591 0.00000000000000 -0.00000441192193
11.55711422845688 0.00000000000000 0.00001347313824 0.00000000000000 -0.00000364321776
11.59619238476950 0.00000000000000 0.00001128041300 0.00000000000000 -0.00000300757237
11.63527054108213 0.00000000000000 0.00000944111860 0.00000000000000 -0.00000248213053
11.67434869739475 0.00000000000000 0.00000789892708 0.00000000000000 -0.00000204792719
11.71342685370738 0.00000000000000 0.00000660636892 0.00000000000000 -0.00000168923255
11.75250501002000 0.00000000000000 0.00000552346192 0.00000000000000 -0.00000139300589
11.79158316633263 0.00000000000000 0.00000461654829 0.00000000000000 -0.00000114844042
11.83066132264525 0.00000000000000 0.00000385730899 0.00000000000000 -0.00000094658433
11.86973947895788 0.00000000000000 0.00000322192892 0.00000000000000 -0.00000078002527
11.90881763527050 0.00000000000000 0.00000269039046 0.00000000000000 -0.00000064262802
11.94789579158313 0.00000000000000 0.00000224587597 0.00000000000000 -0.00000052931630
11.98697394789575 0.00000000000000 0.00000187426281 0.00000000000000 -0.00000043589149
12.02605210420838 0.00000000000000 0.00000156369684 0.00000000000000 -0.00000035888214
12.06513026052100 0.00000000000000 0.00000130423236 0.00000000000000 -0.00000029541894
12.10420841683363 0.00000000000000 0.00000108752850 0.00000000000000 -0.00000024313109
12.14328657314625 0.00000000000000 0.00000090659312 0.00000000000000 -0.00000020006028
12.18236472945888 0.00000000000000 0.00000075556711 0.00000000000000 -0.00000016458942
12.22144288577150 0.00000000000000 0.00000062954273 0.00000000000000 -0.00000013538358
12.26052104208413 0.00000000000000 0.00000052441067 0.00000000000000 -0.00000011134109
12.29959919839675 0.00000000000000 0.00000043673149 0.00000000000000 -0.00000009155299
12.33867735470938 0.00000000000000 0.00000036362744 0.00000000000000 -0.00000007526955
12.37775551102200 0.00000000000000 0.00000030269158 0.00000000000000 -0.00000006187255
12.41683366733463 0.00000000000000 0.00000025191146 0.00000000000000 -0.00000005085230
12.45591182364725 0.00000000000000 0.00000020960502 0.00000000000000 -0.00000004178871
12.49498997995988 0.00000000000000 0.00000017436681 0.00000000000000 -0.00000003433564
12.53406813627250 0.00000000000000 0.00000014502287 0.00000000000000 -0.00000002820791
12.57314629258513 0.00000000000000 0.00000012059292 0.00000000000000 -0.00000002317065
12.61222444889775 0.00000000000000 0.00000010025864 0.00000000000000 -0.00000001903042
12.65130260521038 0.00000000000000 0.00000008333711 0.00000000000000 -0.00000001562801
12.69038076152300 0.00000000000000 0.00000006925860 0.00000000000000 -0.00000001283232
12.72945891783563 0.00000000000000 0.00000005754790 0.00000000000000 -0.00000001053549
12.76853707414825 0.00000000000000 0.00000004780876 0.00000000000000 -0.00000000864877
12.80761523046088 0.00000000000000 0.00000003971089 0.00000000000000 -0.00000000709912
12.84669338677350 0.00000000000000 0.00000003297902 0.00000000000000 -0.00000000582649
12.88577154308613 0.00000000000000 0.00000002738377 0.00000000000000 -0.00000000478150
12.92484969939875 0.00000000000000 0.00000002273411 0.00000000000000 -0.00000000392352
12.96392785571138 0.00000000000000 0.00000001887094 0.00000000000000 -0.00000000321917
13.00300601202400 0.00000000000000 0.00000001566180 0.00000000000000 -0.00000000264102
13.04208416833663 0.00000000000000 0.00000001299641 0.00000000000000 -0.00000000216649
13.08116232464925 0.00000000000000 0.00000001078303 0.00000000000000 -0.00000000177706
13.12024048096188 0.00000000000000 0.00000000894530 0.00000000000000 -0.00000000145750
13.15931863727450 0.00000000000000 0.00000000741971 0.00000000000000 -0.00000000119531
13.19839679358713 0.00000000000000 0.00000000615346 0.00000000000000 -0.00000000098020
13.23747494989975 0.00000000000000 0.00000000510261 0.00000000000000 -0.00000000080373
13.27655310621238 0.00000000000000 0.00000000423065 0.00000000000000 -0.00000000065899
13.31563126252500 0.00000000000000 0.00000000350725 0.00000000000000 -0.00000000054027
13.35470941883763 0.00000000000000 0.00000000290717 0.00000000000000 -0.00000000044290
13.39378757515025 0.00000000000000 0.00000000240946 0.00000000000000 -0.00000000036306
13.43286573146288 0.00000000000000 0.00000000199672 0.00000000000000 -0.00000000029759
13.47194388777550 0.00000000000000 0.00000000165448 0.00000000000000 -0.00000000024390
13.51102204408813 0.00000000000000 0.00000000137074 0.00000000000000 -0.00000000019989
13.55010020040075 0.00000000000000 0.00000000113554 0.00000000000000 -0.00000000016381
13.58917835671338 0.00000000000000 0.00000000094059 0.00000000000000 -0.00000000013424
13.62825651302600 0.00000000000000 0.00000000077902 0.00000000000000 -0.00000000011000
13.66733466933863 0.00000000000000 0.00000000064514 0.00000000000000 -0.00000000009013
13.70641282565125 0.00000000000000 0.00000000053421 0.00000000000000 -0.00000000007384
13.74549098196388 0.00000000000000 0.00000000044231 0.00000000000000 -0.00000000006050
13.78456913827650 0.00000000000000 0.00000000036618 0.00000000000000 -0.00000000004956
13.82364729458913 0.00000000000000 0.00000000030313 0.00000000000000 -0.00000000004060
13.86272545090175 0.00000000000000 0.00000000025090 0.00000000000000 -0.00000000003326
13.90180360721438 0.00000000000000 0.00000000020766 0.00000000000000 -0.00000000002724
13.94088176352700 0.00000000000000 0.00000000017185 0.00000000000000 -0.00000000002231
13.97995991983963 0.00000000000000 0.00000000014221 0.00000000000000 -0.00000000001827
14.01903807615225 0.00000000000000 0.00000000011767 0.00000000000000 -0.00000000001497
14.05811623246488 0.00000000000000 0.00000000009735 0.00000000000000 -0.00000000001226
14.09719438877750 0.00000000000000 0.00000000008054 0.00000000000000 -0.00000000001004
14.13627254509013 0.00000000000000 0.00000000006662 0.00000000000000 -0.00000000000822
14.17535070140275 0.00000000000000 0.00000000005511 0.00000000000000 -0.00000000000673
14.21442885771538 0.00000000000000 0.00000000004558 0.00000000000000 -0.00000000000551
14.25350701402800 0.00000000000000 0.00000000003769 0.00000000000000 -0.00000000000451
14.29258517034063 0.00000000000000 0.00000000003117 0.00000000000000 -0.00000000000369
14.33166332665325 0.00000000000000 0.00000000002578 0.00000000000000 -0.00000000000302
14.37074148296588 0.00000000000000 0.00000000002131 0.00000000000000 -0.00000000000248
14.40981963927850 0.00000000000000 0.00000000001762 0.00000000000000 -0.00000000000203
14.44889779559113 0.00000000000000 0.00000000001457 0.00000000000000 -0.00000000000166
14.48797595190375 0.00000000000000 0.00000000001204 0.00000000000000 -0.00000000000136
14.52705410821638 0.00000000000000 0.00000000000995 0.00000000000000 -0.00000000000111
14.56613226452900 0.00000000000000 0.00000000000823 0.00000000000000 -0.00000000000091
14.60521042084163 0.00000000000000 0.00000000000680 0.00000000000000 -0.00000000000075
14.64428857715425 0.00000000000000 0.00000000000562 0.00000000000000 -0.00000000000061
14.68336673346688 0.00000000000000 0.00000000000464 0.00000000000000 -0.00000000000050
14.72244488977950 0.00000000000000 0.00000000000384 0.00000000000000 -0.00000000000041
14.76152304609213 0.00000000000000 0.00000000000317 0.00000000000000 -0.00000000000033
14.80060120240475 0.00000000000000 0.00000000000262 0.00000000000000 -0.00000000000027
14.83967935871738 0.00000000000000 0.00000000000216 0.00000000000000 -0.00000000000022
14.87875751503000 0.00000000000000 0.00000000000179 0.00000000000000 -0.00000000000018
14.91783567134263 0.00000000000000 0.00000000000148 0.00000000000000 -0.00000000000015
14.95691382765525 0.00000000000000 0.00000000000122 0.00000000000000 -0.00000000000012
14.99599198396788 0.00000000000000 0.00000000000101 0.00000000000000 -0.00000000000010
15.03507014028050 0.00000000000000 0.00000000000083 0.00000000000000 -0.00000000000008
15.07414829659313 0.00000000000000 0.00000000000069 0.00000000000000 -0.00000000000007
15.11322645290575 0.00000000000000 0.00000000000057 0.00000000000000 -0.00000000000006
15.15230460921838 0.00000000000000 0.00000000000047 0.00000000000000 -0.00000000000005
15.19138276553100 0.00000000000000 0.00000000000039 0.00000000000000 -0.00000000000004
15.23046092184363 0.00000000000000 0.00000000000032 0.00000000000000 -0.00000000000003
15.26953907815625 0.00000000000000 0.00000000000026 0.00000000000000 -0.00000000000002
15.30861723446888 0.00000000000000 0.00000000000022 0.00000000000000 -0.00000000000002
15.34769539078150 0.00000000000000 0.00000000000018 0.00000000000000 -0.00000000000002
15.38677354709413 0.00000000000000 0.00000000000015 0.00000000000000 -0.00000000000001
15.42585170340675 0.00000000000000 0.00000000000012 0.00000000000000 -0.00000000000001
15.46492985971938 0.00000000000000 0.00000000000010 0.00000000000000 -0.00000000000001
15.50400801603200 0.00000000000000 0.00000000000008 0.00000000000000 -0.00000000000001
15.54308617234463 0.00000000000000 0.00000000000007 0.00000000000000 -0.00000000000001
15.58216432865725 0.00000000000000 0.00000000000006 0.00000000000000 -0.00000000000000
15.62124248496988 0.00000000000000 0.00000000000005 0.00000000000000 -0.00000000000000
15.66032064128250 0.00000000000000 0.00000000000004 0.00000000000000 -0.00000000000000
15.69939879759513 0.00000000000000 0.00000000000003 0.00000000000000 -0.00000000000000
15.73847695390775 0.00000000000000 0.00000000000003 0.00000000000000 -0.00000000000000
15.77755511022038 0.00000000000000 0.00000000000002 0.00000000000000 -0.00000000000000
15.81663326653300 0.00000000000000 0.00000000000002 0.00000000000000 -0.00000000000000
15.85571142284563 0.00000000000000 0.00000000000001 0.00000000000000 -0.00000000000000
15.89478957915825 0.00000000000000 0.00000000000001 0.00000000000000 -0.00000000000000
15.93386773547088 0.00000000000000 0.00000000000001 0.00000000000000 -0.00000000000000
15.97294589178350 0.00000000000000 0.00000000000001 0.00000000000000 -0.00000000000000
16.01202404809613 0.00000000000000 0.00000000000001 0.00000000000000 -0.00000000000000
16.05110220440876 0.00000000000000 0.00000000000001 0.00000000000000 -0.00000000000000
16.09018036072138 0.00000000000000 0.00000000000000 0.00000000000000 -0.00000000000000
16.12925851703401 0.00000000000000 0.00000000000000 0.00000000000000 -0.00000000000000
16.16833667334664 0.00000000000000 0.00000000000000 0.00000000000000 -0.00000000000000
16.20741482965926 0.00000000000000 0.00000000000000 0.00000000000000 -0.00000000000000
16.24649298597189 0.00000000000000 0.00000000000000 0.00000000000000 -0.00000000000000
16.28557114228452 0.00000000000000 0.00000000000000 0.00000000000000 -0.00000000000000
16.32464929859714 0.00000000000000 0.00000000000000 0.00000000000000 -0.00000000000000
16.36372745490977 0.00000000000000 0.00000000000000 0.00000000000000 -0.00000000000000
16.40280561122240 0.00000000000000 0.00000000000000 0.00000000000000 -0.00000000000000
16.44188376753502 0.00000000000000 0.00000000000000 0.00000000000000 -0.00000000000000
16.48096192384765 0.00000000000000 0.00000000000000 0.00000000000000 -0.00000000000000
16.52004008016028 0.00000000000000 0.00000000000000 0.00000000000000 -0.00000000000000
16.55911823647291 0.00000000000000 0.00000000000000 0.00000000000000 -0.00000000000000
16.59819639278553 0.00000000000000 0.00000000000000 0.00000000000000 -0.00000000000000
16.63727454909816 0.00000000000000 0.00000000000000 0.00000000000000 -0.00000000000000
16.67635270541079 0.00000000000000 0.00000000000000 0.00000000000000 -0.00000000000000
16.71543086172341 0.00000000000000 0.00000000000000 0.00000000000000 -0.00000000000000
16.75450901803604 0.00000000000000 0.00000000000000 0.00000000000000 -0.00000000000000
16.79358717434867 0.00000000000000 0.00000000000000 0.00000000000000 -0.00000000000000
16.83266533066129 0.00000000000000 0.00000000000000 0.00000000000000 -0.00000000000000
16.87174348697392 0.00000000000000 0.00000000000000 0.00000000000000 -0.00000000000000
16.91082164328655 0.00000000000000 0.00000000000000 0.00000000000000 -0.00000000000000
16.94989979959917 0.00000000000000 0.00000000000000 0.00000000000000 -0.00000000000000
16.98897795591180 0.00000000000000 0.00000000000000 0.00000000000000 -0.00000000000000
17.02805611222443 0.00000000000000 0.00000000000000 0.00000000000000 -0.00000000000000
17.06713426853705 0.00000000000000 0.00000000000000 0.00000000000000 -0.00000000000000
17.10621242484968 0.00000000000000 0.00000000000000 0.00000000000000 -0.00000000000000
17.14529058116231 0.00000000000000 0.00000000000000 0.00000000000000 -0.00000000000000
17.18436873747493 0.00000000000000 0.00000000000000 0.00000000000000 -0.00000000000000
17.22344689378756 0.00000000000000 0.00000000000000 0.00000000000000 -0.00000000000000
17.26252505010019 0.00000000000000 0.00000000000000 0.00000000000000 -0.00000000000000
17.30160320641281 0.00000000000000 0.00000000000000 0.00000000000000 -0.00000000000000
17.34068136272544 0.00000000000000 0.00000000000000 0.00000000000000 -0.00000000000000
17.37975951903807 0.00000000000000 0.00000000000000 0.00000000000000 -0.00000000000000
17.41883767535069 0.00000000000000 0.00000000000000 0.00000000000000 -0.00000000000000
17.45791583166332 0.00000000000000 0.00000000000000 0.00000000000000 -0.00000000000000
17.49699398797595 0.00000000000000 0.00000000000000 0.00000000000000 -0.00000000000000
17.53607214428857 0.00000000000000 0.00000000000000 0.00000000000000 -0.00000000000000
17.57515030060120 0.00000000000000 0.00000000000000 0.00000000000000 -0.00000000000000
17.61422845691383 0.00000000000000 0.00000000000000 0.00000000000000 -0.00000000000000
17.65330661322646 0.00000000000000 0.00000000000000 0.00000000000000 -0.00000000000000
17.69238476953908 0.00000000000000 0.00000000000000 0.00000000000000 -0.00000000000000
17.73146292585171 0.00000000000000 0.00000000000000 0.00000000000000 -0.00000000000000
17.77054108216434 0.00000000000000 0.00000000000000 0.00000000000000 -0.00000000000000
17.80961923847696 0.00000000000000 0.00000000000000 0.00000000000000 -0.00000000000000
17.84869739478959 0.00000000000000 0.00000000000000 0.00000000000000 -0.00000000000000
17.88777555110222 0.00000000000000 0.00000000000000 0.00000000000000 -0.00000000000000
17.92685370741484 0.00000000000000 0.00000000000000 0.00000000000000 -0.00000000000000
17.96593186372747 0.00000000000000 0.00000000000000 0.00000000000000 -0.00000000000000
18.00501002004010 0.00000000000000 0.00000000000000 0.00000000000000 -0.00000000000000
18.04408817635272 0.00000000000000 0.00000000000000 0.00000000000000 -0.00000000000000
18.08316633266535 0.00000000000000 0.00000000000000 0.00000000000000 -0.00000000000000
18.12224448897798 0.00000000000000 0.00000000000000 0.00000000000000 -0.00000000000000
18.16132264529060 0.00000000000000 0.00000000000000 0.00000000000000 -0.00000000000000
18.20040080160323 0.00000000000000 0.00000000000000 0.00000000000000 -0.00000000000000
18.23947895791586 0.00000000000000 0.00000000000000 0.00000000000000 -0.00000000000000
18.27855711422848 0.00000000000000 0.00000000000000 0.00000000000000 -0.00000000000000
18.31763527054111 0.00000000000000 0.00000000000000 0.00000000000000 -0.00000000000000
18.35671342685374 0.00000000000000 0.00000000000000 0.00000000000000 -0.00000000000000
18.39579158316636 0.00000000000000 0.00000000000000 0.00000000000000 -0.00000000000000
18.43486973947899 0.00000000000000 0.00000000000000 0.00000000000000 -0.00000000000000
18.47394789579162 0.00000000000000 0.00000000000000 0.00000000000000 -0.00000000000000
18.51302605210424 0.00000000000000 0.00000000000000 0.00000000000000 -0.00000000000000
18.55210420841687 0.00000000000000 0.00000000000000 0.00000000000000 -0.00000000000000
18.59118236472950 0.00000000000000 0.00000000000000 0.00000000000000 -0.00000000000000
18.63026052104212 0.00000000000000 0.00000000000000 0.00000000000000 -0.00000000000000
18.66933867735475 0.00000000000000 0.00000000000000 0.00000000000000 -0.00000000000000
18.70841683366738 0.00000000000000 0.00000000000000 0.00000000000000 -0.00000000000000
18.74749498998001 0.00000000000000 0.00000000000000 0.00000000000000 -0.00000000000000
18.78657314629263 0.00000000000000 0.00000000000000 0.00000000000000 -0.00000000000000
18.82565130260526 0.00000000000000 0.00000000000000 0.00000000000000 -0.00000000000000
18.86472945891789 0.00000000000000 0.00000000000000 0.00000000000000 -0.00000000000000
18.90380761523051 0.00000000000000 0.00000000000000 0.00000000000000 -0.00000000000000
18.94288577154314 0.00000000000000 0.00000000000000 0.00000000000000 -0.00000000000000
18.98196392785577 0.00000000000000 0.00000000000000 0.00000000000000 -0.00000000000000
19.02104208416839 0.00000000000000 0.00000000000000 0.00000000000000 -0.00000000000000
19.06012024048102 0.00000000000000 0.00000000000000 0.00000000000000 -0.00000000000000
19.09919839679365 0.00000000000000 0.00000000000000 0.00000000000000 -0.00000000000000
19.13827655310627 0.00000000000000 0.00000000000000 0.00000000000000 -0.00000000000000
19.17735470941890 0.00000000000000 0.00000000000000 0.00000000000000 -0.00000000000000
19.21643286573153 0.00000000000000 0.00000000000000 0.00000000000000 -0.00000000000000
19.25551102204415 0.00000000000000 0.00000000000000 0.00000000000000 -0.00000000000000
19.29458917835678 0.00000000000000 0.00000000000000 0.00000000000000 -0.00000000000000
19.33366733466941 0.00000000000000 0.00000000000000 0.00000000000000 -0.00000000000000
19.37274549098203 0.00000000000000 0.00000000000000 0.00000000000000 -0.00000000000000
19.41182364729466 0.00000000000000 0.00000000000000 0.00000000000000 -0.00000000000000
19.45090180360729 0.00000000000000 0.00000000000000 0.00000000000000 -0.00000000000000
19.48997995991991 0.00000000000000 0.00000000000000 0.00000000000000 -0.00000000000000
19.52905811623254 0.00000000000000 0.00000000000000 0.00000000000000 -0.00000000000000
19.56813627254517 0.00000000000000 0.00000000000000 0.00000000000000 -0.00000000000000
19.60721442885779 0.00000000000000 0.00000000000000 0.00000000000000 -0.00000000000000
19.64629258517042 0.00000000000000 0.00000000000000 0.00000000000000 -0.00000000000000
19.68537074148305 0.00000000000000 0.00000000000000 0.00000000000000 -0.00000000000000
19.72444889779567 0.00000000000000 0.00000000000000 0.00000000000000 -0.00000000000000
19.76352705410830 0.00000000000000 0.00000000000000 0.00000000000000 -0.00000000000000
19.80260521042093 0.00000000000000 0.00000000000000 0.00000000000000 -0.00000000000000
19.84168336673356 0.00000000000000 0.00000000000000 0.00000000000000 -0.00000000000000
19.88076152304618 0.00000000000000 0.00000000000000 0.00000000000000 -0.00000000000000
19.91983967935881 0.00000000000000 0.00000000000000 0.00000000000000 -0.00000000000000
19.95891783567144 0.00000000000000 0.00000000000000 0.00000000000000 -0.00000000000000
19.99799599198406 0.00000000000000 0.00000000000000 0.00000000000000 -0.00000000000000
20.03707414829669 0.00000000000000 0.00000000000000 0.00000000000000 -0.00000000000000
20.07615230460932 0.00000000000000 0.00000000000000 0.00000000000000 -0.00000000000000
20.11523046092194 0.00000000000000 0.00000000000000 0.00000000000000 -0.00000000000000
20.15430861723457 0.00000000000000 0.00000000000000 0.00000000000000 -0.00000000000000
20.19338677354720 0.00000000000000 0.00000000000000 0.00000000000000 -0.00000000000000
20.23246492985982 0.00000000000000 0.00000000000000 0.00000000000000 -0.00000000000000
20.27154308617245 0.00000000000000 0.00000000000000 0.00000000000000 -0.00000000000000
20.31062124248508 0.00000000000000 0.00000000000000 0.00000000000000 -0.00000000000000
20.34969939879770 0.00000000000000 0.00000000000000 0.00000000000000 -0.00000000000000
20.38877755511033 0.00000000000000 0.00000000000000 0.00000000000000 -0.00000000000000
20.42785571142296 0.00000000000000 0.00000000000000 0.00000000000000 -0.00000000000000
20.46693386773558 0.00000000000000 0.00000000000000 0.00000000000000 -0.00000000000000
20.50601202404821 0.00000000000000 0.00000000000000 0.00000000000000 -0.00000000000000
20.54509018036084 0.00000000000000 0.00000000000000 0.00000000000000 -0.00000000000000
20.58416833667346 0.00000000000000 0.00000000000000 0.00000000000000 -0.00000000000000
20.62324649298609 0.00000000000000 0.00000000000000 0.00000000000000 -0.00000000000000
20.66232464929872 0.00000000000000 0.00000000000000 0.00000000000000 -0.00000000000000
20.70140280561134 0.00000000000000 0.00000000000000 0.00000000000000 -0.00000000000000
20.74048096192397 0.00000000000000 0.00000000000000 0.00000000000000 -0.00000000000000
20.77955911823660 0.00000000000000 0.00000000000000 0.00000000000000 -0.00000000000000
20.81863727454922 0.00000000000000 0.00000000000000 0.00000000000000 -0.00000000000000
20.85771543086185 0.00000000000000 0.00000000000000 0.00000000000000 -0.00000000000000
20.89679358717448 0.00000000000000 0.00000000000000 0.00000000000000 -0.00000000000000
20.93587174348711 0.00000000000000 0.00000000000000 0.00000000000000 -0.00000000000000
20.97494989979973 0.00000000000000 0.00000000000000 0.00000000000000 -0.00000000000000
21.01402805611236 0.00000000000000 0.00000000000000 0.00000000000000 -0.00000000000000
21.05310621242499 0.00000000000000 0.00000000000000 0.00000000000000 -0.00000000000000
21.09218436873761 0.00000000000000 0.00000000000000 0.00000000000000 -0.00000000000000
21.13126252505024 0.00000000000000 0.00000000000000 0.00000000000000 -0.00000000000000
21.17034068136287 0.00000000000000 0.00000000000000 0.00000000000000 -0.00000000000000
21.20941883767549 0.00000000000000 0.00000000000000 0.00000000000000 -0.00000000000000
21.24849699398812 0.00000000000000 0.00000000000000 0.00000000000000 -0.00000000000000
21.28757515030075 0.00000000000000 0.00000000000000 0.00000000000000 -0.00000000000000
21.32665330661337 0.00000000000000 0.00000000000000 0.00000000000000 -0.00000000000000
21.36573146292600 0.00000000000000 0.00000000000000 0.00000000000000 -0.00000000000000
21.40480961923863 0.00000000000000 0.00000000000000 0.00000000000000 -0.00000000000000
21.44388777555125 0.00000000000000 0.00000000000000 0.00000000000000 -0.00000000000000
21.48296593186388 0.00000000000000 0.00000000000000 0.00000000000000 -0.00000000000000
21.52204408817651 0.00000000000000 0.00000000000000 0.00000000000000 -0.00000000000000
21.56112224448913 0.00000000000000 0.00000000000000 0.00000000000000 -0.00000000000000
21.60020040080176 0.00000000000000 0.00000000000000 0.00000000000000 -0.00000000000000
21.63927855711439 0.00000000000000 0.00000000000000 0.00000000000000 -0.00000000000000
21.67835671342701 0.00000000000000 0.00000000000000 0.00000000000000 -0.00000000000000
21.71743486973964 0.00000000000000 0.00000000000000 0.00000000000000 -0.00000000000000
21.75651302605227 0.00000000000000 0.00000000000000 0.00000000000000 -0.00000000000000
21.79559118236489 0.00000000000000 0.00000000000000 0.00000000000000 -0.00000000000000
21.83466933867752 0.00000000000000 0.00000000000000 0.00000000000000 -0.00000000000000
21.87374749499015 0.00000000000000 0.00000000000000 0.00000000000000 -0.00000000000000
21.91282565130278 0.00000000000000 0.00000000000000 0.00000000000000 -0.00000000000000
21.95190380761540 0.00000000000000 0.00000000000000 0.00000000000000 -0.00000000000000
21.99098196392803 0.00000000000000 0.00000000000000 0.00000000000000 -0.00000000000000
22.03006012024066 0.00000000000000 0.00000000000000 0.00000000000000 -0.00000000000000
22.06913827655328 0.00000000000000 0.00000000000000 0.00000000000000 -0.00000000000000
22.10821643286591 0.00000000000000 0.00000000000000 0.00000000000000 -0.00000000000000
22.14729458917854 0.00000000000000 0.00000000000000 0.00000000000000 -0.00000000000000
22.18637274549116 0.00000000000000 0.00000000000000 0.00000000000000 -0.00000000000000
22.22545090180379 0.00000000000000 0.00000000000000 0.00000000000000 -0.00000000000000
22.26452905811642 0.00000000000000 0.00000000000000 0.00000000000000 -0.00000000000000
22.30360721442904 0.00000000000000 0.00000000000000 0.00000000000000 -0.00000000000000
22.34268537074167 0.00000000000000 0.00000000000000 0.00000000000000 -0.00000000000000
22.38176352705430 0.00000000000000 0.00000000000000 0.00000000000000 -0.00000000000000
22.42084168336692 0.00000000000000 0.00000000000000 0.00000000000000 -0.00000000000000
22.45991983967955 0.00000000000000 0.00000000000000 0.00000000000000 -0.00000000000000
22.49899799599218 0.00000000000000 0.00000000000000 0.00000000000000 -0.00000000000000
22.53807615230480 0.00000000000000 0.00000000000000 0.00000000000000 -0.00000000000000
22.57715430861743 0.00000000000000 0.00000000000000 0.00000000000000 -0.00000000000000
22.61623246493006 0.00000000000000 0.00000000000000 0.00000000000000 -0.00000000000000
22.65531062124268 0.00000000000000 0.00000000000000 0.00000000000000 -0.00000000000000
22.69438877755531 0.00000000000000 0.00000000000000 0.00000000000000 -0.00000000000000
22.73346693386794 0.00000000000000 0.00000000000000 0.00000000000000 -0.00000000000000
22.77254509018056 0.00000000000000 0.00000000000000 0.00000000000000 -0.00000000000000
22.81162324649319 0.00000000000000 0.00000000000000 0.00000000000000 -0.00000000000000
22.85070140280582 0.00000000000000 0.00000000000000 0.00000000000000 -0.00000000000000
22.88977955911844 0.00000000000000 0.00000000000000 0.00000000000000 -0.00000000000000
22.92885771543107 0.00000000000000 0.00000000000000 0.00000000000000 -0.00000000000000
22.96793587174370 0.00000000000000 0.00000000000000 0.00000000000000 -0.00000000000000
23.00701402805633 0.00000000000000 0.00000000000000 0.00000000000000 -0.00000000000000
23.04609218436895 0.00000000000000 0.00000000000000 0.00000000000000 -0.00000000000000
23.08517034068158 0.00000000000000 0.00000000000000 0.00000000000000 -0.00000000000000
23.12424849699421 0.00000000000000 0.00000000000000 0.00000000000000 -0.00000000000000
23.16332665330683 0.00000000000000 0.00000000000000 0.00000000000000 -0.00000000000000
23.20240480961946 0.00000000000000 0.00000000000000 0.00000000000000 -0.00000000000000
23.24148296593209 0.00000000000000 0.00000000000000 0.00000000000000 -0.00000000000000
23.28056112224471 0.00000000000000 0.00000000000000 0.00000000000000 -0.00000000000000
23.31963927855734 0.00000000000000 0.00000000000000 0.00000000000000 -0.00000000000000
23.35871743486997 0.00000000000000 0.00000000000000 0.00000000000000 -0.00000000000000
23.39779559118259 0.00000000000000 0.00000000000000 0.00000000000000 -0.00000000000000
23.43687374749522 0.00000000000000 0.00000000000000 0.00000000000000 -0.00000000000000
23.47595190380785 0.00000000000000 0.00000000000000 0.00000000000000 -0.00000000000000
23.51503006012047 0.00000000000000 0.00000000000000 0.00000000000000 -0.00000000000000
23.55410821643310 0.00000000000000 0.00000000000000 0.00000000000000 -0.00000000000000
23.59318637274573 0.00000000000000 0.00000000000000 0.00000000000000 -0.00000000000000
23.63226452905835 0.00000000000000 0.00000000000000 0.00000000000000 -0.00000000000000
23.67134268537098 0.00000000000000 0.00000000000000 0.00000000000000 -0.00000000000000
23.71042084168361 0.00000000000000 0.00000000000000 0.00000000000000 -0.00000000000000
23.74949899799623 0.00000000000000 0.00000000000000 0.00000000000000 -0.00000000000000
23.78857715430886 0.00000000000000 0.00000000000000 0.00000000000000 -0.00000000000000
23.82765531062149 0.00000000000000 0.00000000000000 0.00000000000000 -0.00000000000000
23.86673346693411 0.00000000000000 0.00000000000000 0.00000000000000 -0.00000000000000
23.90581162324674 0.00000000000000 0.00000000000000 0.00000000000000 -0.00000000000000
23.94488977955937 0.00000000000000 0.00000000000000 0.00000000000000 -0.00000000000000
23.98396793587199 0.00000000000000 0.00000000000000 0.00000000000000 -0.00000000000000
24.02304609218462 0.00000000000000 0.00000000000000 0.00000000000000 -0.00000000000000
24.06212424849725 0.00000000000000 0.00000000000000 0.00000000000000 -0.00000000000000
24.10120240480988 0.00000000000000 0.00000000000000 0.00000000000000 -0.00000000000000
24.14028056112250 0.00000000000000 0.00000000000000 0.00000000000000 -0.00000000000000
24.17935871743513 0.00000000000000 0.00000000000000 0.00000000000000 -0.00000000000000
24.21843687374776 0.00000000000000 0.00000000000000 0.00000000000000 -0.00000000000000
24.25751503006038 0.00000000000000 0.00000000000000 0.00000000000000 -0.00000000000000
24.29659318637301 0.00000000000000 0.00000000000000 0.00000000000000 -0.00000000000000
24.33567134268564 0.00000000000000 0.00000000000000 0.00000000000000 -0.00000000000000
24.37474949899826 0.00000000000000 0.00000000000000 0.00000000000000 -0.00000000000000
24.41382765531089 0.00000000000000 0.00000000000000 0.00000000000000 -0.00000000000000
24.45290581162352 0.00000000000000 0.00000000000000 0.00000000000000 -0.00000000000000
24.49198396793614 0.00000000000000 0.00000000000000 0.00000000000000 -0.00000000000000
24.53106212424877 0.00000000000000 0.00000000000000 0.00000000000000 -0.00000000000000
24.57014028056140 0.00000000000000 0.00000000000000 0.00000000000000 -0.00000000000000
24.60921843687402 0.00000000000000 0.00000000000000 0.00000000000000 -0.00000000000000
24.64829659318665 0.00000000000000 0.00000000000000 0.00000000000000 -0.00000000000000
24.68737474949928 0.00000000000000 0.00000000000000 0.00000000000000 -0.00000000000000
24.72645290581190 0.00000000000000 0.00000000000000 0.00000000000000 -0.00000000000000
24.76553106212453 0.00000000000000 0.00000000000000 0.00000000000000 -0.00000000000000
24.80460921843716 0.00000000000000 0.00000000000000 0.00000000000000 -0.00000000000000
24.84368737474978 0.00000000000000 0.00000000000000 0.00000000000000 -0.00000000000000
24.88276553106241 0.00000000000000 0.00000000000000 0.00000000000000 -0.00000000000000
24.92184368737504 0.00000000000000 0.00000000000000 0.00000000000000 -0.00000000000000
24.96092184368766 0.00000000000000 0.00000000000000 0.00000000000000 -0.00000000000000
25.00000000000029 0.00000000000000 0.00000000000000 0.00000000000000 0.00000000000000
