5.50000000000000 0.00000000000000 0.00000000000000 0.00000000000000 0.00000000000000
5.53907815631263 0.00000000000000 0.00000000004200 0.00000000000000 -0.00000000004240
5.57815631262525 0.00000000000000 0.00000000015985 0.00000000000000 -0.00000000016144
5.61723446893788 0.00000000000000 0.00000000054294 0.00000000000000 -0.00000000054851
5.65631262525050 0.00000000000000 0.00000000175105 0.00000000000000 -0.00000000176956
5.69539078156313 0.00000000000000 0.00000000539501 0.00000000000000 -0.00000000545361
5.73446893787575 0.00000000000000 0.00000001590795 0.00000000000000 -0.00000001608504
5.77354709418838 0.00000000000000 0.00000004495279 0.00000000000000 -0.00000004546442
5.81262525050100 0.00000000000000 0.00000012189298 0.00000000000000 -0.00000012330800
5.85170340681363 0.00000000000000 0.00000031755514 0.00000000000000 -0.00000032130671
5.89078156312625 0.00000000000000 0.00000079579118 0.00000000000000 -0.00000080533818
5.92985971943888 0.00000000000000 0.00000192053915 0.00000000000000 -0.00000194388777
5.96893787575150 0.00000000000000 0.00000446868865 0.00000000000000 -0.00000452363110
6.00801603206413 0.00000000000000 0.00001003560702 0.00000000000000 -0.00001016014402
6.04709418837675 0.00000000000000 0.00002177574585 0.00000000000000 -0.00002204795482
6.08617234468938 0.00000000000000 0.00004569971672 0.00000000000000 -0.00004627405786
6.12525050100200 0.00000000000000 0.00009285316994 0.00000000000000 -0.00009402410015
6.16432865731463 0.00000000000000 0.00018282737821 0.00000000000000 -0.00018513623193
6.20340681362725 0.00000000000000 0.00034918266137 0.00000000000000 -0.00035358980951
6.24248496993988 0.00000000000000 0.00064747674037 0.00000000000000 -0.00065562728954
6.28156312625250 0.00000000000000 0.00116663913651 0.00000000000000 -0.00118125541035
6.32064128256513 0.00000000000000 0.00204436519359 0.00000000000000 -0.00206980065253
6.35971943887775 0.00000000000000 0.00348694747246 0.00000000000000 -0.00352993139668
6.39879759519038 0.00000000000000 0.00579335131807 0.00000000000000 -0.00586393654900
6.43787575150300 0.00000000000000 0.00938235468879 0.00000000000000 -0.00949504761450
6.47695390781563 0.00000000000000 0.01482078409137 0.00000000000000 -0.01499579081170
6.51603206412825 0.00000000000000 0.02284928452076 0.00000000000000 -0.02311374294169
6.55511022044088 0.00000000000000 0.03440068791909 0.00000000000000 -0.03478968056415
6.59418837675350 0.00000000000000 0.05060484745460 0.00000000000000 -0.05116191367404
6.63326653306613 0.00000000000000 0.07277310977791 0.00000000000000 -0.07354991386656
6.67234468937875 0.00000000000000 0.10235574592111 0.00000000000000 -0.10341052873352
6.71142284569138 0.00000000000000 0.14086693783233 0.00000000000000 -0.14226140441717
6.75050100200400 0.00000000000000 0.18977448425903 0.00000000000000 -0.19156887631912
6.78957915831663 0.00000000000000 0.25035522043682 0.00000000000000 -0.25260149877037
6.82865731462925 0.00000000000000 0.32352198081154 0.00000000000000 -0.32625529292188
6.86773547094188 0.00000000000000 0.40963327296803 0.00000000000000 -0.41286217710879
6.90681362725450 0.00000000000000 0.50830197539953 0.00000000000000 -0.51199818307962
6.94589178356713 0.00000000000000 0.61822350378493 0.00000000000000 -0.62231223872844
6.98496993987975 0.00000000000000 0.73704613925794 0.00000000000000 -0.74139929578582
7.02404809619238 0.00000000000000 0.86130595036495 0.00000000000000 -0.86573964630614
7.06312625250500 0.00000000000000 0.98644587951047 0.00000000000000 -0.99072333056165
7.10220440881763 0.00000000000000 1.10693192522785 0.00000000000000 -1.11077270022859
7.14128256513025 0.00000000000000 1.21647168748634 0.00000000000000 -1.21956747835979
7.18036072144288 0.00000000000000 1.30833054770273 0.00000000000000 -1.31036632822966
7.21943887775550 0.00000000000000 1.37573024651899 0.00000000000000 -1.37640815242998
7.25851703406813 0.00000000000000 1.41230488642288 0.00000000000000 -1.41136637350147
7.29759519038075 0.00000000000000 1.41258157019097 0.00000000000000 -1.40982153639624
7.33667334669338 0.00000000000000 1.37244798718999 0.00000000000000 -1.36771277439968
7.37575150300600 0.00000000000000 1.28956793894397 0.00000000000000 -1.28272770217929
7.41482965931863 0.00000000000000 1.16370828334614 0.00000000000000 -1.15459340812755
7.45390781563125 0.00000000000000 0.99694684723090 0.00000000000000 -0.98523820258153
7.49298597194388 0.00000000000000 0.79373986684714 0.00000000000000 -0.77880398261230
7.53206412825650 0.00000000000000 0.56083850186013 0.00000000000000 -0.54150148299437
7.57114228456913 0.00000000000000 0.30705578230402 0.00000000000000 -0.28131405108507
7.61022044088175 0.00000000000000 0.04289680710649 0.00000000000000 -0.00756858349309
7.64929859719438 0.00000000000000 -0.21992495415741 0.00000000000000 0.26959636433202
7.68837675350700 0.00000000000000 -0.46905464058804 0.00000000000000 0.53982659656436
7.72745490981963 0.00000000000000 -0.69211068706526 0.00000000000000 0.79316847921414
7.76653306613225 0.00000000000000 -0.87730969714723 0.00000000000000 1.02065997418088
7.80561122244488 0.00000000000000 -1.01406492403430 0.00000000000000 1.21485359767565
7.84468937875750 0.00000000000000 -1.09352523905402 0.00000000000000 1.37023434722121
7.88376753507013 0.00000000000000 -1.10902687276021 0.00000000000000 1.48350445182155
7.92284569138275 0.00000000000000 -1.05643690908442 0.00000000000000 1.55371759705483
7.96192384769538 0.00000000000000 -0.93437483172832 0.00000000000000 1.58225706065027
8.00100200400800 0.00000000000000 -0.74430576218040 0.00000000000000 1.57266393577468
8.04008016032063 0.00000000000000 -0.49050590256630 0.00000000000000 1.53033235567449
8.07915831663325 0.00000000000000 -0.17990675538101 0.00000000000000 1.46209754793756
8.11823647294588 0.00000000000000 0.17817027163201 0.00000000000000 1.37574903064111
8.15731462925850 0.00000000000000 0.57237333691004 0.00000000000000 1.27950495254710
8.19639278557113 0.00000000000000 0.98975533739295 0.00000000000000 1.18148436966224
8.23547094188375 0.00000000000000 1.41626458763404 0.00000000000000 1.08921228155312
8.27454909819638 0.00000000000000 1.83726990466794 0.00000000000000 1.00918787720205
8.31362725450900 0.00000000000000 2.23809888998497 0.00000000000000 0.94654018138321
8.35270541082163 0.00000000000000 2.60456878946728 0.00000000000000 0.90478777424965
8.39178356713425 0.00000000000000 2.92349051379327 0.00000000000000 0.88571114842905
8.43086172344688 0.00000000000000 3.18312814670068 0.00000000000000 0.88933822233269
8.46993987975950 0.00000000000000 3.37359849700520 0.00000000000000 0.91403612963085
8.50901803607213 0.00000000000000 3.48719790262894 0.00000000000000 0.95669612748192
8.54809619238475 0.00000000000000 3.51864650187272 0.00000000000000 1.01299364868377
8.58717434869738 0.00000000000000 3.46524346321571 0.00000000000000 1.07770235639108
8.62625250501000 0.00000000000000 3.32693010517598 0.00000000000000 1.14503959017130
8.66533066132263 0.00000000000000 3.10626131939747 0.00000000000000 1.20902073392318
8.70440881763525 0.00000000000000 2.80828909776134 0.00000000000000 1.26380159716896
8.74348697394788 0.00000000000000 2.44036511841824 0.00000000000000 1.30399061081153
8.78256513026050 0.00000000000000 2.01187213256862 0.00000000000000 1.32491617908331
8.82164328657313 0.00000000000000 1.53389619606422 0.00000000000000 1.32283856721564
8.86072144288575 0.00000000000000 1.01885351508767 0.00000000000000 1.29509991631151
8.89979959919838 0.00000000000000 0.48008676281895 0.00000000000000 1.24021007299712
8.93887775551100 0.00000000000000 -0.06855385058606 0.00000000000000 1.15786966066830
8.97795591182363 0.00000000000000 -0.61312969741764 0.00000000000000 1.04893501919416
9.01703406813625 0.00000000000000 -1.14001881345035 0.00000000000000 0.91533218067224
9.05611222444888 0.00000000000000 -1.63629407138080 0.00000000000000 0.75992887064758
9.09519038076150 0.00000000000000 -2.09006336693100 0.00000000000000 0.58637462217982
9.13426853707413 0.00000000000000 -2.49076284512641 0.00000000000000 0.39891950519792
9.17334669338675 0.00000000000000 -2.82939649917556 0.00000000000000 0.20222178203025
9.21242484969938 0.00000000000000 -3.09871785766386 0.00000000000000 0.00115410245417
9.25150300601200 0.00000000000000 -3.29335182568613 0.00000000000000 -0.19938323769889
9.29058116232463 0.00000000000000 -3.40985696339440 0.00000000000000 -0.39463481319933
9.32965931863725 0.00000000000000 -3.44673048955417 0.00000000000000 -0.58014272238544
9.36873747494988 0.00000000000000 -3.40436002579785 0.00000000000000 -0.75187531523209
9.40781563126250 0.00000000000000 -3.28492750731125 0.00000000000000 -0.90632947933850
9.44689378757513 0.00000000000000 -3.09227175545129 0.00000000000000 -1.04060540492778
9.48597194388775 0.00000000000000 -2.83171693328459 0.00000000000000 -1.15245402862034
9.52505010020038 0.00000000000000 -2.50987449815734 0.00000000000000 -1.24029843876629
9.56412825651300 0.00000000000000 -2.13442635107600 0.00000000000000 -1.30323139292082
9.60320641282563 0.00000000000000 -1.71389669570108 0.00000000000000 -1.34099174543426
9.64228456913825 0.00000000000000 -1.25741970167265 0.00000000000000 -1.35392301682258
9.68136272545088 0.00000000000000 -0.77450946309832 0.00000000000000 -1.34291757254339
9.72044088176350 0.00000000000000 -0.27483799972697 0.00000000000000 -1.30934993959140
9.75951903807613 0.00000000000000 0.23197378918285 0.00000000000000 -1.25500270166696
9.79859719438875 0.00000000000000 0.73654819779395 0.00000000000000 -1.18198820626674
9.83767535070138 0.00000000000000 1.22992269652027 0.00000000000000 -1.09266901877850
9.87675350701400 0.00000000000000 1.70369959291227 0.00000000000000 -0.98957969713977
9.91583166332663 0.00000000000000 2.15017197834010 0.00000000000000 -0.87535206111562
9.95490981963925 0.00000000000000 2.56242534126736 0.00000000000000 -0.75264571497594
9.99398797595188 0.00000000000000 2.93441491907573 0.00000000000000 -0.62408517004737
10.03306613226450 0.00000000000000 3.26101945967258 0.00000000000000 -0.49220451939515
10.07214428857713 0.00000000000000 3.53807256627444 0.00000000000000 -0.35940025230179
10.11122244488975 0.00000000000000 3.76237320275616 0.00000000000000 -0.22789246944626
10.15030060120238 0.00000000000000 3.93167724519670 0.00000000000000 -0.09969447591228
10.18937875751500 0.00000000000000 4.04467218291420 0.00000000000000 0.02340950910062
10.22845691382763 0.00000000000000 4.10093720662064 0.00000000000000 0.13987897939845
10.26753507014025 0.00000000000000 4.10089098105205 0.00000000000000 0.24842470728901
10.30661322645288 0.00000000000000 4.04572939414161 0.00000000000000 0.34800995539701
10.34569138276550 0.00000000000000 3.93735551449681 0.00000000000000 0.43784611130363
10.38476953907813 0.00000000000000 3.77830388360581 0.00000000000000 0.51738355662615
10.42384769539075 0.00000000000000 3.57166112847988 0.00000000000000 0.58629858853319
10.46292585170338 0.00000000000000 3.32098471339704 0.00000000000000 0.64447719414816
10.50200400801600 0.00000000000000 3.03022146433356 0.00000000000000 0.69199644152817
10.54108216432863 0.00000000000000 2.70362730395112 0.00000000000000 0.72910419936293
10.58016032064125 0.00000000000000 2.34568943508991 0.00000000000000 0.75619783530200
10.61923847695388 0.00000000000000 1.96105201206890 0.00000000000000 0.77380247354161
10.65831663326650 0.00000000000000 1.55444614622286 0.00000000000000 0.78254931917030
10.69739478957913 0.00000000000000 1.13062490860543 0.00000000000000 0.78315448248719
10.73647294589175 0.00000000000000 0.69430382140500 0.00000000000000 0.77639866330000
10.77555110220438 0.00000000000000 0.25010717233039 0.00000000000000 0.76310798485972
10.81462925851700 0.00000000000000 -0.19747965568325 0.00000000000000 0.74413620095865
10.85370741482963 0.00000000000000 -0.64415177292172 0.00000000000000 0.72034843879491
10.89278557114225 0.00000000000000 -1.08582033251271 0.00000000000000 0.69260658514565
10.93186372745488 0.00000000000000 -1.51864217773129 0.00000000000000 0.66175637456372
10.97094188376750 0.00000000000000 -1.93904380148913 0.00000000000000 0.62861619585207
11.01002004008013 0.00000000000000 -2.34373989580621 0.00000000000000 0.59396759691340
11.04909819639275 0.00000000000000 -2.72974681867835 0.00000000000000 0.55854743800313
11.08817635270538 0.00000000000000 -3.09439134281950 0.00000000000000 0.52304161909729
11.12725450901800 0.00000000000000 -3.43531507648917 0.00000000000000 0.48808028810464
11.16633266533063 0.00000000000000 -3.75047496226577 0.00000000000000 0.45423442252776
11.20541082164325 0.00000000000000 -4.03814026644735 0.00000000000000 0.42201366740391
11.24448897795588 0.00000000000000 -4.29688647097813 0.00000000000000 0.39186530641212
11.28356713426850 0.00000000000000 -4.52558647258512 0.00000000000000 0.36417424040105
11.32264529058113 0.00000000000000 -4.72339948126960 0.00000000000000 0.33926384777263
11.36172344689375 0.00000000000000 -4.88975799346065 0.00000000000000 0.31739760367386
11.40080160320638 0.00000000000000 -5.02435319494013 0.00000000000000 0.29878133936224
11.43987975951900 0.00000000000000 -5.12711912593689 0.00000000000000 0.28356602901306
11.47895791583163 0.00000000000000 -5.19821591631873 0.00000000000000 0.27185099826597
11.51803607214425 0.00000000000000 -5.23801237324355 0.00000000000000 0.26368745663824
11.55711422845688 0.00000000000000 -5.24706817754132 0.00000000000000 0.25908226428107
11.59619238476950 0.00000000000000 -5.22611591897461 0.00000000000000 0.25800185217905
11.63527054108213 0.00000000000000 -5.17604317477648 0.00000000000000 0.26037622358431
11.67434869739475 0.00000000000000 -5.09787481082864 0.00000000000000 0.26610297306697
11.71342685370738 0.00000000000000 -4.99275566078856 0.00000000000000 0.27505126791066
11.75250501002000 0.00000000000000 -4.86193371561370 0.00000000000000 0.28706574457858
11.79158316633263 0.00000000000000 -4.70674393441900 0.00000000000000 0.30197028053631
11.83066132264525 0.00000000000000 -4.52859276755202 0.00000000000000 0.31957160878279
11.86973947895788 0.00000000000000 -4.32894346424603 0.00000000000000 0.33966274896855
11.90881763527050 0.00000000000000 -4.10930222025105 0.00000000000000 0.36202623494739
11.94789579158313 0.00000000000000 -3.87120520544868 0.00000000000000 0.38643712400414
11.98697394789575 0.00000000000000 -3.61620649761119 0.00000000000000 0.41266577782987
12.02605210420838 0.00000000000000 -3.34586693612677 0.00000000000000 0.44048040958838
12.06513026052100 0.00000000000000 -3.06174389862650 0.00000000000000 0.46964939515472
12.10420841683363 0.00000000000000 -2.76538199394648 0.00000000000000 0.49994334983286
12.14328657314625 0.00000000000000 -2.45830465666180 0.00000000000000 0.53113697460536
12.18236472945888 0.00000000000000 -2.14200662145652 0.00000000000000 0.56301067826742
12.22144288577150 0.00000000000000 -1.81794724975484 0.00000000000000 0.59535198368360
12.26052104208413 0.00000000000000 -1.48754467624655 0.00000000000000 0.62795672791639
12.29959919839675 0.00000000000000 -1.15217073910174 0.00000000000000 0.66063006714509
12.33867735470938 0.00000000000000 -0.81314665469892 0.00000000000000 0.69318729815815
12.37775551102200 0.00000000000000 -0.47173939549899 0.00000000000000 0.72545450879612
12.41683366733463 0.00000000000000 -0.12915872820222 0.00000000000000 0.75726907007805
12.45591182364725 0.00000000000000 0.21344513155436 0.00000000000000 0.78847998289345
12.49498997995988 0.00000000000000 0.55498329204018 0.00000000000000 0.81894809211328
12.53406813627250 0.00000000000000 0.89442942976541 0.00000000000000 0.84854618079434
12.57314629258513 0.00000000000000 1.23082054872205 0.00000000000000 0.87715895684664
12.61222444889775 0.00000000000000 1.56325729707037 0.00000000000000 0.90468294412539
12.65130260521038 0.00000000000000 1.89090388264581 0.00000000000000 0.93102628941887
12.69038076152300 0.00000000000000 2.21298762726204 0.00000000000000 0.95610849624914
12.72945891783563 0.00000000000000 2.52879819819792 0.00000000000000 0.97986009580014
12.76853707414825 0.00000000000000 2.83768655352029 0.00000000000000 1.00222226465239
12.80761523046088 0.00000000000000 3.13906363604892 0.00000000000000 1.02314639834728
12.84669338677350 0.00000000000000 3.43239884884665 0.00000000000000 1.04259364913792
12.88577154308613 0.00000000000000 3.71721834314711 0.00000000000000 1.06053443561709
12.92484969939875 0.00000000000000 3.99310314763836 0.00000000000000 1.07694793125377
12.96392785571138 0.00000000000000 4.25968716602655 0.00000000000000 1.09182153822456
13.00300601202400 0.00000000000000 4.51665506782740 0.00000000000000 1.10515035230064
13.04208416833663 0.00000000000000 4.76374009539114 0.00000000000000 1.11693662394873
13.08116232464925 0.00000000000000 5.00072180827156 0.00000000000000 1.12718922022932
13.12024048096188 0.00000000000000 5.22742378421364 0.00000000000000 1.13592309152987
13.15931863727450 0.00000000000000 5.44371129426455 0.00000000000000 1.14315874665618
13.19839679358713 0.00000000000000 5.64948896781785 0.00000000000000 1.14892173932333
13.23747494989975 0.00000000000000 5.84469846178423 0.00000000000000 1.15324216863825
13.27655310621238 0.00000000000000 6.02931614654945 0.00000000000000 1.15615419575044
13.31563126252500 0.00000000000000 6.20335081993185 0.00000000000000 1.15769557846406
13.35470941883763 0.00000000000000 6.36684145899085 0.00000000000000 1.15790722525342
13.39378757515025 0.00000000000000 6.51985501826319 0.00000000000000 1.15683276980495
13.43286573146288 0.00000000000000 6.66248428181561 0.00000000000000 1.15451816691842
13.47194388777550 0.00000000000000 6.79484577539927 0.00000000000000 1.15101131034050
13.51102204408813 0.00000000000000 6.91707774397116 0.00000000000000 1.14636167287022
13.55010020040075 0.00000000000000 7.02933819890828 0.00000000000000 1.14061996886919
13.58917835671338 0.00000000000000 7.13180303837860 0.00000000000000 1.13383783912710
13.62825651302600 0.00000000000000 7.22466424354653 0.00000000000000 1.12606755787328
13.66733466933863 0.00000000000000 7.30812815257527 0.00000000000000 1.11736176158728
13.70641282565125 0.00000000000000 7.38241381374151 0.00000000000000 1.10777319914267
13.74549098196388 0.00000000000000 7.44775141839557 0.00000000000000 1.09735450271832
13.78456913827650 0.00000000000000 7.50438081397843 0.00000000000000 1.08615797882794
13.82364729458913 0.00000000000000 7.55255009684288 0.00000000000000 1.07423541875017
13.86272545090175 0.00000000000000 7.59251428421494 0.00000000000000 1.06163792758743
13.90180360721438 0.00000000000000 7.62453406427130 0.00000000000000 1.04841577113945
13.94088176352700 0.00000000000000 7.64887462299407 0.00000000000000 1.03461823974710
13.97995991983963 0.00000000000000 7.66580454619258 0.00000000000000 1.02029352824110
14.01903807615225 0.00000000000000 7.67559479485093 0.00000000000000 1.00548863111875
14.05811623246488 0.00000000000000 7.67851775176433 0.00000000000000 0.99024925206763
14.09719438877750 0.00000000000000 7.67484633726623 0.00000000000000 0.97461972695842
14.13627254509013 0.00000000000000 7.66485319171677 0.00000000000000 0.95864295943781
14.17535070140275 0.00000000000000 7.64880992232010 0.00000000000000 0.94236036826648
14.21442885771538 0.00000000000000 7.62698641175988 0.00000000000000 0.92581184556587
14.25350701402800 0.00000000000000 7.59965018608702 0.00000000000000 0.90903572515912
14.29258517034063 0.00000000000000 7.56706583925841 0.00000000000000 0.89206876021726
14.33166332665325 0.00000000000000 7.52949451170873 0.00000000000000 0.87494610944892
14.37074148296588 0.00000000000000 7.48719342033702 0.00000000000000 0.85770133110158
14.40981963927850 0.00000000000000 7.44041543730268 0.00000000000000 0.84036638407359
14.44889779559113 0.00000000000000 7.38940871505245 0.00000000000000 0.82297163546792
14.48797595190375 0.00000000000000 7.33441635503647 0.00000000000000 0.80554587395182
14.52705410821638 0.00000000000000 7.27567611761856 0.00000000000000 0.78811632831951
14.56613226452900 0.00000000000000 7.21342017073985 0.00000000000000 0.77070869068832
14.60521042084163 0.00000000000000 7.14787487495715 0.00000000000000 0.75334714379188
14.64428857715425 0.00000000000000 7.07926060254383 0.00000000000000 0.73605439186667
14.68336673346688 0.00000000000000 7.00779158841340 0.00000000000000 0.71885169466030
14.72244488977950 0.00000000000000 6.93367581070087 0.00000000000000 0.70175890412148
14.76152304609213 0.00000000000000 6.85711489891599 0.00000000000000 0.68479450336225
14.80060120240475 0.00000000000000 6.77830406766228 0.00000000000000 0.66797564751253
14.83967935871738 0.00000000000000 6.69743207399811 0.00000000000000 0.65131820611586
14.87875751503000 0.00000000000000 6.61468119659857 0.00000000000000 0.63483680674272
14.91783567134263 0.00000000000000 6.53022723495977 0.00000000000000 0.61854487952393
14.95691382765525 0.00000000000000 6.44423952696992 0.00000000000000 0.60245470233224
14.99599198396788 0.00000000000000 6.35688098325392 0.00000000000000 0.58657744636385
15.03507014028050 0.00000000000000 6.26830813677864 0.00000000000000 0.57092322189449
15.07414829659313 0.00000000000000 6.17867120628657 0.00000000000000 0.55550112400621
15.11322645290575 0.00000000000000 6.08811417220313 0.00000000000000 0.54031927810153
15.15230460921838 0.00000000000000 5.99677486373974 0.00000000000000 0.52538488504027
15.19138276553100 0.00000000000000 5.90478505598865 0.00000000000000 0.51070426575307
15.23046092184363 0.00000000000000 5.81227057587824 0.00000000000000 0.49628290520160
15.26953907815625 0.00000000000000 5.71935141592696 0.00000000000000 0.48212549557189
15.30861723446888 0.00000000000000 5.62614185480191 0.00000000000000 0.46823597860137
15.34769539078150 0.00000000000000 5.53275058375298 0.00000000000000 0.45461758695402
15.38677354709413 0.00000000000000 5.43928083805618 0.00000000000000 0.44127288457040
15.42585170340675 0.00000000000000 5.34583053265945 0.00000000000000 0.42820380593134
15.46492985971938 0.00000000000000 5.25249240128220 0.00000000000000 0.41541169418426
15.50400801603200 0.00000000000000 5.15935413827434 0.00000000000000 0.40289733809136
15.54308617234463 0.00000000000000 5.06649854259293 0.00000000000000 0.39066100776773
15.58216432865725 0.00000000000000 4.97400366330467 0.00000000000000 0.37870248918555
15.62124248496988 0.00000000000000 4.88194294606953 0.00000000000000 0.36702111742836
15.66032064128250 0.00000000000000 4.79038538010594 0.00000000000000 0.35561580868571
15.69939879759513 0.00000000000000 4.69939564518026 0.00000000000000 0.34448509098500
15.73847695390775 0.00000000000000 4.60903425820382 0.00000000000000 0.33362713366262
15.77755511022038 0.00000000000000 4.51935771905834 0.00000000000000 0.32303977558139
15.81663326653300 0.00000000000000 4.43041865530669 0.00000000000000 0.31272055210588
15.85571142284563 0.00000000000000 4.34226596547937 0.00000000000000 0.30266672085083
15.89478957915825 0.00000000000000 4.25494496065875 0.00000000000000 0.29287528622144
15.93386773547088 0.00000000000000 4.16849750411263 0.00000000000000 0.28334302276728
15.97294589178350 0.00000000000000 4.08296214875679 0.00000000000000 0.27406649737402
16.01202404809613 0.00000000000000 3.99837427225150 0.00000000000000 0.26504209031958
16.05110220440876 0.00000000000000 3.91476620956177 0.00000000000000 0.25626601522292
16.09018036072138 0.00000000000000 3.83216738283315 0.00000000000000 0.24773433791553
16.12925851703401 0.00000000000000 3.75060442845618 0.00000000000000 0.23944299426668
16.16833667334664 0.00000000000000 3.67010132121176 0.00000000000000 0.23138780699457
16.20741482965926 0.00000000000000 3.59067949540778 0.00000000000000 0.22356450149650
16.24649298597189 0.00000000000000 3.51235796293412 0.00000000000000 0.21596872073130
16.28557114228452 0.00000000000000 3.43515342817819 0.00000000000000 0.20859603918808
16.32464929859714 0.00000000000000 3.35908039975759 0.00000000000000 0.20144197597518
16.36372745490977 0.00000000000000 3.28415129903911 0.00000000000000 0.19450200706336
16.40280561122240 0.00000000000000 3.21037656542550 0.00000000000000 0.18777157671728
16.44188376753502 0.00000000000000 3.13776475840202 0.00000000000000 0.18124610814878
16.48096192384765 0.00000000000000 3.06632265634472 0.00000000000000 0.17492101342527
16.52004008016028 0.00000000000000 2.99605535210145 0.00000000000000 0.16879170266631
16.55911823647291 0.00000000000000 2.92696634536466 0.00000000000000 0.16285359256031
16.59819639278553 0.00000000000000 2.85905763186229 0.00000000000000 0.15710211423346
16.63727454909816 0.00000000000000 2.79232978939966 0.00000000000000 0.15153272050153
16.67635270541079 0.00000000000000 2.72678206079137 0.00000000000000 0.14614089253514
16.71543086172341 0.00000000000000 2.66241243372693 0.00000000000000 0.14092214596778
16.75450901803604 0.00000000000000 2.59921771761895 0.00000000000000 0.13587203647536
16.79358717434867 0.00000000000000 2.53719361748652 0.00000000000000 0.13098616485518
16.83266533066129 0.00000000000000 2.47633480492993 0.00000000000000 0.12626018163120
16.87174348697392 0.00000000000000 2.41663498625597 0.00000000000000 0.12168979121184
16.91082164328655 0.00000000000000 2.35808696781575 0.00000000000000 0.11727075562535
16.94989979959917 0.00000000000000 2.30068271861874 0.00000000000000 0.11299889785718
16.98897795591180 0.00000000000000 2.24441343028912 0.00000000000000 0.10887010481275
17.02805611222443 0.00000000000000 2.18926957443145 0.00000000000000 0.10488032992801
17.06713426853705 0.00000000000000 2.13524095747398 0.00000000000000 0.10102559544951
17.10621242484968 0.00000000000000 2.08231677305881 0.00000000000000 0.09730199440460
17.14529058116231 0.00000000000000 2.03048565204849 0.00000000000000 0.09370569228170
17.18436873747493 0.00000000000000 1.97973571021903 0.00000000000000 0.09023292843954
17.22344689378756 0.00000000000000 1.93005459370939 0.00000000000000 0.08688001726348
17.26252505010019 0.00000000000000 1.88142952229727 0.00000000000000 0.08364334908633
17.30160320641281 0.00000000000000 1.83384733057082 0.00000000000000 0.08051939088999
17.34068136272544 0.00000000000000 1.78729450706527 0.00000000000000 0.07750468680381
17.37975951903807 0.00000000000000 1.74175723143303 0.00000000000000 0.07459585841436
17.41883767535069 0.00000000000000 1.69722140971487 0.00000000000000 0.07178960490102
17.45791583166332 0.00000000000000 1.65367270777886 0.00000000000000 0.06908270301070
17.49699398797595 0.00000000000000 1.61109658299310 0.00000000000000 0.06647200688452
17.53607214428857 0.00000000000000 1.56947831419665 0.00000000000000 0.06395444774842
17.57515030060120 0.00000000000000 1.52880303003239 0.00000000000000 0.06152703347932
17.61422845691383 0.00000000000000 1.48905573570399 0.00000000000000 0.05918684805738
17.65330661322646 0.00000000000000 1.45022133821811 0.00000000000000 0.05693105091471
17.69238476953908 0.00000000000000 1.41228467017128 0.00000000000000 0.05475687619008
17.73146292585171 0.00000000000000 1.37523051213992 0.00000000000000 0.05266163189866
17.77054108216434 0.00000000000000 1.33904361373026 0.00000000000000 0.05064269902523
17.80961923847696 0.00000000000000 1.30370871334349 0.00000000000000 0.04869753054902
17.84869739478959 0.00000000000000 1.26921055671021 0.00000000000000 0.04682365040745
17.88777555110222 0.00000000000000 1.23553391424647 0.00000000000000 0.04501865240593
17.92685370741484 0.00000000000000 1.20266359728249 0.00000000000000 0.04328019908028
17.96593186372747 0.00000000000000 1.17058447321342 0.00000000000000 0.04160602051785
18.00501002004010 0.00000000000000 1.13928147962021 0.00000000000000 0.03999391314311
18.04408817635272 0.00000000000000 1.10873963740702 0.00000000000000 0.03844173847312
18.08316633266535 0.00000000000000 1.07894406300015 0.00000000000000 0.03694742184765
18.12224448897798 0.00000000000000 1.04987997965214 0.00000000000000 0.03550895113887
18.16132264529060 0.00000000000000 1.02153272789308 0.00000000000000 0.03412437544466
18.20040080160323 0.00000000000000 0.99388777516982 0.00000000000000 0.03279180376957
18.23947895791586 0.00000000000000 0.96693072471230 0.00000000000000 0.03150940369720
18.27855711422848 0.00000000000000 0.94064732366496 0.00000000000000 0.03027540005731
18.31763527054111 0.00000000000000 0.91502347051966 0.00000000000000 0.02908807359077
18.35671342685374 0.00000000000000 0.89004522188536 0.00000000000000 0.02794575961529
18.39579158316636 0.00000000000000 0.86569879862833 0.00000000000000 0.02684684669450
18.43486973947899 0.00000000000000 0.84197059141559 0.00000000000000 0.02578977531288
18.47394789579162 0.00000000000000 0.81884716569285 0.00000000000000 0.02477303655861
18.51302605210424 0.00000000000000 0.79631526612699 0.00000000000000 0.02379517081646
18.55210420841687 0.00000000000000 0.77436182054213 0.00000000000000 0.02285476647247
18.59118236472950 0.00000000000000 0.75297394337697 0.00000000000000 0.02195045863206
18.63026052104212 0.00000000000000 0.73213893868998 0.00000000000000 0.02108092785308
18.66933867735475 0.00000000000000 0.71184430273807 0.00000000000000 0.02024489889509
18.70841683366738 0.00000000000000 0.69207772615302 0.00000000000000 0.01944113948606
18.74749498998001 0.00000000000000 0.67282709573936 0.00000000000000 0.01866845910750
18.78657314629263 0.00000000000000 0.65408049591577 0.00000000000000 0.01792570779898
18.82565130260526 0.00000000000000 0.63582620982175 0.00000000000000 0.01721177498280
18.86472945891789 0.00000000000000 0.61805272010980 0.00000000000000 0.01652558830956
18.90380761523051 0.00000000000000 0.60074870944292 0.00000000000000 0.01586611252511
18.94288577154314 0.00000000000000 0.58390306071590 0.00000000000000 0.01523234835950
18.98196392785577 0.00000000000000 0.56750485701845 0.00000000000000 0.01462333143820
19.02104208416839 0.00000000000000 0.55154338135700 0.00000000000000 0.01403813121607
19.06012024048102 0.00000000000000 0.53600811615160 0.00000000000000 0.01347584993419
19.09919839679365 0.00000000000000 0.52088874252320 0.00000000000000 0.01293562159979
19.13827655310627 0.00000000000000 0.50617513938614 0.00000000000000 0.01241661098943
19.17735470941890 0.00000000000000 0.49185738235981 0.00000000000000 0.01191801267542
19.21643286573153 0.00000000000000 0.47792574251283 0.00000000000000 0.01143905007556
19.25551102204415 0.00000000000000 0.46437068495243 0.00000000000000 0.01097897452605
19.29458917835678 0.00000000000000 0.45118286727103 0.00000000000000 0.01053706437761
19.33366733466941 0.00000000000000 0.43835313786144 0.00000000000000 0.01011262411458
19.37274549098203 0.00000000000000 0.42587253411160 0.00000000000000 0.00970498349690
19.41182364729466 0.00000000000000 0.41373228048900 0.00000000000000 0.00931349672470
19.45090180360729 0.00000000000000 0.40192378652470 0.00000000000000 0.00893754162535
19.48997995991991 0.00000000000000 0.39043864470599 0.00000000000000 0.00857651886265
19.52905811623254 0.00000000000000 0.37926862828653 0.00000000000000 0.00822985116789
19.56813627254517 0.00000000000000 0.36840568902226 0.00000000000000 0.00789698259253
19.60721442885779 0.00000000000000 0.35784195484070 0.00000000000000 0.00757737778207
19.64629258517042 0.00000000000000 0.34756972745124 0.00000000000000 0.00727052127089
19.68537074148305 0.00000000000000 0.33758147990322 0.00000000000000 0.00697591679763
19.72444889779567 0.00000000000000 0.32786985409832 0.00000000000000 0.00669308664076
19.76352705410830 0.00000000000000 0.31842765826359 0.00000000000000 0.00642157097397
19.80260521042093 0.00000000000000 0.30924786439081 0.00000000000000 0.00616092724097
19.84168336673356 0.00000000000000 0.30032360564762 0.00000000000000 0.00591072954938
19.88076152304618 0.00000000000000 0.29164817376567 0.00000000000000 0.00567056808322
19.91983967935881 0.00000000000000 0.28321501641045 0.00000000000000 0.00544004853362
19.95891783567144 0.00000000000000 0.27501773453748 0.00000000000000 0.00521879154736
19.99799599198406 0.00000000000000 0.26705007973893 0.00000000000000 0.00500643219290
20.03707414829669 0.00000000000000 0.25930595158473 0.00000000000000 0.00480261944329
20.07615230460932 0.00000000000000 0.25177939496182 0.00000000000000 0.00460701567580
20.11523046092194 0.00000000000000 0.24446459741502 0.00000000000000 0.00441929618763
20.15430861723457 0.00000000000000 0.23735588649259 0.00000000000000 0.00423914872750
20.19338677354720 0.00000000000000 0.23044772709974 0.00000000000000 0.00406627304250
20.23246492985982 0.00000000000000 0.22373471886256 0.00000000000000 0.00390038044004
20.27154308617245 0.00000000000000 0.21721159350516 0.00000000000000 0.00374119336425
20.31062124248508 0.00000000000000 0.21087321224226 0.00000000000000 0.00358844498663
20.34969939879770 0.00000000000000 0.20471456318952 0.00000000000000 0.00344187881047
20.38877755511033 0.00000000000000 0.19873075879358 0.00000000000000 0.00330124828867
20.42785571142296 0.00000000000000 0.19291703328367 0.00000000000000 0.00316631645456
20.46693386773558 0.00000000000000 0.18726874014657 0.00000000000000 0.00303685556541
20.50601202404821 0.00000000000000 0.18178134962632 0.00000000000000 0.00291264675818
20.54509018036084 0.00000000000000 0.17645044625028 0.00000000000000 0.00279347971723
20.58416833667346 0.00000000000000 0.17127172638271 0.00000000000000 0.00267915235353
20.62324649298609 0.00000000000000 0.16624099580707 0.00000000000000 0.00256947049520
20.66232464929872 0.00000000000000 0.16135416733811 0.00000000000000 0.00246424758875
20.70140280561134 0.00000000000000 0.15660725846459 0.00000000000000 0.00236330441108
20.74048096192397 0.00000000000000 0.15199638902366 0.00000000000000 0.00226646879148
20.77955911823660 0.00000000000000 0.14751777890739 0.00000000000000 0.00217357534367
20.81863727454922 0.00000000000000 0.14316774580226 0.00000000000000 0.00208446520738
20.85771543086185 0.00000000000000 0.13894270296212 0.00000000000000 0.00199898579917
20.89679358717448 0.00000000000000 0.13483915701513 0.00000000000000 0.00191699057230
20.93587174348711 0.00000000000000 0.13085370580489 0.00000000000000 0.00183833878519
20.97494989979973 0.00000000000000 0.12698303626644 0.00000000000000 0.00176289527841
21.01402805611236 0.00000000000000 0.12322392233699 0.00000000000000 0.00169053025970
21.05310621242499 0.00000000000000 0.11957322290190 0.00000000000000 0.00162111909685
21.09218436873761 0.00000000000000 0.11602787977578 0.00000000000000 0.00155454211827
21.13126252505024 0.00000000000000 0.11258491571907 0.00000000000000 0.00149068442081
21.17034068136287 0.00000000000000 0.10924143248980 0.00000000000000 0.00142943568470
21.20941883767549 0.00000000000000 0.10599460893083 0.00000000000000 0.00137068999537
21.24849699398812 0.00000000000000 0.10284169909229 0.00000000000000 0.00131434567188
21.28757515030075 0.00000000000000 0.09978003038914 0.00000000000000 0.00126030510171
21.32665330661337 0.00000000000000 0.09680700179390 0.00000000000000 0.00120847458178
21.36573146292600 0.00000000000000 0.09392008206402 0.00000000000000 0.00115876416538
21.40480961923863 0.00000000000000 0.09111680800401 0.00000000000000 0.00111108751488
21.44388777555125 0.00000000000000 0.08839478276191 0.00000000000000 0.00106536175997
21.48296593186388 0.00000000000000 0.08575167415985 0.00000000000000 0.00102150736127
21.52204408817651 0.00000000000000 0.08318521305842 0.00000000000000 0.00097944797909
21.56112224448913 0.00000000000000 0.08069319175456 0.00000000000000 0.00093911034717
21.60020040080176 0.00000000000000 0.07827346241252 0.00000000000000 0.00090042415124
21.63927855711439 0.00000000000000 0.07592393552768 0.00000000000000 0.00086332191221
21.67835671342701 0.00000000000000 0.07364257842268 0.00000000000000 0.00082773887378
21.71743486973964 0.00000000000000 0.07142741377563 0.00000000000000 0.00079361289440
21.75651302605227 0.00000000000000 0.06927651817983 0.00000000000000 0.00076088434338
21.79559118236489 0.00000000000000 0.06718802073473 0.00000000000000 0.00072949600093
21.83466933867752 0.00000000000000 0.06516010166749 0.00000000000000 0.00069939296212
21.87374749499015 0.00000000000000 0.06319099098495 0.00000000000000 0.00067052254455
21.91282565130278 0.00000000000000 0.06127896715532 0.00000000000000 0.00064283419947
21.95190380761540 0.00000000000000 0.05942235581926 0.00000000000000 0.00061627942654
21.99098196392803 0.00000000000000 0.05761952852984 0.00000000000000 0.00059081169168
22.03006012024066 0.00000000000000 0.05586890152087 0.00000000000000 0.00056638634831
22.06913827655328 0.00000000000000 0.05416893450322 0.00000000000000 0.00054296056151
22.10821643286591 0.00000000000000 0.05251812948848 0.00000000000000 0.00052049323517
22.14729458917854 0.00000000000000 0.05091502963964 0.00000000000000 0.00049894494205
22.18637274549116 0.00000000000000 0.04935821814819 0.00000000000000 0.00047827785652
22.22545090180379 0.00000000000000 0.04784631713719 0.00000000000000 0.00045845568986
22.26452905811642 0.00000000000000 0.04637798658980 0.00000000000000 0.00043944362827
22.30360721442904 0.00000000000000 0.04495192330277 0.00000000000000 0.00042120827312
22.34268537074167 0.00000000000000 0.04356685986445 0.00000000000000 0.00040371758371
22.38176352705430 0.00000000000000 0.04222156365674 0.00000000000000 0.00038694082212
22.42084168336692 0.00000000000000 0.04091483588056 0.00000000000000 0.00037084850039
22.45991983967955 0.00000000000000 0.03964551060431 0.00000000000000 0.00035541232964
22.49899799599218 0.00000000000000 0.03841245383490 0.00000000000000 0.00034060517129
22.53807615230480 0.00000000000000 0.03721456261069 0.00000000000000 0.00032640099015
22.57715430861743 0.00000000000000 0.03605076411616 0.00000000000000 0.00031277480937
22.61623246493006 0.00000000000000 0.03492001481748 0.00000000000000 0.00029970266717
22.65531062124268 0.00000000000000 0.03382129961882 0.00000000000000 0.00028716157531
22.69438877755531 0.00000000000000 0.03275363103870 0.00000000000000 0.00027512947910
22.73346693386794 0.00000000000000 0.03171604840604 0.00000000000000 0.00026358521912
22.77254509018056 0.00000000000000 0.03070761707542 0.00000000000000 0.00025250849437
22.81162324649319 0.00000000000000 0.02972742766108 0.00000000000000 0.00024187982683
22.85070140280582 0.00000000000000 0.02877459528920 0.00000000000000 0.00023168052757
22.88977955911844 0.00000000000000 0.02784825886805 0.00000000000000 0.00022189266400
22.92885771543107 0.00000000000000 0.02694758037554 0.00000000000000 0.00021249902859
22.96793587174370 0.00000000000000 0.02607174416371 0.00000000000000 0.00020348310868
23.00701402805633 0.00000000000000 0.02521995627982 0.00000000000000 0.00019482905757
23.04609218436895 0.00000000000000 0.02439144380348 0.00000000000000 0.00018652166668
23.08517034068158 0.00000000000000 0.02358545419952 0.00000000000000 0.00017854633884
23.12424849699421 0.00000000000000 0.02280125468611 0.00000000000000 0.00017088906262
23.16332665330683 0.00000000000000 0.02203813161776 0.00000000000000 0.00016353638763
23.20240480961946 0.00000000000000 0.02129538988274 0.00000000000000 0.00015647540079
23.24148296593209 0.00000000000000 0.02057235231466 0.00000000000000 0.00014969370356
23.28056112224471 0.00000000000000 0.01986835911757 0.00000000000000 0.00014317939001
23.31963927855734 0.00000000000000 0.01918276730447 0.00000000000000 0.00013692102570
23.35871743486997 0.00000000000000 0.01851495014866 0.00000000000000 0.00013090762748
23.39779559118259 0.00000000000000 0.01786429664759 0.00000000000000 0.00012512864390
23.43687374749522 0.00000000000000 0.01723021099892 0.00000000000000 0.00011957393652
23.47595190380785 0.00000000000000 0.01661211208830 0.00000000000000 0.00011423376184
23.51503006012047 0.00000000000000 0.01600943298858 0.00000000000000 0.00010909875385
23.55410821643310 0.00000000000000 0.01542162047015 0.00000000000000 0.00010415990739
23.59318637274573 0.00000000000000 0.01484813452186 0.00000000000000 0.00009940856196
23.63226452905835 0.00000000000000 0.01428844788246 0.00000000000000 0.00009483638619
23.67134268537098 0.00000000000000 0.01374204558194 0.00000000000000 0.00009043536287
23.71042084168361 0.00000000000000 0.01320842449263 0.00000000000000 0.00008619777450
23.74949899799623 0.00000000000000 0.01268709288960 0.00000000000000 0.00008211618934
23.78857715430886 0.00000000000000 0.01217757002016 0.00000000000000 0.00007818344797
23.82765531062149 0.00000000000000 0.01167938568200 0.00000000000000 0.00007439265026
23.86673346693411 0.00000000000000 0.01119207980976 0.00000000000000 0.00007073714280
23.90581162324674 0.00000000000000 0.01071520206964 0.00000000000000 0.00006721050678
23.94488977955937 0.00000000000000 0.01024831146179 0.00000000000000 0.00006380654615
23.98396793587199 0.00000000000000 0.00979097593016 0.00000000000000 0.00006051927627
24.02304609218462 0.00000000000000 0.00934277197949 0.00000000000000 0.00005734291282
24.06212424849725 0.00000000000000 0.00890328429920 0.00000000000000 0.00005427186109
24.10120240480988 0.00000000000000 0.00847210539375 0.00000000000000 0.00005130070549
24.14028056112250 0.00000000000000 0.00804883521934 0.00000000000000 0.00004842419946
24.17935871743513 0.00000000000000 0.00763308082662 0.00000000000000 0.00004563725555
24.21843687374776 0.00000000000000 0.00722445600898 0.00000000000000 0.00004293493577
24.25751503006038 0.00000000000000 0.00682258095634 0.00000000000000 0.00004031244221
24.29659318637301 0.00000000000000 0.00642708191410 0.00000000000000 0.00003776510778
24.33567134268564 0.00000000000000 0.00603759084684 0.00000000000000 0.00003528838725
24.37474949899826 0.00000000000000 0.00565374510667 0.00000000000000 0.00003287784834
24.41382765531089 0.00000000000000 0.00527518710592 0.00000000000000 0.00003052916304
24.45290581162352 0.00000000000000 0.00490156399378 0.00000000000000 0.00002823809908
24.49198396793614 0.00000000000000 0.00453252733681 0.00000000000000 0.00002600051142
24.53106212424877 0.00000000000000 0.00416773280285 0.00000000000000 0.00002381233394
24.57014028056140 0.00000000000000 0.00380683984831 0.00000000000000 0.00002166957118
24.60921843687402 0.00000000000000 0.00344951140828 0.00000000000000 0.00001956829008
24.64829659318665 0.00000000000000 0.00309541358947 0.00000000000000 0.00001750461185
24.68737474949928 0.00000000000000 0.00274421536560 0.00000000000000 0.00001547470383
24.72645290581190 0.00000000000000 0.00239558827492 0.00000000000000 0.00001347477135
24.76553106212453 0.00000000000000 0.00204920611973 0.00000000000000 0.00001150104958
24.80460921843716 0.00000000000000 0.00170474466758 0.00000000000000 0.00000954979534
24.84368737474978 0.00000000000000 0.00136188135383 0.00000000000000 0.00000761727892
24.88276553106241 0.00000000000000 0.00102029498550 0.00000000000000 0.00000569977573
24.92184368737504 0.00000000000000 0.00067966544589 0.00000000000000 0.00000379355795
24.96092184368766 0.00000000000000 0.00033967339994 0.00000000000000 0.00000189488602
25.00000000000029 0.00000000000000 0.00000000000000 0.00000000000000 0.00000000000000
