5.50000000000000 0.00000000000000 0.00000000000000 0.00000000000000 0.00000000000000
5.53907815631263 -0.00002910201598 0.00000000000000 0.00001833772306 0.00000000000000
5.57815631262525 -0.00007422844400 0.00000000000000 0.00004678111873 0.00000000000000
5.61723446893788 -0.00015645075774 0.00000000000000 0.00009861755840 0.00000000000000
5.65631262525050 -0.00030913441927 0.00000000000000 0.00019489188775 0.00000000000000
5.69539078156313 -0.00058690856363 0.00000000000000 0.00037006606825 0.00000000000000
5.73446893787575 -0.00107750664437 0.00000000000000 0.00067949072333 0.00000000000000
5.77354709418838 -0.00191728880864 0.00000000000000 0.00120919980756 0.00000000000000
5.81262525050100 -0.00331066930440 0.00000000000000 0.00208816773633 0.00000000000000
5.85170340681363 -0.00555289367469 0.00000000000000 0.00350267595721 0.00000000000000
5.89078156312625 -0.00905456916060 0.00000000000000 0.00571177743234 0.00000000000000
5.92985971943888 -0.01436509193789 0.00000000000000 0.00906205112651 0.00000000000000
5.96893787575150 -0.02219078973252 0.00000000000000 0.01399900154542 0.00000000000000
6.00801603206413 -0.03340245964751 0.00000000000000 0.02107174013051 0.00000000000000
6.04709418837675 -0.04902634732708 0.00000000000000 0.03092718769394 0.00000000000000
6.08617234468938 -0.07021281286194 0.00000000000000 0.04429016759593 0.00000000000000
6.12525050100200 -0.09817822038645 0.00000000000000 0.06192658178067 0.00000000000000
6.16432865731463 -0.13411807957008 0.00000000000000 0.08458844336005 0.00000000000000
6.20340681362725 -0.17909304664713 0.00000000000000 0.11294180847979 0.00000000000000
6.24248496993988 -0.23389370028571 0.00000000000000 0.14748137751378 0.00000000000000
6.28156312625250 -0.29889445836301 0.00000000000000 0.18843834952063 0.00000000000000
6.32064128256513 -0.37391086494530 0.00000000000000 0.23569055095676 0.00000000000000
6.35971943887775 -0.45807562233266 0.00000000000000 0.28868457542401 0.00000000000000
6.39879759519038 -0.54973557693785 0.00000000000000 0.34637136022790 0.00000000000000
6.43787575150300 -0.64637542629328 0.00000000000000 0.40715885656639 0.00000000000000
6.47695390781563 -0.74462448354424 0.00000000000000 0.46891728285681 0.00000000000000
6.51603206412825 -0.84034237247531 0.00000000000000 0.52903429267752 0.00000000000000
6.55511022044088 -0.92878423414559 0.00000000000000 0.58452031932539 0.00000000000000
6.59418837675350 -1.00484054099479 0.00000000000000 0.63216086849089 0.00000000000000
6.63326653306613 -1.06333820556346 0.00000000000000 0.66870720963047 0.00000000000000
6.67234468937875 -1.09938202866679 0.00000000000000 0.69109209679533 0.00000000000000
6.71142284569138 -1.10870976895640 0.00000000000000 0.69665353552870 0.00000000000000
6.75050100200400 -1.08803102030093 0.00000000000000 0.68334770077654 0.00000000000000
6.78957915831663 -1.03532010158731 0.00000000000000 0.64993217987063 0.00000000000000
6.82865731462925 -0.95003633812906 0.00000000000000 0.59610278572951 0.00000000000000
6.86773547094188 -0.83325108593681 0.00000000000000 0.52257102454837 0.00000000000000
6.90681362725450 -0.68766892825206 0.00000000000000 0.43107446773738 0.00000000000000
6.94589178356713 -0.51753995210657 0.00000000000000 0.32431839703107 0.00000000000000
6.98496993987975 -0.32847031260183 0.00000000000000 0.20585400726077 0.00000000000000
7.02404809619238 -0.12714036905773 0.00000000000000 0.07989788688060 0.00000000000000
7.06312625250500 0.07904647812154 0.00000000000000 -0.04889204197151 0.00000000000000
7.10220440881763 0.28235535809032 0.00000000000000 -0.17566503214753 0.00000000000000
7.14128256513025 0.47512304988954 0.00000000000000 -0.29563232253709 0.00000000000000
7.18036072144288 0.65014474173496 0.00000000000000 -0.40431062312994 0.00000000000000
7.21943887775550 0.80101957245281 0.00000000000000 -0.49773859342819 0.00000000000000
7.25851703406813 0.92243495809204 0.00000000000000 -0.57265376876327 0.00000000000000
7.29759519038075 1.01037574218076 0.00000000000000 -0.62662126140289 0.00000000000000
7.33667334669338 1.06225074998087 0.00000000000000 -0.65810974209084 0.00000000000000
7.37575150300600 1.07693574562012 0.00000000000000 -0.66651429185695 0.00000000000000
7.41482965931863 1.05473755514990 0.00000000000000 -0.65212936703381 0.00000000000000
7.45390781563125 0.99728883464392 0.00000000000000 -0.61607809441589 0.00000000000000
7.49298597194388 0.90738639073668 0.00000000000000 -0.56020625919341 0.00000000000000
7.53206412825650 0.78878801329277 0.00000000000000 -0.48695061319368 0.00000000000000
7.57114228456913 0.64598350155937 0.00000000000000 -0.39919154747733 0.00000000000000
7.61022044088175 0.48395510698629 0.00000000000000 -0.30009984054315 0.00000000000000
7.64929859719438 0.30794120095806 0.00000000000000 -0.19298625568512 0.00000000000000
7.68837675350700 0.12321486565408 0.00000000000000 -0.08116138660146 0.00000000000000
7.72745490981963 -0.06511342902223 0.00000000000000 0.03218848823785 0.00000000000000
7.76653306613225 -0.25226260689962 0.00000000000000 0.14410552346217 0.00000000000000
7.80561122244488 -0.43391343097688 0.00000000000000 0.25194208375075 0.00000000000000
7.84468937875750 -0.60630526068846 0.00000000000000 0.35341942778059 0.00000000000000
7.88376753507013 -0.76629786978838 0.00000000000000 0.44666388643376 0.00000000000000
7.92284569138275 -0.91140076020753 0.00000000000000 0.53022219457283 0.00000000000000
7.96192384769538 -1.03977365076490 0.00000000000000 0.60305842303063 0.00000000000000
8.00100200400800 -1.15020262834567 0.00000000000000 0.66453546597861 0.00000000000000
8.04008016032063 -1.24205685943286 0.00000000000000 0.71438429210207 0.00000000000000
8.07915831663325 -1.31523082711098 0.00000000000000 0.75266420155225 0.00000000000000
8.11823647294588 -1.37007684896969 0.00000000000000 0.77971718669106 0.00000000000000
8.15731462925850 -1.40733221435270 0.00000000000000 0.79611921759928 0.00000000000000
8.19639278557113 -1.42804472254922 0.00000000000000 0.80263090620641 0.00000000000000
8.23547094188375 -1.43349976790111 0.00000000000000 0.80014958477350 0.00000000000000
8.27454909819638 -1.42515145550682 0.00000000000000 0.78966439875924 0.00000000000000
8.31362725450900 -1.40455958404800 0.00000000000000 0.77221558781121 0.00000000000000
8.35270541082163 -1.37333373150313 0.00000000000000 0.74885873211007 0.00000000000000
8.39178356713425 -1.33308514640665 0.00000000000000 0.72063438860870 0.00000000000000
8.43086172344688 -1.28538669424780 0.00000000000000 0.68854324126353 0.00000000000000
8.46993987975950 -1.23174074051371 0.00000000000000 0.65352664477692 0.00000000000000
8.50901803607213 -1.17355456781030 0.00000000000000 0.61645225245153 0.00000000000000
8.54809619238475 -1.11212271913582 0.00000000000000 0.57810428239842 0.00000000000000
8.58717434869738 -1.04861552449450 0.00000000000000 0.53917788743434 0.00000000000000
8.62625250501000 -0.98407299367658 0.00000000000000 0.50027704620295 0.00000000000000
8.66533066132263 -0.91940323355502 0.00000000000000 0.46191537943300 0.00000000000000
8.70440881763525 -0.85538456309791 0.00000000000000 0.42451930880209 0.00000000000000
8.74348697394788 -0.79267054356007 0.00000000000000 0.38843300992801 0.00000000000000
8.78256513026050 -0.73179720610530 0.00000000000000 0.35392465946484 0.00000000000000
8.82164328657313 -0.67319183676175 0.00000000000000 0.32119353380181 0.00000000000000
8.86072144288575 -0.61718276277702 0.00000000000000 0.29037757894736 0.00000000000000
8.89979959919838 -0.56400967006121 0.00000000000000 0.26156113418845 0.00000000000000
8.93887775551100 -0.51383406463912 0.00000000000000 0.23478255322458 0.00000000000000
8.97795591182363 -0.46674956911285 0.00000000000000 0.21004152362573 0.00000000000000
9.01703406813625 -0.42279181622655 0.00000000000000 0.18730593725834 0.00000000000000
9.05611222444888 -0.38194776466185 0.00000000000000 0.16651820993649 0.00000000000000
9.09519038076150 -0.34416431672388 0.00000000000000 0.14760098762487 0.00000000000000
9.13426853707413 -0.30935616362543 0.00000000000000 0.13046220905061 0.00000000000000
9.17334669338675 -0.27741282200443 0.00000000000000 0.11499952084976 0.00000000000000
9.21242484969938 -0.24820485571752 0.00000000000000 0.10110406185335 0.00000000000000
9.25150300601200 -0.22158930058549 0.00000000000000 0.08866364840127 0.00000000000000
9.29058116232463 -0.19741432744266 0.00000000000000 0.07756540332071 0.00000000000000
9.32965931863725 -0.17552319140141 0.00000000000000 0.06769787809942 0.00000000000000
9.36873747494988 -0.15575752350058 0.00000000000000 0.05895272149113 0.00000000000000
9.40781563126250 -0.13796002563053 0.00000000000000 0.05122594893639 0.00000000000000
9.44689378757513 -0.12197663151920 0.00000000000000 0.04441886634072 0.00000000000000
9.48597194388775 -0.10765819624513 0.00000000000000 0.03843869942863 0.00000000000000
9.52505010020038 -0.09486177475852 0.00000000000000 0.03319897652366 0.00000000000000
9.56412825651300 -0.08345154670278 0.00000000000000 0.02861970855857 0.00000000000000
9.60320641282563 -0.07329944082196 0.00000000000000 0.02462740569604 0.00000000000000
9.64228456913825 -0.06428550773186 0.00000000000000 0.02115496537844 0.00000000000000
9.68136272545088 -0.05629808507513 0.00000000000000 0.01814146210809 0.00000000000000
9.72044088176350 -0.04923379427303 0.00000000000000 0.01553186492443 0.00000000000000
9.75951903807613 -0.04299740337594 0.00000000000000 0.01327670448502 0.00000000000000
9.79859719438875 -0.03750158601142 0.00000000000000 0.01133170793630 0.00000000000000
9.83767535070138 -0.03266660220818 0.00000000000000 0.00965741640983 0.00000000000000
9.87675350701400 -0.02841992298314 0.00000000000000 0.00821879701468 0.00000000000000
9.91583166332663 -0.02469581704521 0.00000000000000 0.00698485861120 0.00000000000000
9.95490981963925 -0.02143491480084 0.00000000000000 0.00592827843149 0.00000000000000
9.99398797595188 -0.01858376204016 0.00000000000000 0.00502504473305 0.00000000000000
10.03306613226450 -0.01609437322522 0.00000000000000 0.00425411910560 0.00000000000000
10.07214428857713 -0.01392379217320 0.00000000000000 0.00359712076516 0.00000000000000
10.11122244488975 -0.01203366610449 0.00000000000000 0.00303803413221 0.00000000000000
10.15030060120238 -0.01038983748065 0.00000000000000 0.00256294016907 0.00000000000000
10.18937875751500 -0.00896195676310 0.00000000000000 0.00215977131623 0.00000000000000
10.22845691382763 -0.00772311815323 0.00000000000000 0.00181808938812 0.00000000000000
10.26753507014025 -0.00664951950015 0.00000000000000 0.00152888544175 0.00000000000000
10.30661322645288 -0.00572014685965 0.00000000000000 0.00128440039148 0.00000000000000
10.34569138276550 -0.00491648363271 0.00000000000000 0.00107796499102 0.00000000000000
10.38476953907813 -0.00422224378240 0.00000000000000 0.00090385772100 0.00000000000000
10.42384769539075 -0.00362312830492 0.00000000000000 0.00075717909192 0.00000000000000
10.46292585170338 -0.00310660389661 0.00000000000000 0.00063374088551 0.00000000000000
10.50200400801600 -0.00266170259765 0.00000000000000 0.00052996890129 0.00000000000000
10.54108216432863 -0.00227884109228 0.00000000000000 0.00044281784088 0.00000000000000
10.58016032064125 -0.00194965829298 0.00000000000000 0.00036969704333 0.00000000000000
10.61923847695388 -0.00166686982076 0.00000000000000 0.00030840587396 0.00000000000000
10.65831663326650 -0.00142413800942 0.00000000000000 0.00025707766387 0.00000000000000
10.69739478957913 -0.00121595609852 0.00000000000000 0.00021413119211 0.00000000000000
10.73647294589175 -0.00103754533401 0.00000000000000 0.00017822879666 0.00000000000000
10.77555110220438 -0.00088476376098 0.00000000000000 0.00014824029062 0.00000000000000
10.81462925851700 -0.00075402556576 0.00000000000000 0.00012321194615 0.00000000000000
10.85370741482963 -0.00064222990228 0.00000000000000 0.00010233988879 0.00000000000000
10.89278557114225 -0.00054669821653 0.00000000000000 0.00008494731924 0.00000000000000
10.93186372745488 -0.00046511916227 0.00000000000000 0.00007046504823 0.00000000000000
10.97094188376750 -0.00039550027789 0.00000000000000 0.00005841489161 0.00000000000000
11.01002004008013 -0.00033612566956 0.00000000000000 0.00004839552927 0.00000000000000
11.04909819639275 -0.00028551901605 0.00000000000000 0.00004007048157 0.00000000000000
11.08817635270538 -0.00024241127783 0.00000000000000 0.00003315790184 0.00000000000000
11.12725450901800 -0.00020571255534 0.00000000000000 0.00002742192337 0.00000000000000
11.16633266533063 -0.00017448759901 0.00000000000000 0.00002266533438 0.00000000000000
11.20541082164325 -0.00014793452700 0.00000000000000 0.00001872338560 0.00000000000000
11.24448897795588 -0.00012536635532 0.00000000000000 0.00001545856192 0.00000000000000
11.28356713426850 -0.00010619498906 0.00000000000000 0.00001275617370 0.00000000000000
11.32264529058113 -0.00008991736404 0.00000000000000 0.00001052064346 0.00000000000000
11.36172344689375 -0.00007610346404 0.00000000000000 0.00000867238194 0.00000000000000
11.40080160320638 -0.00006438597167 0.00000000000000 0.00000714516293 0.00000000000000
11.43987975951900 -0.00005445133976 0.00000000000000 0.00000588391940 0.00000000000000
11.47895791583163 -0.00004603209651 0.00000000000000 0.00000484289543 0.00000000000000
11.51803607214425 -0.00003890022047 0.00000000000000 0.00000398409783 0.00000000000000
11.55711422845688 -0.00003286144232 0.00000000000000 0.00000327600023 0.00000000000000
11.59619238476950 -0.00002775034823 0.00000000000000 0.00000269245933 0.00000000000000
11.63527054108213 -0.00002342617601 0.00000000000000 0.00000221180955 0.00000000000000
11.67434869739475 -0.00001976920899 0.00000000000000 0.00000181610720 0.00000000000000
11.71342685370738 -0.00001667768539 0.00000000000000 0.00000149050010 0.00000000000000
11.75250501002000 -0.00001406515161 0.00000000000000 0.00000122270220 0.00000000000000
11.79158316633263 -0.00001185819738 0.00000000000000 0.00000100255611 0.00000000000000
11.83066132264525 -0.00000999451926 0.00000000000000 0.00000082166904 0.00000000000000
11.86973947895788 -0.00000842126602 0.00000000000000 0.00000067311009 0.00000000000000
11.90881763527050 -0.00000709362586 0.00000000000000 0.00000055115875 0.00000000000000
11.94789579158313 -0.00000597362105 0.00000000000000 0.00000045109599 0.00000000000000
11.98697394789575 -0.00000502908009 0.00000000000000 0.00000036903104 0.00000000000000
12.02605210420838 -0.00000423276192 0.00000000000000 0.00000030175764 0.00000000000000
12.06513026052100 -0.00000356161003 0.00000000000000 0.00000024663493 0.00000000000000
12.10420841683363 -0.00000299611775 0.00000000000000 0.00000020148891 0.00000000000000
12.14328657314625 -0.00000251978828 0.00000000000000 0.00000016453069 0.00000000000000
12.18236472945888 -0.00000211867571 0.00000000000000 0.00000013428907 0.00000000000000
12.22144288577150 -0.00000178099506 0.00000000000000 0.00000010955466 0.00000000000000
12.26052104208413 -0.00000149679111 0.00000000000000 0.00000008933376 0.00000000000000
12.29959919839675 -0.00000125765731 0.00000000000000 0.00000007281031 0.00000000000000
12.33867735470938 -0.00000105649736 0.00000000000000 0.00000005931441 0.00000000000000
12.37775551102200 -0.00000088732302 0.00000000000000 0.00000004829641 0.00000000000000
12.41683366733463 -0.00000074508276 0.00000000000000 0.00000003930552 0.00000000000000
12.45591182364725 -0.00000062551664 0.00000000000000 0.00000003197224 0.00000000000000
12.49498997995988 -0.00000052503334 0.00000000000000 0.00000002599378 0.00000000000000
12.53406813627250 -0.00000044060619 0.00000000000000 0.00000002112216 0.00000000000000
12.57314629258513 -0.00000036968513 0.00000000000000 0.00000001715438 0.00000000000000
12.61222444889775 -0.00000031012227 0.00000000000000 0.00000001392434 0.00000000000000
12.65130260521038 -0.00000026010901 0.00000000000000 0.00000001129617 0.00000000000000
12.69038076152300 -0.00000021812284 0.00000000000000 0.00000000915880 0.00000000000000
12.72945891783563 -0.00000018288241 0.00000000000000 0.00000000742148 0.00000000000000
12.76853707414825 -0.00000015330966 0.00000000000000 0.00000000601006 0.00000000000000
12.80761523046088 -0.00000012849777 0.00000000000000 0.00000000486403 0.00000000000000
12.84669338677350 -0.00000010768415 0.00000000000000 0.00000000393399 0.00000000000000
12.88577154308613 -0.00000009022766 0.00000000000000 0.00000000317967 0.00000000000000
12.92484969939875 -0.00000007558939 0.00000000000000 0.00000000256820 0.00000000000000
12.96392785571138 -0.00000006331648 0.00000000000000 0.00000000207284 0.00000000000000
13.00300601202400 -0.00000005302846 0.00000000000000 0.00000000167179 0.00000000000000
13.04208416833663 -0.00000004440572 0.00000000000000 0.00000000134728 0.00000000000000
13.08116232464925 -0.00000003717987 0.00000000000000 0.00000000108488 0.00000000000000
13.12024048096188 -0.00000003112557 0.00000000000000 0.00000000087285 0.00000000000000
13.15931863727450 -0.00000002605365 0.00000000000000 0.00000000070164 0.00000000000000
13.19839679358713 -0.00000002180534 0.00000000000000 0.00000000056349 0.00000000000000
13.23747494989975 -0.00000001824743 0.00000000000000 0.00000000045209 0.00000000000000
13.27655310621238 -0.00000001526813 0.00000000000000 0.00000000036234 0.00000000000000
13.31563126252500 -0.00000001277371 0.00000000000000 0.00000000029010 0.00000000000000
13.35470941883763 -0.00000001068553 0.00000000000000 0.00000000023198 0.00000000000000
13.39378757515025 -0.00000000893767 0.00000000000000 0.00000000018529 0.00000000000000
13.43286573146288 -0.00000000747485 0.00000000000000 0.00000000014779 0.00000000000000
13.47194388777550 -0.00000000625075 0.00000000000000 0.00000000011772 0.00000000000000
13.51102204408813 -0.00000000522654 0.00000000000000 0.00000000009363 0.00000000000000
13.55010020040075 -0.00000000436968 0.00000000000000 0.00000000007435 0.00000000000000
13.58917835671338 -0.00000000365292 0.00000000000000 0.00000000005894 0.00000000000000
13.62825651302600 -0.00000000305341 0.00000000000000 0.00000000004663 0.00000000000000
13.66733466933863 -0.00000000255204 0.00000000000000 0.00000000003682 0.00000000000000
13.70641282565125 -0.00000000213278 0.00000000000000 0.00000000002900 0.00000000000000
13.74549098196388 -0.00000000178223 0.00000000000000 0.00000000002279 0.00000000000000
13.78456913827650 -0.00000000148915 0.00000000000000 0.00000000001786 0.00000000000000
13.82364729458913 -0.00000000124416 0.00000000000000 0.00000000001396 0.00000000000000
13.86272545090175 -0.00000000103938 0.00000000000000 0.00000000001087 0.00000000000000
13.90180360721438 -0.00000000086822 0.00000000000000 0.00000000000843 0.00000000000000
13.94088176352700 -0.00000000072519 0.00000000000000 0.00000000000652 0.00000000000000
13.97995991983963 -0.00000000060567 0.00000000000000 0.00000000000501 0.00000000000000
14.01903807615225 -0.00000000050581 0.00000000000000 0.00000000000383 0.00000000000000
14.05811623246488 -0.00000000042238 0.00000000000000 0.00000000000291 0.00000000000000
14.09719438877750 -0.00000000035268 0.00000000000000 0.00000000000219 0.00000000000000
14.13627254509013 -0.00000000029446 0.00000000000000 0.00000000000164 0.00000000000000
14.17535070140275 -0.00000000024583 0.00000000000000 0.00000000000121 0.00000000000000
14.21442885771538 -0.00000000020522 0.00000000000000 0.00000000000088 0.00000000000000
14.25350701402800 -0.00000000017130 0.00000000000000 0.00000000000063 0.00000000000000
14.29258517034063 -0.00000000014298 0.00000000000000 0.00000000000044 0.00000000000000
14.33166332665325 -0.00000000011934 0.00000000000000 0.00000000000030 0.00000000000000
14.37074148296588 -0.00000000009959 0.00000000000000 0.00000000000019 0.00000000000000
14.40981963927850 -0.00000000008311 0.00000000000000 0.00000000000011 0.00000000000000
14.44889779559113 -0.00000000006935 0.00000000000000 0.00000000000005 0.00000000000000
14.48797595190375 -0.00000000005787 0.00000000000000 0.00000000000001 0.00000000000000
14.52705410821638 -0.00000000004828 0.00000000000000 -0.00000000000001 0.00000000000000
14.56613226452900 -0.00000000004028 0.00000000000000 -0.00000000000003 0.00000000000000
14.60521042084163 -0.00000000003360 0.00000000000000 -0.00000000000004 0.00000000000000
14.64428857715425 -0.00000000002803 0.00000000000000 -0.00000000000005 0.00000000000000
14.68336673346688 -0.00000000002338 0.00000000000000 -0.00000000000005 0.00000000000000
14.72244488977950 -0.00000000001950 0.00000000000000 -0.00000000000005 0.00000000000000
14.76152304609213 -0.00000000001627 0.00000000000000 -0.00000000000005 0.00000000000000
14.80060120240475 -0.00000000001357 0.00000000000000 -0.00000000000005 0.00000000000000
14.83967935871738 -0.00000000001131 0.00000000000000 -0.00000000000005 0.00000000000000
14.87875751503000 -0.00000000000943 0.00000000000000 -0.00000000000004 0.00000000000000
14.91783567134263 -0.00000000000787 0.00000000000000 -0.00000000000004 0.00000000000000
14.95691382765525 -0.00000000000656 0.00000000000000 -0.00000000000004 0.00000000000000
14.99599198396788 -0.00000000000547 0.00000000000000 -0.00000000000003 0.00000000000000
15.03507014028050 -0.00000000000456 0.00000000000000 -0.00000000000003 0.00000000000000
15.07414829659313 -0.00000000000380 0.00000000000000 -0.00000000000003 0.00000000000000
15.11322645290575 -0.00000000000317 0.00000000000000 -0.00000000000002 0.00000000000000
15.15230460921838 -0.00000000000264 0.00000000000000 -0.00000000000002 0.00000000000000
15.19138276553100 -0.00000000000220 0.00000000000000 -0.00000000000002 0.00000000000000
15.23046092184363 -0.00000000000184 0.00000000000000 -0.00000000000002 0.00000000000000
15.26953907815625 -0.00000000000153 0.00000000000000 -0.00000000000001 0.00000000000000
15.30861723446888 -0.00000000000128 0.00000000000000 -0.00000000000001 0.00000000000000
15.34769539078150 -0.00000000000106 0.00000000000000 -0.00000000000001 0.00000000000000
15.38677354709413 -0.00000000000089 0.00000000000000 -0.00000000000001 0.00000000000000
15.42585170340675 -0.00000000000074 0.00000000000000 -0.00000000000001 0.00000000000000
15.46492985971938 -0.00000000000062 0.00000000000000 -0.00000000000001 0.00000000000000
15.50400801603200 -0.00000000000051 0.00000000000000 -0.00000000000001 0.00000000000000
15.54308617234463 -0.00000000000043 0.00000000000000 -0.00000000000000 0.00000000000000
15.58216432865725 -0.00000000000036 0.00000000000000 -0.00000000000000 0.00000000000000
15.62124248496988 -0.00000000000030 0.00000000000000 -0.00000000000000 0.00000000000000
15.66032064128250 -0.00000000000025 0.00000000000000 -0.00000000000000 0.00000000000000
15.69939879759513 -0.00000000000021 0.00000000000000 -0.00000000000000 0.00000000000000
15.73847695390775 -0.00000000000017 0.00000000000000 -0.00000000000000 0.00000000000000
15.77755511022038 -0.00000000000014 0.00000000000000 -0.00000000000000 0.00000000000000
15.81663326653300 -0.00000000000012 0.00000000000000 -0.00000000000000 0.00000000000000
15.85571142284563 -0.00000000000010 0.00000000000000 -0.00000000000000 0.00000000000000
15.89478957915825 -0.00000000000008 0.00000000000000 -0.00000000000000 0.00000000000000
15.93386773547088 -0.00000000000007 0.00000000000000 -0.00000000000000 0.00000000000000
15.97294589178350 -0.00000000000006 0.00000000000000 -0.00000000000000 0.00000000000000
16.01202404809613 -0.00000000000005 0.00000000000000 -0.00000000000000 0.00000000000000
16.05110220440876 -0.00000000000004 0.00000000000000 -0.00000000000000 0.00000000000000
16.09018036072138 -0.00000000000003 0.00000000000000 -0.00000000000000 0.00000000000000
16.12925851703401 -0.00000000000003 0.00000000000000 -0.00000000000000 0.00000000000000
16.16833667334664 -0.00000000000002 0.00000000000000 -0.00000000000000 0.00000000000000
16.20741482965926 -0.00000000000002 0.00000000000000 -0.00000000000000 0.00000000000000
16.24649298597189 -0.00000000000002 0.00000000000000 -0.00000000000000 0.00000000000000
16.28557114228452 -0.00000000000001 0.00000000000000 -0.00000000000000 0.00000000000000
16.32464929859714 -0.00000000000001 0.00000000000000 -0.00000000000000 0.00000000000000
16.36372745490977 -0.00000000000001 0.00000000000000 -0.00000000000000 0.00000000000000
16.40280561122240 -0.00000000000001 0.00000000000000 -0.00000000000000 0.00000000000000
16.44188376753502 -0.00000000000001 0.00000000000000 -0.00000000000000 0.00000000000000
16.48096192384765 -0.00000000000001 0.00000000000000 -0.00000000000000 0.00000000000000
16.52004008016028 -0.00000000000000 0.00000000000000 -0.00000000000000 0.00000000000000
16.55911823647291 -0.00000000000000 0.00000000000000 -0.00000000000000 0.00000000000000
16.59819639278553 -0.00000000000000 0.00000000000000 -0.00000000000000 0.00000000000000
16.63727454909816 -0.00000000000000 0.00000000000000 -0.00000000000000 0.00000000000000
16.67635270541079 -0.00000000000000 0.00000000000000 -0.00000000000000 0.00000000000000
16.71543086172341 -0.00000000000000 0.00000000000000 -0.00000000000000 0.00000000000000
16.75450901803604 -0.00000000000000 0.00000000000000 -0.00000000000000 0.00000000000000
16.79358717434867 -0.00000000000000 0.00000000000000 -0.00000000000000 0.00000000000000
16.83266533066129 -0.00000000000000 0.00000000000000 -0.00000000000000 0.00000000000000
16.87174348697392 -0.00000000000000 0.00000000000000 -0.00000000000000 0.00000000000000
16.91082164328655 -0.00000000000000 0.00000000000000 -0.00000000000000 0.00000000000000
16.94989979959917 -0.00000000000000 0.00000000000000 -0.00000000000000 0.00000000000000
16.98897795591180 -0.00000000000000 0.00000000000000 -0.00000000000000 0.00000000000000
17.02805611222443 -0.00000000000000 0.00000000000000 -0.00000000000000 0.00000000000000
17.06713426853705 -0.00000000000000 0.00000000000000 -0.00000000000000 0.00000000000000
17.10621242484968 -0.00000000000000 0.00000000000000 -0.00000000000000 0.00000000000000
17.14529058116231 -0.00000000000000 0.00000000000000 -0.00000000000000 0.00000000000000
17.18436873747493 -0.00000000000000 0.00000000000000 -0.00000000000000 0.00000000000000
17.22344689378756 -0.00000000000000 0.00000000000000 -0.00000000000000 0.00000000000000
17.26252505010019 -0.00000000000000 0.00000000000000 -0.00000000000000 0.00000000000000
17.30160320641281 -0.00000000000000 0.00000000000000 -0.00000000000000 0.00000000000000
17.34068136272544 -0.00000000000000 0.00000000000000 -0.00000000000000 0.00000000000000
17.37975951903807 -0.00000000000000 0.00000000000000 -0.00000000000000 0.00000000000000
17.41883767535069 -0.00000000000000 0.00000000000000 -0.00000000000000 0.00000000000000
17.45791583166332 -0.00000000000000 0.00000000000000 -0.00000000000000 0.00000000000000
17.49699398797595 -0.00000000000000 0.00000000000000 -0.00000000000000 0.00000000000000
17.53607214428857 -0.00000000000000 0.00000000000000 -0.00000000000000 0.00000000000000
17.57515030060120 -0.00000000000000 0.00000000000000 -0.00000000000000 0.00000000000000
17.61422845691383 -0.00000000000000 0.00000000000000 -0.00000000000000 0.00000000000000
17.65330661322646 -0.00000000000000 0.00000000000000 -0.00000000000000 0.00000000000000
17.69238476953908 -0.00000000000000 0.00000000000000 -0.00000000000000 0.00000000000000
17.73146292585171 -0.00000000000000 0.00000000000000 -0.00000000000000 0.00000000000000
17.77054108216434 -0.00000000000000 0.00000000000000 -0.00000000000000 0.00000000000000
17.80961923847696 -0.00000000000000 0.00000000000000 -0.00000000000000 0.00000000000000
17.84869739478959 -0.00000000000000 0.00000000000000 -0.00000000000000 0.00000000000000
17.88777555110222 -0.00000000000000 0.00000000000000 -0.00000000000000 0.00000000000000
17.92685370741484 -0.00000000000000 0.00000000000000 -0.00000000000000 0.00000000000000
17.96593186372747 -0.00000000000000 0.00000000000000 -0.00000000000000 0.00000000000000
18.00501002004010 -0.00000000000000 0.00000000000000 -0.00000000000000 0.00000000000000
18.04408817635272 -0.00000000000000 0.00000000000000 -0.00000000000000 0.00000000000000
18.08316633266535 -0.00000000000000 0.00000000000000 -0.00000000000000 0.00000000000000
18.12224448897798 -0.00000000000000 0.00000000000000 -0.00000000000000 0.00000000000000
18.16132264529060 -0.00000000000000 0.00000000000000 -0.00000000000000 0.00000000000000
18.20040080160323 -0.00000000000000 0.00000000000000 -0.00000000000000 0.00000000000000
18.23947895791586 -0.00000000000000 0.00000000000000 -0.00000000000000 0.00000000000000
18.27855711422848 -0.00000000000000 0.00000000000000 -0.00000000000000 0.00000000000000
18.31763527054111 -0.00000000000000 0.00000000000000 -0.00000000000000 0.00000000000000
18.35671342685374 -0.00000000000000 0.00000000000000 -0.00000000000000 0.00000000000000
18.39579158316636 -0.00000000000000 0.00000000000000 -0.00000000000000 0.00000000000000
18.43486973947899 -0.00000000000000 0.00000000000000 -0.00000000000000 0.00000000000000
18.47394789579162 -0.00000000000000 0.00000000000000 -0.00000000000000 0.00000000000000
18.51302605210424 -0.00000000000000 0.00000000000000 -0.00000000000000 0.00000000000000
18.55210420841687 -0.00000000000000 0.00000000000000 -0.00000000000000 0.00000000000000
18.59118236472950 -0.00000000000000 0.00000000000000 -0.00000000000000 0.00000000000000
18.63026052104212 -0.00000000000000 0.00000000000000 -0.00000000000000 0.00000000000000
18.66933867735475 -0.00000000000000 0.00000000000000 -0.00000000000000 0.00000000000000
18.70841683366738 -0.00000000000000 0.00000000000000 -0.00000000000000 0.00000000000000
18.74749498998001 -0.00000000000000 0.00000000000000 -0.00000000000000 0.00000000000000
18.78657314629263 -0.00000000000000 0.00000000000000 -0.00000000000000 0.00000000000000
18.82565130260526 -0.00000000000000 0.00000000000000 -0.00000000000000 0.00000000000000
18.86472945891789 -0.00000000000000 0.00000000000000 -0.00000000000000 0.00000000000000
18.90380761523051 -0.00000000000000 0.00000000000000 -0.00000000000000 0.00000000000000
18.94288577154314 -0.00000000000000 0.00000000000000 -0.00000000000000 0.00000000000000
18.98196392785577 -0.00000000000000 0.00000000000000 -0.00000000000000 0.00000000000000
19.02104208416839 -0.00000000000000 0.00000000000000 -0.00000000000000 0.00000000000000
19.06012024048102 -0.00000000000000 0.00000000000000 -0.00000000000000 0.00000000000000
19.09919839679365 -0.00000000000000 0.00000000000000 -0.00000000000000 0.00000000000000
19.13827655310627 -0.00000000000000 0.00000000000000 -0.00000000000000 0.00000000000000
19.17735470941890 -0.00000000000000 0.00000000000000 -0.00000000000000 0.00000000000000
19.21643286573153 -0.00000000000000 0.00000000000000 -0.00000000000000 0.00000000000000
19.25551102204415 -0.00000000000000 0.00000000000000 -0.00000000000000 0.00000000000000
19.29458917835678 -0.00000000000000 0.00000000000000 -0.00000000000000 0.00000000000000
19.33366733466941 -0.00000000000000 0.00000000000000 -0.00000000000000 0.00000000000000
19.37274549098203 -0.00000000000000 0.00000000000000 -0.00000000000000 0.00000000000000
19.41182364729466 -0.00000000000000 0.00000000000000 -0.00000000000000 0.00000000000000
19.45090180360729 -0.00000000000000 0.00000000000000 -0.00000000000000 0.00000000000000
19.48997995991991 -0.00000000000000 0.00000000000000 -0.00000000000000 0.00000000000000
19.52905811623254 -0.00000000000000 0.00000000000000 -0.00000000000000 0.00000000000000
19.56813627254517 -0.00000000000000 0.00000000000000 -0.00000000000000 0.00000000000000
19.60721442885779 -0.00000000000000 0.00000000000000 -0.00000000000000 0.00000000000000
19.64629258517042 -0.00000000000000 0.00000000000000 -0.00000000000000 0.00000000000000
19.68537074148305 -0.00000000000000 0.00000000000000 -0.00000000000000 0.00000000000000
19.72444889779567 -0.00000000000000 0.00000000000000 -0.00000000000000 0.00000000000000
19.76352705410830 -0.00000000000000 0.00000000000000 -0.00000000000000 0.00000000000000
19.80260521042093 -0.00000000000000 0.00000000000000 -0.00000000000000 0.00000000000000
19.84168336673356 -0.00000000000000 0.00000000000000 -0.00000000000000 0.00000000000000
19.88076152304618 -0.00000000000000 0.00000000000000 -0.00000000000000 0.00000000000000
19.91983967935881 -0.00000000000000 0.00000000000000 -0.00000000000000 0.00000000000000
19.95891783567144 -0.00000000000000 0.00000000000000 -0.00000000000000 0.00000000000000
19.99799599198406 -0.00000000000000 0.00000000000000 -0.00000000000000 0.00000000000000
20.03707414829669 -0.00000000000000 0.00000000000000 -0.00000000000000 0.00000000000000
20.07615230460932 -0.00000000000000 0.00000000000000 -0.00000000000000 0.00000000000000
20.11523046092194 -0.00000000000000 0.00000000000000 -0.00000000000000 0.00000000000000
20.15430861723457 -0.00000000000000 0.00000000000000 -0.00000000000000 0.00000000000000
20.19338677354720 -0.00000000000000 0.00000000000000 -0.00000000000000 0.00000000000000
20.23246492985982 -0.00000000000000 0.00000000000000 -0.00000000000000 0.00000000000000
20.27154308617245 -0.00000000000000 0.00000000000000 -0.00000000000000 0.00000000000000
20.31062124248508 -0.00000000000000 0.00000000000000 -0.00000000000000 0.00000000000000
20.34969939879770 -0.00000000000000 0.00000000000000 -0.00000000000000 0.00000000000000
20.38877755511033 -0.00000000000000 0.00000000000000 -0.00000000000000 0.00000000000000
20.42785571142296 -0.00000000000000 0.00000000000000 -0.00000000000000 0.00000000000000
20.46693386773558 -0.00000000000000 0.00000000000000 -0.00000000000000 0.00000000000000
20.50601202404821 -0.00000000000000 0.00000000000000 -0.00000000000000 0.00000000000000
20.54509018036084 -0.00000000000000 0.00000000000000 -0.00000000000000 0.00000000000000
20.58416833667346 -0.00000000000000 0.00000000000000 -0.00000000000000 0.00000000000000
20.62324649298609 -0.00000000000000 0.00000000000000 -0.00000000000000 0.00000000000000
20.66232464929872 -0.00000000000000 0.00000000000000 -0.00000000000000 0.00000000000000
20.70140280561134 -0.00000000000000 0.00000000000000 -0.00000000000000 0.00000000000000
20.74048096192397 -0.00000000000000 0.00000000000000 -0.00000000000000 0.00000000000000
20.77955911823660 -0.00000000000000 0.00000000000000 -0.00000000000000 0.00000000000000
20.81863727454922 -0.00000000000000 0.00000000000000 -0.00000000000000 0.00000000000000
20.85771543086185 -0.00000000000000 0.00000000000000 -0.00000000000000 0.00000000000000
20.89679358717448 -0.00000000000000 0.00000000000000 -0.00000000000000 0.00000000000000
20.93587174348711 -0.00000000000000 0.00000000000000 -0.00000000000000 0.00000000000000
20.97494989979973 -0.00000000000000 0.00000000000000 -0.00000000000000 0.00000000000000
21.01402805611236 -0.00000000000000 0.00000000000000 -0.00000000000000 0.00000000000000
21.05310621242499 -0.00000000000000 0.00000000000000 -0.00000000000000 0.00000000000000
21.09218436873761 -0.00000000000000 0.00000000000000 -0.00000000000000 0.00000000000000
21.13126252505024 -0.00000000000000 0.00000000000000 -0.00000000000000 0.00000000000000
21.17034068136287 -0.00000000000000 0.00000000000000 -0.00000000000000 0.00000000000000
21.20941883767549 -0.00000000000000 0.00000000000000 -0.00000000000000 0.00000000000000
21.24849699398812 -0.00000000000000 0.00000000000000 -0.00000000000000 0.00000000000000
21.28757515030075 -0.00000000000000 0.00000000000000 -0.00000000000000 0.00000000000000
21.32665330661337 -0.00000000000000 0.00000000000000 -0.00000000000000 0.00000000000000
21.36573146292600 -0.00000000000000 0.00000000000000 -0.00000000000000 0.00000000000000
21.40480961923863 -0.00000000000000 0.00000000000000 -0.00000000000000 0.00000000000000
21.44388777555125 -0.00000000000000 0.00000000000000 -0.00000000000000 0.00000000000000
21.48296593186388 -0.00000000000000 0.00000000000000 -0.00000000000000 0.00000000000000
21.52204408817651 -0.00000000000000 0.00000000000000 -0.00000000000000 0.00000000000000
21.56112224448913 -0.00000000000000 0.00000000000000 -0.00000000000000 0.00000000000000
21.60020040080176 -0.00000000000000 0.00000000000000 -0.00000000000000 0.00000000000000
21.63927855711439 -0.00000000000000 0.00000000000000 -0.00000000000000 0.00000000000000
21.67835671342701 -0.00000000000000 0.00000000000000 -0.00000000000000 0.00000000000000
21.71743486973964 -0.00000000000000 0.00000000000000 -0.00000000000000 0.00000000000000
21.75651302605227 -0.00000000000000 0.00000000000000 -0.00000000000000 0.00000000000000
21.79559118236489 -0.00000000000000 0.00000000000000 -0.00000000000000 0.00000000000000
21.83466933867752 -0.00000000000000 0.00000000000000 -0.00000000000000 0.00000000000000
21.87374749499015 -0.00000000000000 0.00000000000000 -0.00000000000000 0.00000000000000
21.91282565130278 -0.00000000000000 0.00000000000000 -0.00000000000000 0.00000000000000
21.95190380761540 -0.00000000000000 0.00000000000000 -0.00000000000000 0.00000000000000
21.99098196392803 -0.00000000000000 0.00000000000000 -0.00000000000000 0.00000000000000
22.03006012024066 -0.00000000000000 0.00000000000000 -0.00000000000000 0.00000000000000
22.06913827655328 -0.00000000000000 0.00000000000000 -0.00000000000000 0.00000000000000
22.10821643286591 -0.00000000000000 0.00000000000000 -0.00000000000000 0.00000000000000
22.14729458917854 -0.00000000000000 0.00000000000000 -0.00000000000000 0.00000000000000
22.18637274549116 -0.00000000000000 0.00000000000000 -0.00000000000000 0.00000000000000
22.22545090180379 -0.00000000000000 0.00000000000000 -0.00000000000000 0.00000000000000
22.26452905811642 -0.00000000000000 0.00000000000000 -0.00000000000000 0.00000000000000
22.30360721442904 -0.00000000000000 0.00000000000000 -0.00000000000000 0.00000000000000
22.34268537074167 -0.00000000000000 0.00000000000000 -0.00000000000000 0.00000000000000
22.38176352705430 -0.00000000000000 0.00000000000000 -0.00000000000000 0.00000000000000
22.42084168336692 -0.00000000000000 0.00000000000000 -0.00000000000000 0.00000000000000
22.45991983967955 -0.00000000000000 0.00000000000000 -0.00000000000000 0.00000000000000
22.49899799599218 -0.00000000000000 0.00000000000000 -0.00000000000000 0.00000000000000
22.53807615230480 -0.00000000000000 0.00000000000000 -0.00000000000000 0.00000000000000
22.57715430861743 -0.00000000000000 0.00000000000000 -0.00000000000000 0.00000000000000
22.61623246493006 -0.00000000000000 0.00000000000000 -0.00000000000000 0.00000000000000
22.65531062124268 -0.00000000000000 0.00000000000000 -0.00000000000000 0.00000000000000
22.69438877755531 -0.00000000000000 0.00000000000000 -0.00000000000000 0.00000000000000
22.73346693386794 -0.00000000000000 0.00000000000000 -0.00000000000000 0.00000000000000
22.77254509018056 -0.00000000000000 0.00000000000000 -0.00000000000000 0.00000000000000
22.81162324649319 -0.00000000000000 0.00000000000000 -0.00000000000000 0.00000000000000
22.85070140280582 -0.00000000000000 0.00000000000000 -0.00000000000000 0.00000000000000
22.88977955911844 -0.00000000000000 0.00000000000000 -0.00000000000000 0.00000000000000
22.92885771543107 -0.00000000000000 0.00000000000000 -0.00000000000000 0.00000000000000
22.96793587174370 -0.00000000000000 0.00000000000000 -0.00000000000000 0.00000000000000
23.00701402805633 -0.00000000000000 0.00000000000000 -0.00000000000000 0.00000000000000
23.04609218436895 -0.00000000000000 0.00000000000000 -0.00000000000000 0.00000000000000
23.08517034068158 -0.00000000000000 0.00000000000000 -0.00000000000000 0.00000000000000
23.12424849699421 -0.00000000000000 0.00000000000000 -0.00000000000000 0.00000000000000
23.16332665330683 -0.00000000000000 0.00000000000000 -0.00000000000000 0.00000000000000
23.20240480961946 -0.00000000000000 0.00000000000000 -0.00000000000000 0.00000000000000
23.24148296593209 -0.00000000000000 0.00000000000000 -0.00000000000000 0.00000000000000
23.28056112224471 -0.00000000000000 0.00000000000000 -0.00000000000000 0.00000000000000
23.31963927855734 -0.00000000000000 0.00000000000000 -0.00000000000000 0.00000000000000
23.35871743486997 -0.00000000000000 0.00000000000000 -0.00000000000000 0.00000000000000
23.39779559118259 -0.00000000000000 0.00000000000000 -0.00000000000000 0.00000000000000
23.43687374749522 -0.00000000000000 0.00000000000000 -0.00000000000000 0.00000000000000
23.47595190380785 -0.00000000000000 0.00000000000000 -0.00000000000000 0.00000000000000
23.51503006012047 -0.00000000000000 0.00000000000000 -0.00000000000000 0.00000000000000
23.55410821643310 -0.00000000000000 0.00000000000000 -0.00000000000000 0.00000000000000
23.59318637274573 -0.00000000000000 0.00000000000000 -0.00000000000000 0.00000000000000
23.63226452905835 -0.00000000000000 0.00000000000000 -0.00000000000000 0.00000000000000
23.67134268537098 -0.00000000000000 0.00000000000000 -0.00000000000000 0.00000000000000
23.71042084168361 -0.00000000000000 0.00000000000000 -0.00000000000000 0.00000000000000
23.74949899799623 -0.00000000000000 0.00000000000000 -0.00000000000000 0.00000000000000
23.78857715430886 -0.00000000000000 0.00000000000000 -0.00000000000000 0.00000000000000
23.82765531062149 -0.00000000000000 0.00000000000000 -0.00000000000000 0.00000000000000
23.86673346693411 -0.00000000000000 0.00000000000000 -0.00000000000000 0.00000000000000
23.90581162324674 -0.00000000000000 0.00000000000000 -0.00000000000000 0.00000000000000
23.94488977955937 -0.00000000000000 0.00000000000000 -0.00000000000000 0.00000000000000
23.98396793587199 -0.00000000000000 0.00000000000000 -0.00000000000000 0.00000000000000
24.02304609218462 -0.00000000000000 0.00000000000000 -0.00000000000000 0.00000000000000
24.06212424849725 -0.00000000000000 0.00000000000000 -0.00000000000000 0.00000000000000
24.10120240480988 -0.00000000000000 0.00000000000000 -0.00000000000000 0.00000000000000
24.14028056112250 -0.00000000000000 0.00000000000000 -0.00000000000000 0.00000000000000
24.17935871743513 -0.00000000000000 0.00000000000000 -0.00000000000000 0.00000000000000
24.21843687374776 -0.00000000000000 0.00000000000000 -0.00000000000000 0.00000000000000
24.25751503006038 -0.00000000000000 0.00000000000000 -0.00000000000000 0.00000000000000
24.29659318637301 -0.00000000000000 0.00000000000000 -0.00000000000000 0.00000000000000
24.33567134268564 -0.00000000000000 0.00000000000000 -0.00000000000000 0.00000000000000
24.37474949899826 -0.00000000000000 0.00000000000000 -0.00000000000000 0.00000000000000
24.41382765531089 -0.00000000000000 0.00000000000000 -0.00000000000000 0.00000000000000
24.45290581162352 -0.00000000000000 0.00000000000000 -0.00000000000000 0.00000000000000
24.49198396793614 -0.00000000000000 0.00000000000000 -0.00000000000000 0.00000000000000
24.53106212424877 -0.00000000000000 0.00000000000000 -0.00000000000000 0.00000000000000
24.57014028056140 -0.00000000000000 0.00000000000000 -0.00000000000000 0.00000000000000
24.60921843687402 -0.00000000000000 0.00000000000000 -0.00000000000000 0.00000000000000
24.64829659318665 -0.00000000000000 0.00000000000000 -0.00000000000000 0.00000000000000
24.68737474949928 -0.00000000000000 0.00000000000000 -0.00000000000000 0.00000000000000
24.72645290581190 -0.00000000000000 0.00000000000000 -0.00000000000000 0.00000000000000
24.76553106212453 -0.00000000000000 0.00000000000000 -0.00000000000000 0.00000000000000
24.80460921843716 -0.00000000000000 0.00000000000000 -0.00000000000000 0.00000000000000
24.84368737474978 -0.00000000000000 0.00000000000000 -0.00000000000000 0.00000000000000
24.88276553106241 -0.00000000000000 0.00000000000000 -0.00000000000000 0.00000000000000
24.92184368737504 -0.00000000000000 0.00000000000000 -0.00000000000000 0.00000000000000
24.96092184368766 -0.00000000000000 0.00000000000000 -0.00000000000000 0.00000000000000
25.00000000000029 0.00000000000000 0.00000000000000 0.00000000000000 0.00000000000000
