5.50000000000000 0.00000000000000 0.00000000000000 0.00000000000000 0.00000000000000
5.53907815631263 0.00000000000000 0.00000000000492 0.00000000000000 -0.00000000000497
5.57815631262525 0.00000000000000 0.00000000001889 0.00000000000000 -0.00000000001908
5.61723446893788 0.00000000000000 0.00000000006482 0.00000000000000 -0.00000000006548
5.65631262525050 0.00000000000000 0.00000000021128 0.00000000000000 -0.00000000021352
5.69539078156313 0.00000000000000 0.00000000065820 0.00000000000000 -0.00000000066535
5.73446893787575 0.00000000000000 0.00000000196313 0.00000000000000 -0.00000000198498
5.77354709418838 0.00000000000000 0.00000000561370 0.00000000000000 -0.00000000567760
5.81262525050100 0.00000000000000 0.00000001541085 0.00000000000000 -0.00000001558976
5.85170340681363 0.00000000000000 0.00000004066582 0.00000000000000 -0.00000004114628
5.89078156312625 0.00000000000000 0.00000010327394 0.00000000000000 -0.00000010451301
5.92985971943888 0.00000000000000 0.00000025271235 0.00000000000000 -0.00000025578489
5.96893787575150 0.00000000000000 0.00000059653781 0.00000000000000 -0.00000060387275
6.00801603206413 0.00000000000000 0.00000135991652 0.00000000000000 -0.00000137679346
6.04709418837675 0.00000000000000 0.00000299724684 0.00000000000000 -0.00000303471598
6.08617234468938 0.00000000000000 0.00000639335596 0.00000000000000 -0.00000647370868
6.12525050100200 0.00000000000000 0.00001321231416 0.00000000000000 -0.00001337893140
6.16432865731463 0.00000000000000 0.00002647938707 0.00000000000000 -0.00002681378135
6.20340681362725 0.00000000000000 0.00005151571081 0.00000000000000 -0.00005216587972
6.24248496993988 0.00000000000000 0.00009738377396 0.00000000000000 -0.00009860955431
6.28156312625250 0.00000000000000 0.00017904001772 0.00000000000000 -0.00018128281716
6.32064128256513 0.00000000000000 0.00032042110155 0.00000000000000 -0.00032440687818
6.35971943887775 0.00000000000000 0.00055870024724 0.00000000000000 -0.00056558538847
6.39879759519038 0.00000000000000 0.00094990854214 0.00000000000000 -0.00096147742887
6.43787575150300 0.00000000000000 0.00157600819229 0.00000000000000 -0.00159492764782
6.47695390781563 0.00000000000000 0.00255340915422 0.00000000000000 -0.00258353868051
6.51603206412825 0.00000000000000 0.00404266136540 0.00000000000000 -0.00408940711522
6.55511022044088 0.00000000000000 0.00625877025651 0.00000000000000 -0.00632945523518
6.59418837675350 0.00000000000000 0.00948124854401 0.00000000000000 -0.00958545190054
6.63326653306613 0.00000000000000 0.01406267112919 0.00000000000000 -0.01421246693130
6.67234468937875 0.00000000000000 0.02043419586381 0.00000000000000 -0.02064419896587
6.71142284569138 0.00000000000000 0.02910631297303 0.00000000000000 -0.02939342006369
6.75050100200400 0.00000000000000 0.04066305330348 0.00000000000000 -0.04104575523418
6.78957915831663 0.00000000000000 0.05574807379805 0.00000000000000 -0.05624521504722
6.82865731462925 0.00000000000000 0.07504147975169 0.00000000000000 -0.07567035531090
6.86773547094188 0.00000000000000 0.09922693809252 0.00000000000000 -0.10000064719029
6.90681362725450 0.00000000000000 0.12894954736090 0.00000000000000 -0.12987356291952
6.94589178356713 0.00000000000000 0.16476598162791 0.00000000000000 -0.16583396732664
6.98496993987975 0.00000000000000 0.20708949151928 0.00000000000000 -0.20827870992747
7.02404809619238 0.00000000000000 0.25613330267191 0.00000000000000 -0.25739992617942
7.06312625250500 0.00000000000000 0.31185674648978 0.00000000000000 -0.31313135192482
7.10220440881763 0.00000000000000 0.37391863596710 0.00000000000000 -0.37510241571327
7.14128256513025 0.00000000000000 0.44164251966581 0.00000000000000 -0.44260479392327
7.18036072144288 0.00000000000000 0.51399792853920 0.00000000000000 -0.51457556243825
7.21943887775550 0.00000000000000 0.58960077221252 0.00000000000000 -0.58960008435991
7.25851703406813 0.00000000000000 0.66673473607773 0.00000000000000 -0.66593641636675
7.29759519038075 0.00000000000000 0.74339398321724 0.00000000000000 -0.74156141625845
7.33667334669338 0.00000000000000 0.81734582341339 0.00000000000000 -0.81423704428620
7.37575150300600 0.00000000000000 0.88621043564540 0.00000000000000 -0.88159373579093
7.41482965931863 0.00000000000000 0.94755337274370 0.00000000000000 -0.94122633826759
7.45390781563125 0.00000000000000 0.99898556383827 0.00000000000000 -0.99079708125589
7.49298597194388 0.00000000000000 1.03826494940006 0.00000000000000 -1.02813947107652
7.53206412825650 0.00000000000000 1.06339377565752 0.00000000000000 -1.05135691491168
7.57114228456913 0.00000000000000 1.07270593210675 0.00000000000000 -1.05891027103290
7.61022044088175 0.00000000000000 1.06493948558069 0.00000000000000 -1.04968933996485
7.64929859719438 0.00000000000000 1.03929065940281 0.00000000000000 -1.02306446497007
7.68837675350700 0.00000000000000 0.99544681569987 0.00000000000000 -0.97891578568657
7.72745490981963 0.00000000000000 0.93359740215673 0.00000000000000 -0.91763916205841
7.76653306613225 0.00000000000000 0.85442320341355 0.00000000000000 -0.84012923560695
7.80561122244488 0.00000000000000 0.75906548788157 0.00000000000000 -0.74774141411182
7.84468937875750 0.00000000000000 0.64907768100095 0.00000000000000 -0.64223566838683
7.88376753507013 0.00000000000000 0.52636297077919 0.00000000000000 -0.52570585738120
7.92284569138275 0.00000000000000 0.39310173405678 0.00000000000000 -0.40049882008518
7.96192384769538 0.00000000000000 0.25167286236600 0.00000000000000 -0.26912768656960
8.00100200400800 0.00000000000000 0.10457298740136 0.00000000000000 -0.13418378636138
8.04008016032063 0.00000000000000 -0.04566270159326 0.00000000000000 0.00174879091989
8.07915831663325 0.00000000000000 -0.19653484106998 0.00000000000000 0.13617244879627
8.11823647294588 0.00000000000000 -0.34564687467892 0.00000000000000 0.26674627802736
8.15731462925850 0.00000000000000 -0.49076269934041 0.00000000000000 0.39134506006712
8.19639278557113 0.00000000000000 -0.62985372268633 0.00000000000000 0.50810571478093
8.23547094188375 0.00000000000000 -0.76113472712978 0.00000000000000 0.61546056970873
8.27454909819638 0.00000000000000 -0.88308851833828 0.00000000000000 0.71215750677813
8.31362725450900 0.00000000000000 -0.99447982912751 0.00000000000000 0.79726762778987
8.35270541082163 0.00000000000000 -1.09435934068372 0.00000000000000 0.87018155329940
8.39178356713425 0.00000000000000 -1.18205896764019 0.00000000000000 0.93059582169101
8.43086172344688 0.00000000000000 -1.25717973549877 0.00000000000000 0.97849108599414
8.46993987975950 0.00000000000000 -1.31957366751870 0.00000000000000 1.01410392218838
8.50901803607213 0.00000000000000 -1.36932110662583 0.00000000000000 1.03789407666388
8.54809619238475 0.00000000000000 -1.40670484132898 0.00000000000000 1.05050890808068
8.58717434869738 0.00000000000000 -1.43218229885463 0.00000000000000 1.05274663804416
8.62625250501000 0.00000000000000 -1.44635692891678 0.00000000000000 1.04551983427766
8.66533066132263 0.00000000000000 -1.44994974147513 0.00000000000000 1.02982032718563
8.70440881763525 0.00000000000000 -1.44377179327963 0.00000000000000 1.00668652216473
8.74348697394788 0.00000000000000 -1.42869825050043 0.00000000000000 0.97717382986111
8.78256513026050 0.00000000000000 -1.40564449558589 0.00000000000000 0.94232870635762
8.82164328657313 0.00000000000000 -1.37554460083049 0.00000000000000 0.90316658388563
8.86072144288575 0.00000000000000 -1.33933236223045 0.00000000000000 0.86065378632418
8.89979959919838 0.00000000000000 -1.29792497672551 0.00000000000000 0.81569336626095
8.93887775551100 0.00000000000000 -1.25220935426795 0.00000000000000 0.76911467337167
8.97795591182363 0.00000000000000 -1.20303098276364 0.00000000000000 0.72166636715811
9.01703406813625 0.00000000000000 -1.15118520755701 0.00000000000000 0.67401251907908
9.05611222444888 0.00000000000000 -1.09741074611666 0.00000000000000 0.62673140718705
9.09519038076150 0.00000000000000 -1.04238523102002 0.00000000000000 0.58031658723088
9.13426853707413 0.00000000000000 -0.98672255825745 0.00000000000000 0.53517982411678
9.17334669338675 0.00000000000000 -0.93097181133361 0.00000000000000 0.49165548284343
9.21242484969938 0.00000000000000 -0.87561753280792 0.00000000000000 0.45000600485279
9.25150300601200 0.00000000000000 -0.82108112211314 0.00000000000000 0.41042813073839
9.29058116232463 0.00000000000000 -0.76772315023885 0.00000000000000 0.37305957036940
9.32965931863725 0.00000000000000 -0.71584639687325 0.00000000000000 0.33798586409706
9.36873747494988 0.00000000000000 -0.66569943276545 0.00000000000000 0.30524722164598
9.40781563126250 0.00000000000000 -0.61748058848458 0.00000000000000 0.27484516685008
9.44689378757513 0.00000000000000 -0.57134216966152 0.00000000000000 0.24674885529737
9.48597194388775 0.00000000000000 -0.52739479760525 0.00000000000000 0.22090096731688
9.52505010020038 0.00000000000000 -0.48571177241931 0.00000000000000 0.19722311003318
9.56412825651300 0.00000000000000 -0.44633337305175 0.00000000000000 0.17562068917304
9.60320641282563 0.00000000000000 -0.40927102483934 0.00000000000000 0.15598723391042
9.64228456913825 0.00000000000000 -0.37451127988120 0.00000000000000 0.13820817643092
9.68136272545088 0.00000000000000 -0.34201956889643 0.00000000000000 0.12216410236769
9.72044088176350 0.00000000000000 -0.31174369503950 0.00000000000000 0.10773349917322
9.75951903807613 0.00000000000000 -0.28361705046904 0.00000000000000 0.09479503726483
9.79859719438875 0.00000000000000 -0.25756154532710 0.00000000000000 0.08322942385321
9.83767535070138 0.00000000000000 -0.23349024625645 0.00000000000000 0.07292087217036
9.87675350701400 0.00000000000000 -0.21130972774988 0.00000000000000 0.06375822977320
9.91583166332663 0.00000000000000 -0.19092214459207 0.00000000000000 0.05563580909743
9.95490981963925 0.00000000000000 -0.17222703753378 0.00000000000000 0.04845396182075
9.99398797595188 0.00000000000000 -0.15512288724692 0.00000000000000 0.04211943616951
10.03306613226450 0.00000000000000 -0.13950843366614 0.00000000000000 0.03654555332885
10.07214428857713 0.00000000000000 -0.12528377914300 0.00000000000000 0.03165223581004
10.11122244488975 0.00000000000000 -0.11235129453433 0.00000000000000 0.02736591716783
10.15030060120238 0.00000000000000 -0.10061634752079 0.00000000000000 0.02361935898359
10.18937875751500 0.00000000000000 -0.08998787220144 0.00000000000000 0.02035139764445
10.22845691382763 0.00000000000000 -0.08037879842339 0.00000000000000 0.01750664023211
10.26753507014025 0.00000000000000 -0.07170635845951 0.00000000000000 0.01503512584091
10.30661322645288 0.00000000000000 -0.06389228761174 0.00000000000000 0.01289196590790
10.34569138276550 0.00000000000000 -0.05686293415179 0.00000000000000 0.01103697467377
10.38476953907813 0.00000000000000 -0.05054929276543 0.00000000000000 0.00943429870926
10.42384769539075 0.00000000000000 -0.04488697438422 0.00000000000000 0.00805205253010
10.46292585170338 0.00000000000000 -0.03981612400355 0.00000000000000 0.00686196567389
10.50200400801600 0.00000000000000 -0.03528129682593 0.00000000000000 0.00583904520738
10.54108216432863 0.00000000000000 -0.03123130185573 0.00000000000000 0.00496125645112
10.58016032064125 0.00000000000000 -0.02761902092086 0.00000000000000 0.00420922373065
10.61923847695388 0.00000000000000 -0.02440121002074 0.00000000000000 0.00356595216499
10.65831663326650 0.00000000000000 -0.02153828890475 0.00000000000000 0.00301657086319
10.69739478957913 0.00000000000000 -0.01899412387552 0.00000000000000 0.00254809739710
10.73647294589175 0.00000000000000 -0.01673580798799 0.00000000000000 0.00214922303283
10.77555110220438 0.00000000000000 -0.01473344207740 0.00000000000000 0.00181011791706
10.81462925851700 0.00000000000000 -0.01295991939459 0.00000000000000 0.00152225521061
10.85370741482963 0.00000000000000 -0.01139071605069 0.00000000000000 0.00127825302620
10.89278557114225 0.00000000000000 -0.01000368897228 0.00000000000000 0.00107173294690
10.93186372745488 0.00000000000000 -0.00877888263478 0.00000000000000 0.00089719386528
10.97094188376750 0.00000000000000 -0.00769834547262 0.00000000000000 0.00074989988175
11.01002004008013 0.00000000000000 -0.00674595655239 0.00000000000000 0.00062578102458
11.04909819639275 0.00000000000000 -0.00590726283443 0.00000000000000 0.00052134559854
11.08817635270538 0.00000000000000 -0.00516932713352 0.00000000000000 0.00043360302674
11.12725450901800 0.00000000000000 -0.00452058671483 0.00000000000000 0.00035999611778
11.16633266533063 0.00000000000000 -0.00395072232259 0.00000000000000 0.00029834176285
11.20541082164325 0.00000000000000 -0.00345053733013 0.00000000000000 0.00024677914348
11.24448897795588 0.00000000000000 -0.00301184661832 0.00000000000000 0.00020372460621
11.28356713426850 0.00000000000000 -0.00262737472977 0.00000000000000 0.00016783243558
11.32264529058113 0.00000000000000 -0.00229066280509 0.00000000000000 0.00013796082857
11.36172344689375 0.00000000000000 -0.00199598378283 0.00000000000000 0.00011314244259
11.40080160320638 0.00000000000000 -0.00173826533229 0.00000000000000 0.00009255895343
11.43987975951900 0.00000000000000 -0.00151301998681 0.00000000000000 0.00007551911988
11.47895791583163 0.00000000000000 -0.00131628195169 0.00000000000000 0.00006143990707
11.51803607214425 0.00000000000000 -0.00114455007419 0.00000000000000 0.00004983027144
11.55711422845688 0.00000000000000 -0.00099473648108 0.00000000000000 0.00004027725661
11.59619238476950 0.00000000000000 -0.00086412041104 0.00000000000000 0.00003243409110
11.63527054108213 0.00000000000000 -0.00075030679335 0.00000000000000 0.00002601001672
11.67434869739475 0.00000000000000 -0.00065118915061 0.00000000000000 0.00002076161016
11.71342685370738 0.00000000000000 -0.00056491642950 0.00000000000000 0.00001648539026
11.75250501002000 0.00000000000000 -0.00048986339116 0.00000000000000 0.00001301153043
11.79158316633263 0.00000000000000 -0.00042460421922 0.00000000000000 0.00001019851913
11.83066132264525 0.00000000000000 -0.00036788903012 0.00000000000000 0.00000792863244
11.86973947895788 0.00000000000000 -0.00031862299537 0.00000000000000 0.00000610410085
11.90881763527050 0.00000000000000 -0.00027584781012 0.00000000000000 0.00000464386863
11.94789579158313 0.00000000000000 -0.00023872526505 0.00000000000000 0.00000348085831
11.98697394789575 0.00000000000000 -0.00020652270074 0.00000000000000 0.00000255966479
12.02605210420838 0.00000000000000 -0.00017860014371 0.00000000000000 0.00000183461454
12.06513026052100 0.00000000000000 -0.00015439894247 0.00000000000000 0.00000126813446
12.10420841683363 0.00000000000000 -0.00013343173957 0.00000000000000 0.00000082938293
12.14328657314625 0.00000000000000 -0.00011527363149 0.00000000000000 0.00000049310278
12.18236472945888 0.00000000000000 -0.00009955438374 0.00000000000000 0.00000023866146
12.22144288577150 0.00000000000000 -0.00008595158143 0.00000000000000 0.00000004924921
12.26052104208413 0.00000000000000 -0.00007418460869 0.00000000000000 -0.00000008878982
12.29959919839675 0.00000000000000 -0.00006400936122 0.00000000000000 -0.00000018651462
12.33867735470938 0.00000000000000 -0.00005521360672 0.00000000000000 -0.00000025285047
12.37775551102200 0.00000000000000 -0.00004761291711 0.00000000000000 -0.00000029497349
12.41683366733463 0.00000000000000 -0.00004104710495 0.00000000000000 -0.00000031862919
12.45591182364725 0.00000000000000 -0.00003537710398 0.00000000000000 -0.00000032839608
12.49498997995988 0.00000000000000 -0.00003048224041 0.00000000000000 -0.00000032790324
12.53406813627250 0.00000000000000 -0.00002625784771 0.00000000000000 -0.00000032000969
12.57314629258513 0.00000000000000 -0.00002261318319 0.00000000000000 -0.00000030695181
12.61222444889775 0.00000000000000 -0.00001946960929 0.00000000000000 -0.00000029046439
12.65130260521038 0.00000000000000 -0.00001675900710 0.00000000000000 -0.00000027187972
12.69038076152300 0.00000000000000 -0.00001442239316 0.00000000000000 -0.00000025220847
12.72945891783563 0.00000000000000 -0.00001240871440 0.00000000000000 -0.00000023220567
12.76853707414825 0.00000000000000 -0.00001067379879 0.00000000000000 -0.00000021242419
12.80761523046088 0.00000000000000 -0.00000917944209 0.00000000000000 -0.00000019325818
12.84669338677350 0.00000000000000 -0.00000789261355 0.00000000000000 -0.00000017497800
12.88577154308613 0.00000000000000 -0.00000678476540 0.00000000000000 -0.00000015775841
12.92484969939875 0.00000000000000 -0.00000583123288 0.00000000000000 -0.00000014170109
12.96392785571138 0.00000000000000 -0.00000501071317 0.00000000000000 -0.00000012685262
13.00300601202400 0.00000000000000 -0.00000430481313 0.00000000000000 -0.00000011321870
13.04208416833663 0.00000000000000 -0.00000369765694 0.00000000000000 -0.00000010077545
13.08116232464925 0.00000000000000 -0.00000317554574 0.00000000000000 -0.00000008947812
13.12024048096188 0.00000000000000 -0.00000272666272 0.00000000000000 -0.00000007926798
13.15931863727450 0.00000000000000 -0.00000234081750 0.00000000000000 -0.00000007007757
13.19839679358713 0.00000000000000 -0.00000200922479 0.00000000000000 -0.00000006183465
13.23747494989975 0.00000000000000 -0.00000172431276 0.00000000000000 -0.00000005446525
13.27655310621238 0.00000000000000 -0.00000147955720 0.00000000000000 -0.00000004789584
13.31563126252500 0.00000000000000 -0.00000126933806 0.00000000000000 -0.00000004205490
13.35470941883763 0.00000000000000 -0.00000108881536 0.00000000000000 -0.00000003687404
13.39378757515025 0.00000000000000 -0.00000093382202 0.00000000000000 -0.00000003228867
13.43286573146288 0.00000000000000 -0.00000080077115 0.00000000000000 -0.00000002823848
13.47194388777550 0.00000000000000 -0.00000068657600 0.00000000000000 -0.00000002466762
13.51102204408813 0.00000000000000 -0.00000058858085 0.00000000000000 -0.00000002152472
13.55010020040075 0.00000000000000 -0.00000050450136 0.00000000000000 -0.00000001876288
13.58917835671338 0.00000000000000 -0.00000043237305 0.00000000000000 -0.00000001633947
13.62825651302600 0.00000000000000 -0.00000037050686 0.00000000000000 -0.00000001421596
13.66733466933863 0.00000000000000 -0.00000031745089 0.00000000000000 -0.00000001235763
13.70641282565125 0.00000000000000 -0.00000027195733 0.00000000000000 -0.00000001073332
13.74549098196388 0.00000000000000 -0.00000023295396 0.00000000000000 -0.00000000931517
13.78456913827650 0.00000000000000 -0.00000019951969 0.00000000000000 -0.00000000807833
13.82364729458913 0.00000000000000 -0.00000017086335 0.00000000000000 -0.00000000700072
13.86272545090175 0.00000000000000 -0.00000014630552 0.00000000000000 -0.00000000606273
13.90180360721438 0.00000000000000 -0.00000012526283 0.00000000000000 -0.00000000524700
13.94088176352700 0.00000000000000 -0.00000010723450 0.00000000000000 -0.00000000453821
13.97995991983963 0.00000000000000 -0.00000009179071 0.00000000000000 -0.00000000392283
14.01903807615225 0.00000000000000 -0.00000007856259 0.00000000000000 -0.00000000338896
14.05811623246488 0.00000000000000 -0.00000006723367 0.00000000000000 -0.00000000292615
14.09719438877750 0.00000000000000 -0.00000005753242 0.00000000000000 -0.00000000252522
14.13627254509013 0.00000000000000 -0.00000004922597 0.00000000000000 -0.00000000217813
14.17535070140275 0.00000000000000 -0.00000004211461 0.00000000000000 -0.00000000187784
14.21442885771538 0.00000000000000 -0.00000003602707 0.00000000000000 -0.00000000161820
14.25350701402800 0.00000000000000 -0.00000003081652 0.00000000000000 -0.00000000139383
14.29258517034063 0.00000000000000 -0.00000002635711 0.00000000000000 -0.00000000120005
14.33166332665325 0.00000000000000 -0.00000002254095 0.00000000000000 -0.00000000103279
14.37074148296588 0.00000000000000 -0.00000001927559 0.00000000000000 -0.00000000088848
14.40981963927850 0.00000000000000 -0.00000001648182 0.00000000000000 -0.00000000076404
14.44889779559113 0.00000000000000 -0.00000001409176 0.00000000000000 -0.00000000065679
14.48797595190375 0.00000000000000 -0.00000001204728 0.00000000000000 -0.00000000056438
14.52705410821638 0.00000000000000 -0.00000001029857 0.00000000000000 -0.00000000048481
14.56613226452900 0.00000000000000 -0.00000000880298 0.00000000000000 -0.00000000041632
14.60521042084163 0.00000000000000 -0.00000000752399 0.00000000000000 -0.00000000035739
14.64428857715425 0.00000000000000 -0.00000000643033 0.00000000000000 -0.00000000030670
14.68336673346688 0.00000000000000 -0.00000000549522 0.00000000000000 -0.00000000026312
14.72244488977950 0.00000000000000 -0.00000000469575 0.00000000000000 -0.00000000022567
14.76152304609213 0.00000000000000 -0.00000000401230 0.00000000000000 -0.00000000019349
14.80060120240475 0.00000000000000 -0.00000000342807 0.00000000000000 -0.00000000016585
14.83967935871738 0.00000000000000 -0.00000000292871 0.00000000000000 -0.00000000014213
14.87875751503000 0.00000000000000 -0.00000000250192 0.00000000000000 -0.00000000012176
14.91783567134263 0.00000000000000 -0.00000000213719 0.00000000000000 -0.00000000010429
14.95691382765525 0.00000000000000 -0.00000000182550 0.00000000000000 -0.00000000008930
14.99599198396788 0.00000000000000 -0.00000000155917 0.00000000000000 -0.00000000007645
15.03507014028050 0.00000000000000 -0.00000000133161 0.00000000000000 -0.00000000006543
15.07414829659313 0.00000000000000 -0.00000000113719 0.00000000000000 -0.00000000005599
15.11322645290575 0.00000000000000 -0.00000000097110 0.00000000000000 -0.00000000004790
15.15230460921838 0.00000000000000 -0.00000000082922 0.00000000000000 -0.00000000004097
15.19138276553100 0.00000000000000 -0.00000000070803 0.00000000000000 -0.00000000003503
15.23046092184363 0.00000000000000 -0.00000000060451 0.00000000000000 -0.00000000002995
15.26953907815625 0.00000000000000 -0.00000000051610 0.00000000000000 -0.00000000002560
15.30861723446888 0.00000000000000 -0.00000000044060 0.00000000000000 -0.00000000002188
15.34769539078150 0.00000000000000 -0.00000000037612 0.00000000000000 -0.00000000001870
15.38677354709413 0.00000000000000 -0.00000000032106 0.00000000000000 -0.00000000001597
15.42585170340675 0.00000000000000 -0.00000000027405 0.00000000000000 -0.00000000001364
15.46492985971938 0.00000000000000 -0.00000000023391 0.00000000000000 -0.00000000001165
15.50400801603200 0.00000000000000 -0.00000000019964 0.00000000000000 -0.00000000000995
15.54308617234463 0.00000000000000 -0.00000000017038 0.00000000000000 -0.00000000000849
15.58216432865725 0.00000000000000 -0.00000000014540 0.00000000000000 -0.00000000000725
15.62124248496988 0.00000000000000 -0.00000000012408 0.00000000000000 -0.00000000000619
15.66032064128250 0.00000000000000 -0.00000000010588 0.00000000000000 -0.00000000000528
15.69939879759513 0.00000000000000 -0.00000000009034 0.00000000000000 -0.00000000000451
15.73847695390775 0.00000000000000 -0.00000000007709 0.00000000000000 -0.00000000000384
15.77755511022038 0.00000000000000 -0.00000000006577 0.00000000000000 -0.00000000000328
15.81663326653300 0.00000000000000 -0.00000000005611 0.00000000000000 -0.00000000000280
15.85571142284563 0.00000000000000 -0.00000000004787 0.00000000000000 -0.00000000000238
15.89478957915825 0.00000000000000 -0.00000000004084 0.00000000000000 -0.00000000000203
15.93386773547088 0.00000000000000 -0.00000000003484 0.00000000000000 -0.00000000000173
15.97294589178350 0.00000000000000 -0.00000000002972 0.00000000000000 -0.00000000000148
16.01202404809613 0.00000000000000 -0.00000000002535 0.00000000000000 -0.00000000000126
16.05110220440876 0.00000000000000 -0.00000000002162 0.00000000000000 -0.00000000000107
16.09018036072138 0.00000000000000 -0.00000000001844 0.00000000000000 -0.00000000000091
16.12925851703401 0.00000000000000 -0.00000000001573 0.00000000000000 -0.00000000000078
16.16833667334664 0.00000000000000 -0.00000000001342 0.00000000000000 -0.00000000000066
16.20741482965926 0.00000000000000 -0.00000000001144 0.00000000000000 -0.00000000000057
16.24649298597189 0.00000000000000 -0.00000000000976 0.00000000000000 -0.00000000000048
16.28557114228452 0.00000000000000 -0.00000000000832 0.00000000000000 -0.00000000000041
16.32464929859714 0.00000000000000 -0.00000000000710 0.00000000000000 -0.00000000000035
16.36372745490977 0.00000000000000 -0.00000000000605 0.00000000000000 -0.00000000000030
16.40280561122240 0.00000000000000 -0.00000000000516 0.00000000000000 -0.00000000000025
16.44188376753502 0.00000000000000 -0.00000000000440 0.00000000000000 -0.00000000000022
16.48096192384765 0.00000000000000 -0.00000000000375 0.00000000000000 -0.00000000000018
16.52004008016028 0.00000000000000 -0.00000000000320 0.00000000000000 -0.00000000000016
16.55911823647291 0.00000000000000 -0.00000000000273 0.00000000000000 -0.00000000000013
16.59819639278553 0.00000000000000 -0.00000000000232 0.00000000000000 -0.00000000000011
16.63727454909816 0.00000000000000 -0.00000000000198 0.00000000000000 -0.00000000000010
16.67635270541079 0.00000000000000 -0.00000000000169 0.00000000000000 -0.00000000000008
16.71543086172341 0.00000000000000 -0.00000000000144 0.00000000000000 -0.00000000000007
16.75450901803604 0.00000000000000 -0.00000000000123 0.00000000000000 -0.00000000000006
16.79358717434867 0.00000000000000 -0.00000000000105 0.00000000000000 -0.00000000000005
16.83266533066129 0.00000000000000 -0.00000000000089 0.00000000000000 -0.00000000000004
16.87174348697392 0.00000000000000 -0.00000000000076 0.00000000000000 -0.00000000000004
16.91082164328655 0.00000000000000 -0.00000000000065 0.00000000000000 -0.00000000000003
16.94989979959917 0.00000000000000 -0.00000000000055 0.00000000000000 -0.00000000000003
16.98897795591180 0.00000000000000 -0.00000000000047 0.00000000000000 -0.00000000000002
17.02805611222443 0.00000000000000 -0.00000000000040 0.00000000000000 -0.00000000000002
17.06713426853705 0.00000000000000 -0.00000000000034 0.00000000000000 -0.00000000000002
17.10621242484968 0.00000000000000 -0.00000000000029 0.00000000000000 -0.00000000000001
17.14529058116231 0.00000000000000 -0.00000000000025 0.00000000000000 -0.00000000000001
17.18436873747493 0.00000000000000 -0.00000000000021 0.00000000000000 -0.00000000000001
17.22344689378756 0.00000000000000 -0.00000000000018 0.00000000000000 -0.00000000000001
17.26252505010019 0.00000000000000 -0.00000000000015 0.00000000000000 -0.00000000000001
17.30160320641281 0.00000000000000 -0.00000000000013 0.00000000000000 -0.00000000000001
17.34068136272544 0.00000000000000 -0.00000000000011 0.00000000000000 -0.00000000000001
17.37975951903807 0.00000000000000 -0.00000000000010 0.00000000000000 -0.00000000000000
17.41883767535069 0.00000000000000 -0.00000000000008 0.00000000000000 -0.00000000000000
17.45791583166332 0.00000000000000 -0.00000000000007 0.00000000000000 -0.00000000000000
17.49699398797595 0.00000000000000 -0.00000000000006 0.00000000000000 -0.00000000000000
17.53607214428857 0.00000000000000 -0.00000000000005 0.00000000000000 -0.00000000000000
17.57515030060120 0.00000000000000 -0.00000000000004 0.00000000000000 -0.00000000000000
17.61422845691383 0.00000000000000 -0.00000000000004 0.00000000000000 -0.00000000000000
17.65330661322646 0.00000000000000 -0.00000000000003 0.00000000000000 -0.00000000000000
17.69238476953908 0.00000000000000 -0.00000000000003 0.00000000000000 -0.00000000000000
17.73146292585171 0.00000000000000 -0.00000000000002 0.00000000000000 -0.00000000000000
17.77054108216434 0.00000000000000 -0.00000000000002 0.00000000000000 -0.00000000000000
17.80961923847696 0.00000000000000 -0.00000000000002 0.00000000000000 -0.00000000000000
17.84869739478959 0.00000000000000 -0.00000000000001 0.00000000000000 -0.00000000000000
17.88777555110222 0.00000000000000 -0.00000000000001 0.00000000000000 -0.00000000000000
17.92685370741484 0.00000000000000 -0.00000000000001 0.00000000000000 -0.00000000000000
17.96593186372747 0.00000000000000 -0.00000000000001 0.00000000000000 -0.00000000000000
18.00501002004010 0.00000000000000 -0.00000000000001 0.00000000000000 -0.00000000000000
18.04408817635272 0.00000000000000 -0.00000000000001 0.00000000000000 -0.00000000000000
18.08316633266535 0.00000000000000 -0.00000000000001 0.00000000000000 -0.00000000000000
18.12224448897798 0.00000000000000 -0.00000000000000 0.00000000000000 -0.00000000000000
18.16132264529060 0.00000000000000 -0.00000000000000 0.00000000000000 -0.00000000000000
18.20040080160323 0.00000000000000 -0.00000000000000 0.00000000000000 -0.00000000000000
18.23947895791586 0.00000000000000 -0.00000000000000 0.00000000000000 -0.00000000000000
18.27855711422848 0.00000000000000 -0.00000000000000 0.00000000000000 -0.00000000000000
18.31763527054111 0.00000000000000 -0.00000000000000 0.00000000000000 -0.00000000000000
18.35671342685374 0.00000000000000 -0.00000000000000 0.00000000000000 -0.00000000000000
18.39579158316636 0.00000000000000 -0.00000000000000 0.00000000000000 -0.00000000000000
18.43486973947899 0.00000000000000 -0.00000000000000 0.00000000000000 -0.00000000000000
18.47394789579162 0.00000000000000 -0.00000000000000 0.00000000000000 -0.00000000000000
18.51302605210424 0.00000000000000 -0.00000000000000 0.00000000000000 -0.00000000000000
18.55210420841687 0.00000000000000 -0.00000000000000 0.00000000000000 -0.00000000000000
18.59118236472950 0.00000000000000 -0.00000000000000 0.00000000000000 -0.00000000000000
18.63026052104212 0.00000000000000 -0.00000000000000 0.00000000000000 -0.00000000000000
18.66933867735475 0.00000000000000 -0.00000000000000 0.00000000000000 -0.00000000000000
18.70841683366738 0.00000000000000 -0.00000000000000 0.00000000000000 -0.00000000000000
18.74749498998001 0.00000000000000 -0.00000000000000 0.00000000000000 -0.00000000000000
18.78657314629263 0.00000000000000 -0.00000000000000 0.00000000000000 -0.00000000000000
18.82565130260526 0.00000000000000 -0.00000000000000 0.00000000000000 -0.00000000000000
18.86472945891789 0.00000000000000 -0.00000000000000 0.00000000000000 -0.00000000000000
18.90380761523051 0.00000000000000 -0.00000000000000 0.00000000000000 -0.00000000000000
18.94288577154314 0.00000000000000 -0.00000000000000 0.00000000000000 -0.00000000000000
18.98196392785577 0.00000000000000 -0.00000000000000 0.00000000000000 -0.00000000000000
19.02104208416839 0.00000000000000 -0.00000000000000 0.00000000000000 -0.00000000000000
19.06012024048102 0.00000000000000 -0.00000000000000 0.00000000000000 -0.00000000000000
19.09919839679365 0.00000000000000 -0.00000000000000 0.00000000000000 -0.00000000000000
19.13827655310627 0.00000000000000 -0.00000000000000 0.00000000000000 -0.00000000000000
19.17735470941890 0.00000000000000 -0.00000000000000 0.00000000000000 -0.00000000000000
19.21643286573153 0.00000000000000 -0.00000000000000 0.00000000000000 -0.00000000000000
19.25551102204415 0.00000000000000 -0.00000000000000 0.00000000000000 -0.00000000000000
19.29458917835678 0.00000000000000 -0.00000000000000 0.00000000000000 -0.00000000000000
19.33366733466941 0.00000000000000 -0.00000000000000 0.00000000000000 -0.00000000000000
19.37274549098203 0.00000000000000 -0.00000000000000 0.00000000000000 -0.00000000000000
19.41182364729466 0.00000000000000 -0.00000000000000 0.00000000000000 -0.00000000000000
19.45090180360729 0.00000000000000 -0.00000000000000 0.00000000000000 -0.00000000000000
19.48997995991991 0.00000000000000 -0.00000000000000 0.00000000000000 -0.00000000000000
19.52905811623254 0.00000000000000 -0.00000000000000 0.00000000000000 -0.00000000000000
19.56813627254517 0.00000000000000 -0.00000000000000 0.00000000000000 -0.00000000000000
19.60721442885779 0.00000000000000 -0.00000000000000 0.00000000000000 -0.00000000000000
19.64629258517042 0.00000000000000 -0.00000000000000 0.00000000000000 -0.00000000000000
19.68537074148305 0.00000000000000 -0.00000000000000 0.00000000000000 -0.00000000000000
19.72444889779567 0.00000000000000 -0.00000000000000 0.00000000000000 -0.00000000000000
19.76352705410830 0.00000000000000 -0.00000000000000 0.00000000000000 -0.00000000000000
19.80260521042093 0.00000000000000 -0.00000000000000 0.00000000000000 -0.00000000000000
19.84168336673356 0.00000000000000 -0.00000000000000 0.00000000000000 -0.00000000000000
19.88076152304618 0.00000000000000 -0.00000000000000 0.00000000000000 -0.00000000000000
19.91983967935881 0.00000000000000 -0.00000000000000 0.00000000000000 -0.00000000000000
19.95891783567144 0.00000000000000 -0.00000000000000 0.00000000000000 -0.00000000000000
19.99799599198406 0.00000000000000 -0.00000000000000 0.00000000000000 -0.00000000000000
20.03707414829669 0.00000000000000 -0.00000000000000 0.00000000000000 -0.00000000000000
20.07615230460932 0.00000000000000 -0.00000000000000 0.00000000000000 -0.00000000000000
20.11523046092194 0.00000000000000 -0.00000000000000 0.00000000000000 -0.00000000000000
20.15430861723457 0.00000000000000 -0.00000000000000 0.00000000000000 -0.00000000000000
20.19338677354720 0.00000000000000 -0.00000000000000 0.00000000000000 -0.00000000000000
20.23246492985982 0.00000000000000 -0.00000000000000 0.00000000000000 -0.00000000000000
20.27154308617245 0.00000000000000 -0.00000000000000 0.00000000000000 -0.00000000000000
20.31062124248508 0.00000000000000 -0.00000000000000 0.00000000000000 -0.00000000000000
20.34969939879770 0.00000000000000 -0.00000000000000 0.00000000000000 -0.00000000000000
20.38877755511033 0.00000000000000 -0.00000000000000 0.00000000000000 -0.00000000000000
20.42785571142296 0.00000000000000 -0.00000000000000 0.00000000000000 -0.00000000000000
20.46693386773558 0.00000000000000 -0.00000000000000 0.00000000000000 -0.00000000000000
20.50601202404821 0.00000000000000 -0.00000000000000 0.00000000000000 -0.00000000000000
20.54509018036084 0.00000000000000 -0.00000000000000 0.00000000000000 -0.00000000000000
20.58416833667346 0.00000000000000 -0.00000000000000 0.00000000000000 -0.00000000000000
20.62324649298609 0.00000000000000 -0.00000000000000 0.00000000000000 -0.00000000000000
20.66232464929872 0.00000000000000 -0.00000000000000 0.00000000000000 -0.00000000000000
20.70140280561134 0.00000000000000 -0.00000000000000 0.00000000000000 -0.00000000000000
20.74048096192397 0.00000000000000 -0.00000000000000 0.00000000000000 -0.00000000000000
20.77955911823660 0.00000000000000 -0.00000000000000 0.00000000000000 -0.00000000000000
20.81863727454922 0.00000000000000 -0.00000000000000 0.00000000000000 -0.00000000000000
20.85771543086185 0.00000000000000 -0.00000000000000 0.00000000000000 -0.00000000000000
20.89679358717448 0.00000000000000 -0.00000000000000 0.00000000000000 -0.00000000000000
20.93587174348711 0.00000000000000 -0.00000000000000 0.00000000000000 -0.00000000000000
20.97494989979973 0.00000000000000 -0.00000000000000 0.00000000000000 -0.00000000000000
21.01402805611236 0.00000000000000 -0.00000000000000 0.00000000000000 -0.00000000000000
21.05310621242499 0.00000000000000 -0.00000000000000 0.00000000000000 -0.00000000000000
21.09218436873761 0.00000000000000 -0.00000000000000 0.00000000000000 -0.00000000000000
21.13126252505024 0.00000000000000 -0.00000000000000 0.00000000000000 -0.00000000000000
21.17034068136287 0.00000000000000 -0.00000000000000 0.00000000000000 -0.00000000000000
21.20941883767549 0.00000000000000 -0.00000000000000 0.00000000000000 -0.00000000000000
21.24849699398812 0.00000000000000 -0.00000000000000 0.00000000000000 -0.00000000000000
21.28757515030075 0.00000000000000 -0.00000000000000 0.00000000000000 -0.00000000000000
21.32665330661337 0.00000000000000 -0.00000000000000 0.00000000000000 -0.00000000000000
21.36573146292600 0.00000000000000 -0.00000000000000 0.00000000000000 -0.00000000000000
21.40480961923863 0.00000000000000 -0.00000000000000 0.00000000000000 -0.00000000000000
21.44388777555125 0.00000000000000 -0.00000000000000 0.00000000000000 -0.00000000000000
21.48296593186388 0.00000000000000 -0.00000000000000 0.00000000000000 -0.00000000000000
21.52204408817651 0.00000000000000 -0.00000000000000 0.00000000000000 -0.00000000000000
21.56112224448913 0.00000000000000 -0.00000000000000 0.00000000000000 -0.00000000000000
21.60020040080176 0.00000000000000 -0.00000000000000 0.00000000000000 -0.00000000000000
21.63927855711439 0.00000000000000 -0.00000000000000 0.00000000000000 -0.00000000000000
21.67835671342701 0.00000000000000 -0.00000000000000 0.00000000000000 -0.00000000000000
21.71743486973964 0.00000000000000 -0.00000000000000 0.00000000000000 -0.00000000000000
21.75651302605227 0.00000000000000 -0.00000000000000 0.00000000000000 -0.00000000000000
21.79559118236489 0.00000000000000 -0.00000000000000 0.00000000000000 -0.00000000000000
21.83466933867752 0.00000000000000 -0.00000000000000 0.00000000000000 -0.00000000000000
21.87374749499015 0.00000000000000 -0.00000000000000 0.00000000000000 -0.00000000000000
21.91282565130278 0.00000000000000 -0.00000000000000 0.00000000000000 -0.00000000000000
21.95190380761540 0.00000000000000 -0.00000000000000 0.00000000000000 -0.00000000000000
21.99098196392803 0.00000000000000 -0.00000000000000 0.00000000000000 -0.00000000000000
22.03006012024066 0.00000000000000 -0.00000000000000 0.00000000000000 -0.00000000000000
22.06913827655328 0.00000000000000 -0.00000000000000 0.00000000000000 -0.00000000000000
22.10821643286591 0.00000000000000 -0.00000000000000 0.00000000000000 -0.00000000000000
22.14729458917854 0.00000000000000 -0.00000000000000 0.00000000000000 -0.00000000000000
22.18637274549116 0.00000000000000 -0.00000000000000 0.00000000000000 -0.00000000000000
22.22545090180379 0.00000000000000 -0.00000000000000 0.00000000000000 -0.00000000000000
22.26452905811642 0.00000000000000 -0.00000000000000 0.00000000000000 -0.00000000000000
22.30360721442904 0.00000000000000 -0.00000000000000 0.00000000000000 -0.00000000000000
22.34268537074167 0.00000000000000 -0.00000000000000 0.00000000000000 -0.00000000000000
22.38176352705430 0.00000000000000 -0.00000000000000 0.00000000000000 -0.00000000000000
22.42084168336692 0.00000000000000 -0.00000000000000 0.00000000000000 -0.00000000000000
22.45991983967955 0.00000000000000 -0.00000000000000 0.00000000000000 -0.00000000000000
22.49899799599218 0.00000000000000 -0.00000000000000 0.00000000000000 -0.00000000000000
22.53807615230480 0.00000000000000 -0.00000000000000 0.00000000000000 -0.00000000000000
22.57715430861743 0.00000000000000 -0.00000000000000 0.00000000000000 -0.00000000000000
22.61623246493006 0.00000000000000 -0.00000000000000 0.00000000000000 -0.00000000000000
22.65531062124268 0.00000000000000 -0.00000000000000 0.00000000000000 -0.00000000000000
22.69438877755531 0.00000000000000 -0.00000000000000 0.00000000000000 -0.00000000000000
22.73346693386794 0.00000000000000 -0.00000000000000 0.00000000000000 -0.00000000000000
22.77254509018056 0.00000000000000 -0.00000000000000 0.00000000000000 -0.00000000000000
22.81162324649319 0.00000000000000 -0.00000000000000 0.00000000000000 -0.00000000000000
22.85070140280582 0.00000000000000 -0.00000000000000 0.00000000000000 -0.00000000000000
22.88977955911844 0.00000000000000 -0.00000000000000 0.00000000000000 -0.00000000000000
22.92885771543107 0.00000000000000 -0.00000000000000 0.00000000000000 -0.00000000000000
22.96793587174370 0.00000000000000 -0.00000000000000 0.00000000000000 -0.00000000000000
23.00701402805633 0.00000000000000 -0.00000000000000 0.00000000000000 -0.00000000000000
23.04609218436895 0.00000000000000 -0.00000000000000 0.00000000000000 -0.00000000000000
23.08517034068158 0.00000000000000 -0.00000000000000 0.00000000000000 -0.00000000000000
23.12424849699421 0.00000000000000 -0.00000000000000 0.00000000000000 -0.00000000000000
23.16332665330683 0.00000000000000 -0.00000000000000 0.00000000000000 -0.00000000000000
23.20240480961946 0.00000000000000 -0.00000000000000 0.00000000000000 -0.00000000000000
23.24148296593209 0.00000000000000 -0.00000000000000 0.00000000000000 -0.00000000000000
23.28056112224471 0.00000000000000 -0.00000000000000 0.00000000000000 -0.00000000000000
23.31963927855734 0.00000000000000 -0.00000000000000 0.00000000000000 -0.00000000000000
23.35871743486997 0.00000000000000 -0.00000000000000 0.00000000000000 -0.00000000000000
23.39779559118259 0.00000000000000 -0.00000000000000 0.00000000000000 -0.00000000000000
23.43687374749522 0.00000000000000 -0.00000000000000 0.00000000000000 -0.00000000000000
23.47595190380785 0.00000000000000 -0.00000000000000 0.00000000000000 -0.00000000000000
23.51503006012047 0.00000000000000 -0.00000000000000 0.00000000000000 -0.00000000000000
23.55410821643310 0.00000000000000 -0.00000000000000 0.00000000000000 -0.00000000000000
23.59318637274573 0.00000000000000 -0.00000000000000 0.00000000000000 -0.00000000000000
23.63226452905835 0.00000000000000 -0.00000000000000 0.00000000000000 -0.00000000000000
23.67134268537098 0.00000000000000 -0.00000000000000 0.00000000000000 -0.00000000000000
23.71042084168361 0.00000000000000 -0.00000000000000 0.00000000000000 -0.00000000000000
23.74949899799623 0.00000000000000 -0.00000000000000 0.00000000000000 -0.00000000000000
23.78857715430886 0.00000000000000 -0.00000000000000 0.00000000000000 -0.00000000000000
23.82765531062149 0.00000000000000 -0.00000000000000 0.00000000000000 -0.00000000000000
23.86673346693411 0.00000000000000 -0.00000000000000 0.00000000000000 -0.00000000000000
23.90581162324674 0.00000000000000 -0.00000000000000 0.00000000000000 -0.00000000000000
23.94488977955937 0.00000000000000 -0.00000000000000 0.00000000000000 -0.00000000000000
23.98396793587199 0.00000000000000 -0.00000000000000 0.00000000000000 -0.00000000000000
24.02304609218462 0.00000000000000 -0.00000000000000 0.00000000000000 -0.00000000000000
24.06212424849725 0.00000000000000 -0.00000000000000 0.00000000000000 -0.00000000000000
24.10120240480988 0.00000000000000 -0.00000000000000 0.00000000000000 -0.00000000000000
24.14028056112250 0.00000000000000 -0.00000000000000 0.00000000000000 -0.00000000000000
24.17935871743513 0.00000000000000 -0.00000000000000 0.00000000000000 -0.00000000000000
24.21843687374776 0.00000000000000 -0.00000000000000 0.00000000000000 -0.00000000000000
24.25751503006038 0.00000000000000 -0.00000000000000 0.00000000000000 -0.00000000000000
24.29659318637301 0.00000000000000 -0.00000000000000 0.00000000000000 -0.00000000000000
24.33567134268564 0.00000000000000 -0.00000000000000 0.00000000000000 -0.00000000000000
24.37474949899826 0.00000000000000 -0.00000000000000 0.00000000000000 -0.00000000000000
24.41382765531089 0.00000000000000 -0.00000000000000 0.00000000000000 -0.00000000000000
24.45290581162352 0.00000000000000 -0.00000000000000 0.00000000000000 -0.00000000000000
24.49198396793614 0.00000000000000 -0.00000000000000 0.00000000000000 -0.00000000000000
24.53106212424877 0.00000000000000 -0.00000000000000 0.00000000000000 -0.00000000000000
24.57014028056140 0.00000000000000 -0.00000000000000 0.00000000000000 -0.00000000000000
24.60921843687402 0.00000000000000 -0.00000000000000 0.00000000000000 -0.00000000000000
24.64829659318665 0.00000000000000 -0.00000000000000 0.00000000000000 -0.00000000000000
24.68737474949928 0.00000000000000 -0.00000000000000 0.00000000000000 -0.00000000000000
24.72645290581190 0.00000000000000 -0.00000000000000 0.00000000000000 -0.00000000000000
24.76553106212453 0.00000000000000 -0.00000000000000 0.00000000000000 -0.00000000000000
24.80460921843716 0.00000000000000 -0.00000000000000 0.00000000000000 -0.00000000000000
24.84368737474978 0.00000000000000 -0.00000000000000 0.00000000000000 -0.00000000000000
24.88276553106241 0.00000000000000 -0.00000000000000 0.00000000000000 -0.00000000000000
24.92184368737504 0.00000000000000 -0.00000000000000 0.00000000000000 -0.00000000000000
24.96092184368766 0.00000000000000 -0.00000000000000 0.00000000000000 -0.00000000000000
25.00000000000029 0.00000000000000 0.00000000000000 0.00000000000000 0.00000000000000
