6.00000000000000 0.00000000000000 0.00000000000000 0.00000000000000 0.00000000000000
6.01603206412826 0.01883672866609 0.00000000000000 -0.01188282732694 0.00000000000000
6.03206412825651 0.03804153987442 0.00000000000000 -0.02399768641874 0.00000000000000
6.04809619238477 0.05794499606911 0.00000000000000 -0.03655294935858 0.00000000000000
6.06412825651303 0.07884296983785 0.00000000000000 -0.04973509767923 0.00000000000000
6.08016032064128 0.10100160591737 0.00000000000000 -0.06371184091154 0.00000000000000
6.09619238476954 0.12466056420524 0.00000000000000 -0.07863415488477 0.00000000000000
6.11222444889780 0.15003487905499 0.00000000000000 -0.09463744930608 0.00000000000000
6.12825651302605 0.17731570436264 0.00000000000000 -0.11184203381556 0.00000000000000
6.14428857715431 0.20667016606599 0.00000000000000 -0.13035302202154 0.00000000000000
6.16032064128257 0.23824050900203 0.00000000000000 -0.15025979138326 0.00000000000000
6.17635270541082 0.27214270009919 0.00000000000000 -0.17163510117068 0.00000000000000
6.19238476953908 0.30846463195199 0.00000000000000 -0.19453395947387 0.00000000000000
6.20841683366733 0.34726405787751 0.00000000000000 -0.21899232209033 0.00000000000000
6.22444889779559 0.38856637998365 0.00000000000000 -0.24502570008673 0.00000000000000
6.24048096192385 0.43236240433235 0.00000000000000 -0.27262774812693 0.00000000000000
6.25651302605210 0.47860617097320 0.00000000000000 -0.30176890166262 0.00000000000000
6.27254509018036 0.52721296068626 0.00000000000000 -0.33239512731290 0.00000000000000
6.28857715430862 0.57805757411955 0.00000000000000 -0.36442684684583 0.00000000000000
6.30460921843687 0.63097297219699 0.00000000000000 -0.39775809084220 0.00000000000000
6.32064128256513 0.68574935890075 0.00000000000000 -0.43225593317728 0.00000000000000
6.33667334669339 0.74213375338345 0.00000000000000 -0.46776023588458 0.00000000000000
6.35270541082164 0.79982974447121 0.00000000000000 -0.50408351087346 0.00000000000000
6.36873747494990 0.85849652714007 0.00000000000000 -0.54101033098842 0.00000000000000
6.38476953907816 0.91774949267020 0.00000000000000 -0.57829772218754 0.00000000000000
6.40080160320641 0.97716194773050 0.00000000000000 -0.61567626872152 0.00000000000000
6.41683366733467 1.03626761336999 0.00000000000000 -0.65285171094886 0.00000000000000
6.43286573146293 1.09456388796504 0.00000000000000 -0.68950702532117 0.00000000000000
6.44889779559118 1.15151587388516 0.00000000000000 -0.72530498591939 0.00000000000000
6.46492985971944 1.20656115166582 0.00000000000000 -0.75989119679982 0.00000000000000
6.48096192384770 1.25911526923235 0.00000000000000 -0.79289757412506 0.00000000000000
6.49699398797595 1.30857789754478 0.00000000000000 -0.82394624682547 0.00000000000000
6.51302605210421 1.35433958828752 0.00000000000000 -0.85265383458989 0.00000000000000
6.52905811623247 1.39578905427226 0.00000000000000 -0.87863605254889 0.00000000000000
6.54509018036072 1.43232087941189 0.00000000000000 -0.90151258331582 0.00000000000000
6.56112224448898 1.46334355279685 0.00000000000000 -0.92091214930388 0.00000000000000
6.57715430861724 1.48828771087426 0.00000000000000 -0.93647771163839 0.00000000000000
6.59318637274549 1.50661446326888 0.00000000000000 -0.94787171670594 0.00000000000000
6.60921843687375 1.51782367162483 0.00000000000000 -0.95478130757039 0.00000000000000
6.62525050100200 1.52146204716622 0.00000000000000 -0.95692341525270 0.00000000000000
6.64128256513026 1.51713093159745 0.00000000000000 -0.95404964429280 0.00000000000000
6.65731462925852 1.50449362755124 0.00000000000000 -0.94595086812512 0.00000000000000
6.67334669338677 1.48328214904627 0.00000000000000 -0.93246145260366 0.00000000000000
6.68937875751503 1.45330326927448 0.00000000000000 -0.91346303046628 0.00000000000000
6.70541082164329 1.41444375237930 0.00000000000000 -0.88888775555178 0.00000000000000
6.72144288577154 1.36667466753105 0.00000000000000 -0.85872097306191 0.00000000000000
6.73747494989980 1.31005469732318 0.00000000000000 -0.82300325094498 0.00000000000000
6.75350701402806 1.24473236802539 0.00000000000000 -0.78183172739048 0.00000000000000
6.76953907815631 1.17094714622056 0.00000000000000 -0.73536074026236 0.00000000000000
6.78557114228457 1.08902936447443 0.00000000000000 -0.68380171584151 0.00000000000000
6.80160320641283 0.99939895757093 0.00000000000000 -0.62742230626004 0.00000000000000
6.81763527054108 0.90256301010996 0.00000000000000 -0.56654477724799 0.00000000000000
6.83366733466934 0.79911213552295 0.00000000000000 -0.50154366003384 0.00000000000000
6.84969939879760 0.68971572543495 0.00000000000000 -0.43284269320090 0.00000000000000
6.86573146292585 0.57511612642384 0.00000000000000 -0.36091109177347 0.00000000000000
6.88176352705411 0.45612181825634 0.00000000000000 -0.28625919157156 0.00000000000000
6.89779559118237 0.33359968330191 0.00000000000000 -0.20943352673471 0.00000000000000
6.91382765531062 0.20846647215767 0.00000000000000 -0.13101140843325 0.00000000000000
6.92985971943888 0.08167959054311 0.00000000000000 -0.05159508803670 0.00000000000000
6.94589178356714 -0.04577271249283 0.00000000000000 0.02819445801153 0.00000000000000
6.96192384769539 -0.17288163560229 0.00000000000000 0.10772405044649 0.00000000000000
6.97795591182365 -0.29862840712449 0.00000000000000 0.18635500290383 0.00000000000000
6.99398797595190 -0.42199500667670 0.00000000000000 0.26344989228230 0.00000000000000
7.01002004008016 -0.54197488144381 0.00000000000000 0.33837931024826 0.00000000000000
7.02605210420842 -0.65758351480125 0.00000000000000 0.41052851005859 0.00000000000000
7.04208416833667 -0.76786870935634 0.00000000000000 0.47930386162028 0.00000000000000
7.05811623246493 -0.87192045305128 0.00000000000000 0.54413903191012 0.00000000000000
7.07414829659319 -0.96888024547343 0.00000000000000 0.60450081341663 0.00000000000000
7.09018036072144 -1.05794977175214 0.00000000000000 0.65989452986579 0.00000000000000
7.10621242484970 -1.13839882314662 0.00000000000000 0.70986895603356 0.00000000000000
7.12224448897796 -1.20957237639049 0.00000000000000 0.75402069676533 0.00000000000000
7.13827655310621 -1.27089675778597 0.00000000000000 0.79199797924220 0.00000000000000
7.15430861723447 -1.32188483266064 0.00000000000000 0.82350382188055 0.00000000000000
7.17034068136273 -1.36214017583576 0.00000000000000 0.84829855284895 0.00000000000000
7.18637274549098 -1.39136019393990 0.00000000000000 0.86620166086395 0.00000000000000
7.20240480961924 -1.40933818547440 0.00000000000000 0.87709297051825 0.00000000000000
7.21843687374750 -1.41596433925573 0.00000000000000 0.88091314374788 0.00000000000000
7.23446893787575 -1.41122568599896 0.00000000000000 0.87766351801579 0.00000000000000
7.25050100200401 -1.39520503116343 0.00000000000000 0.86740530025079 0.00000000000000
7.26653306613227 -1.36807890957941 0.00000000000000 0.85025814342050 0.00000000000000
7.28256513026052 -1.33011461366178 0.00000000000000 0.82639813974105 0.00000000000000
7.29859719438878 -1.28166635707027 0.00000000000000 0.79605527085638 0.00000000000000
7.31462925851704 -1.22317064440072 0.00000000000000 0.75951036079898 0.00000000000000
7.33066132264529 -1.15514092482265 0.00000000000000 0.71709158212943 0.00000000000000
7.34669338677355 -1.07816161347449 0.00000000000000 0.66917056932225 0.00000000000000
7.36272545090180 -0.99288156887908 0.00000000000000 0.61615819621290 0.00000000000000
7.37875751503006 -0.90000711765899 0.00000000000000 0.55850007615561 0.00000000000000
7.39478957915832 -0.80029471945077 0.00000000000000 0.49667184448670 0.00000000000000
7.41082164328657 -0.69454336519529 0.00000000000000 0.43117428298169 0.00000000000000
7.42685370741483 -0.58358680099167 0.00000000000000 0.36252834528326 0.00000000000000
7.44288577154309 -0.46828566753633 0.00000000000000 0.29127014082048 0.00000000000000
7.45891783567134 -0.34951964192780 0.00000000000000 0.21794593260296 0.00000000000000
7.47494989979960 -0.22817966441634 0.00000000000000 0.14310720152919 0.00000000000000
7.49098196392786 -0.10516032763519 0.00000000000000 0.06730582657306 0.00000000000000
7.50701402805611 0.01864749990803 0.00000000000000 -0.00891057351389 0.00000000000000
7.52304609218437 0.14236375064650 0.00000000000000 -0.08500309544365 0.00000000000000
7.53907815631263 0.26512587644916 0.00000000000000 -0.16044576642159 0.00000000000000
7.55511022044088 0.38609515730984 0.00000000000000 -0.23472948640655 0.00000000000000
7.57114228456914 0.50446255609979 0.00000000000000 -0.30736566977241 0.00000000000000
7.58717434869740 0.61945408270635 0.00000000000000 -0.37788956333316 0.00000000000000
7.60320641282565 0.73033563832331 0.00000000000000 -0.44586322247569 0.00000000000000
7.61923847695391 0.83641731799179 0.00000000000000 -0.51087813185731 0.00000000000000
7.63527054108217 0.93705715662231 0.00000000000000 -0.57255746170865 0.00000000000000
7.65130260521042 1.03166431057915 0.00000000000000 -0.63055795518870 0.00000000000000
7.66733466933868 1.11970167340630 0.00000000000000 -0.68457144642094 0.00000000000000
7.68336673346694 1.20068793036019 0.00000000000000 -0.73432601276144 0.00000000000000
7.69939879759519 1.27419906203966 0.00000000000000 -0.77958676847968 0.00000000000000
7.71543086172345 1.33986931252870 0.00000000000000 -0.82015631034631 0.00000000000000
7.73146292585171 1.39739164206423 0.00000000000000 -0.85587482860100 0.00000000000000
7.74749498997996 1.44651768829119 0.00000000000000 -0.88661989940530 0.00000000000000
7.76352705410822 1.48705726366019 0.00000000000000 -0.91230597716415 0.00000000000000
7.77955911823647 1.51887741945839 0.00000000000000 -0.93288360702350 0.00000000000000
7.79559118236473 1.54190110934866 0.00000000000000 -0.94833837942386 0.00000000000000
7.81162324649299 1.55610548713867 0.00000000000000 -0.95868964981864 0.00000000000000
7.82765531062124 1.56151987483063 0.00000000000000 -0.96398904756328 0.00000000000000
7.84368737474950 1.55822343783849 0.00000000000000 -0.96431879856097 0.00000000000000
7.85971943887776 1.54634260463233 0.00000000000000 -0.95978988653070 0.00000000000000
7.87575150300601 1.52604826801190 0.00000000000000 -0.95054007776445 0.00000000000000
7.89178356713427 1.49755280475937 0.00000000000000 -0.93673183398195 0.00000000000000
7.90781563126253 1.46110694961212 0.00000000000000 -0.91855013739899 0.00000000000000
7.92384769539078 1.41699655837020 0.00000000000000 -0.89620025142047 0.00000000000000
7.93987975951904 1.36553929354791 0.00000000000000 -0.86990543947803 0.00000000000000
7.95591182364730 1.30708126433673 0.00000000000000 -0.83990466347759 0.00000000000000
7.97194388777555 1.24199365080388 0.00000000000000 -0.80645028212922 0.00000000000000
7.98797595190381 1.17066934024839 0.00000000000000 -0.76980576812407 0.00000000000000
8.00400801603207 1.09351960150796 0.00000000000000 -0.73024346172360 0.00000000000000
8.02004008016032 1.01097082079310 0.00000000000000 -0.68804237685655 0.00000000000000
8.03607214428858 0.92346132034993 0.00000000000000 -0.64348607430135 0.00000000000000
8.05210420841683 0.83143827895198 0.00000000000000 -0.59686061498318 0.00000000000000
8.06813627254509 0.73535477092071 0.00000000000000 -0.54845260485686 0.00000000000000
8.08416833667334 0.63566693810039 0.00000000000000 -0.49854734129296 0.00000000000000
8.10020040080160 0.53283130698717 0.00000000000000 -0.44742706935241 0.00000000000000
8.11623246492985 0.42730226105476 0.00000000000000 -0.39536935483700 0.00000000000000
8.13226452905811 0.31952967624668 0.00000000000000 -0.34264557955189 0.00000000000000
8.14829659318637 0.20995672563247 0.00000000000000 -0.28951956282203 0.00000000000000
8.16432865731462 0.09901785736346 0.00000000000000 -0.23624631197651 0.00000000000000
8.18036072144288 -0.01286305167713 0.00000000000000 -0.18307090326061 0.00000000000000
8.19639278557113 -0.12527436574883 0.00000000000000 -0.13022749346081 0.00000000000000
8.21242484969939 -0.23781818435328 0.00000000000000 -0.07793846143834 0.00000000000000
8.22845691382764 -0.35011166260488 0.00000000000000 -0.02641367776523 0.00000000000000
8.24448897795590 -0.46178816112909 0.00000000000000 0.02415010025438 0.00000000000000
8.26052104208416 -0.57249822981990 0.00000000000000 0.07356971171425 0.00000000000000
8.27655310621241 -0.68191043072904 0.00000000000000 0.12167595765164 0.00000000000000
8.29258517034067 -0.78971200617157 0.00000000000000 0.16831385390876 0.00000000000000
8.30861723446892 -0.89560939881839 0.00000000000000 0.21334277675732 0.00000000000000
8.32464929859718 -0.99932863111267 0.00000000000000 0.25663650719231 0.00000000000000
8.34068136272543 -1.10061555179969 0.00000000000000 0.29808318017586 0.00000000000000
8.35671342685369 -1.19923595770488 0.00000000000000 0.33758514540585 0.00000000000000
8.37274549098194 -1.29497559914060 0.00000000000000 0.37505874639987 0.00000000000000
8.38877755511020 -1.38764007747535 0.00000000000000 0.41043402482945 0.00000000000000
8.40480961923846 -1.47705464346786 0.00000000000000 0.44365435711416 0.00000000000000
8.42084168336671 -1.56306390496035 0.00000000000000 0.47467603029790 0.00000000000000
8.43687374749497 -1.64553145244800 0.00000000000000 0.50346776418296 0.00000000000000
8.45290581162322 -1.72433941090307 0.00000000000000 0.53001018659846 0.00000000000000
8.46893787575148 -1.79938792603962 0.00000000000000 0.55429526853199 0.00000000000000
8.48496993987973 -1.87059459296523 0.00000000000000 0.57632572566342 0.00000000000000
8.50100200400799 -1.93789383488731 0.00000000000000 0.59611439261168 0.00000000000000
8.51703406813625 -2.00123623922861 0.00000000000000 0.61368357594495 0.00000000000000
8.53306613226450 -2.06058785816743 0.00000000000000 0.62906439171624 0.00000000000000
8.54909819639276 -2.11592948025653 0.00000000000000 0.64229609297502 0.00000000000000
8.56513026052101 -2.16725587939813 0.00000000000000 0.65342539237553 0.00000000000000
8.58116232464927 -2.21457504706367 0.00000000000000 0.66250578465843 0.00000000000000
8.59719438877752 -2.25790741325242 0.00000000000000 0.66959687342777 0.00000000000000
8.61322645290578 -2.29728506128514 0.00000000000000 0.67476370628481 0.00000000000000
8.62925851703404 -2.33275094113244 0.00000000000000 0.67807612201636 0.00000000000000
8.64529058116229 -2.36435808558463 0.00000000000000 0.67960811317226 0.00000000000000
8.66132264529055 -2.39216883318428 0.00000000000000 0.67943720700651 0.00000000000000
8.67735470941880 -2.41625406146601 0.00000000000000 0.67764386740284 0.00000000000000
8.69338677354706 -2.43669243368313 0.00000000000000 0.67431092005990 0.00000000000000
8.70941883767531 -2.45356966184818 0.00000000000000 0.66952300287652 0.00000000000000
8.72545090180357 -2.46697778857713 0.00000000000000 0.66336604315444 0.00000000000000
8.74148296593182 -2.47701448990454 0.00000000000000 0.65592676292792 0.00000000000000
8.75751503006008 -2.48378240093108 0.00000000000000 0.64729221343551 0.00000000000000
8.77354709418834 -2.48738846587620 0.00000000000000 0.63754933947265 0.00000000000000
8.78957915831659 -2.48794331383699 0.00000000000000 0.62678457410363 0.00000000000000
8.80561122244485 -2.48556066130009 0.00000000000000 0.61508346396912 0.00000000000000
8.82164328657310 -2.48035674221764 0.00000000000000 0.60253032520164 0.00000000000000
8.83767535070136 -2.47244976623844 0.00000000000000 0.58920792975547 0.00000000000000
8.85370741482961 -2.46195940548417 0.00000000000000 0.57519722177039 0.00000000000000
8.86973947895787 -2.44900631007502 0.00000000000000 0.56057706341963 0.00000000000000
8.88577154308613 -2.43371165244044 0.00000000000000 0.54542400954142 0.00000000000000
8.90180360721438 -2.41619670029756 0.00000000000000 0.52981211022061 0.00000000000000
8.91783567134264 -2.39658241804171 0.00000000000000 0.51381274037020 0.00000000000000
8.93386773547089 -2.37498909617042 0.00000000000000 0.49749445526368 0.00000000000000
8.94989979959915 -2.35153600825213 0.00000000000000 0.48092287088482 0.00000000000000
8.96593186372740 -2.32634109485464 0.00000000000000 0.46416056789355 0.00000000000000
8.98196392785566 -2.29952067376385 0.00000000000000 0.44726701795187 0.00000000000000
8.99799599198391 -2.27118917575086 0.00000000000000 0.43029853111315 0.00000000000000
9.01402805611217 -2.24145890508344 0.00000000000000 0.41330822294996 0.00000000000000
9.03006012024043 -2.21043982392660 0.00000000000000 0.39634600007886 0.00000000000000
9.04609218436868 -2.17823935973440 0.00000000000000 0.37945856273492 0.00000000000000
9.06212424849694 -2.14496223470163 0.00000000000000 0.36268942305252 0.00000000000000
9.07815631262519 -2.11071031631844 0.00000000000000 0.34607893772216 0.00000000000000
9.09418837675345 -2.07558248805292 0.00000000000000 0.32966435371351 0.00000000000000
9.11022044088170 -2.03967453917464 0.00000000000000 0.31347986578337 0.00000000000000
9.12625250500996 -2.00307907272728 0.00000000000000 0.29755668452114 0.00000000000000
9.14228456913822 -1.96588543065809 0.00000000000000 0.28192311372430 0.00000000000000
9.15831663326647 -1.92817963511720 0.00000000000000 0.26660463594076 0.00000000000000
9.17434869739473 -1.89004434494906 0.00000000000000 0.25162400506307 0.00000000000000
9.19038076152298 -1.85155882641197 0.00000000000000 0.23700134491110 0.00000000000000
9.20641282565124 -1.81279893717816 0.00000000000000 0.22275425279357 0.00000000000000
9.22244488977949 -1.77383712268718 0.00000000000000 0.20889790709487 0.00000000000000
9.23847695390775 -1.73474242394763 0.00000000000000 0.19544517799048 0.00000000000000
9.25450901803601 -1.69558049590726 0.00000000000000 0.18240674045257 0.00000000000000
9.27054108216426 -1.65641363553833 0.00000000000000 0.16979118876522 0.00000000000000
9.28657314629252 -1.61730081881317 0.00000000000000 0.15760515182711 0.00000000000000
9.30260521042077 -1.57829774577481 0.00000000000000 0.14585340857672 0.00000000000000
9.31863727454903 -1.53945689293818 0.00000000000000 0.13453900293194 0.00000000000000
9.33466933867728 -1.50082757228888 0.00000000000000 0.12366335769121 0.00000000000000
9.35070140280554 -1.46245599617838 0.00000000000000 0.11322638689720 0.00000000000000
9.36673346693379 -1.42438534744712 0.00000000000000 0.10322660621633 0.00000000000000
9.38276553106205 -1.38665585413941 0.00000000000000 0.09366124093748 0.00000000000000
9.39879759519031 -1.34930486820647 0.00000000000000 0.08452633124140 0.00000000000000
9.41482965931856 -1.31236694762646 0.00000000000000 0.07581683443837 0.00000000000000
9.43086172344682 -1.27587394140225 0.00000000000000 0.06752672391506 0.00000000000000
9.44689378757507 -1.23985507692948 0.00000000000000 0.05964908457282 0.00000000000000
9.46292585170333 -1.20433704925841 0.00000000000000 0.05217620457828 0.00000000000000
9.47895791583158 -1.16934411180359 0.00000000000000 0.04509966328339 0.00000000000000
9.49498997995984 -1.13489816808528 0.00000000000000 0.03841041520594 0.00000000000000
9.51102204408810 -1.10101886411530 0.00000000000000 0.03209886999252 0.00000000000000
9.52705410821635 -1.06772368106845 0.00000000000000 0.02615496831517 0.00000000000000
9.54308617234461 -1.03502802790763 0.00000000000000 0.02056825367915 0.00000000000000
9.55911823647286 -1.00294533365749 0.00000000000000 0.01532794014333 0.00000000000000
9.57515030060112 -0.97148713904639 0.00000000000000 0.01042297597679 0.00000000000000
9.59118236472937 -0.94066318726131 0.00000000000000 0.00584210329470 0.00000000000000
9.60721442885763 -0.91048151358346 0.00000000000000 0.00157391373409 0.00000000000000
9.62324649298588 -0.88094853369477 0.00000000000000 -0.00239309975419 0.00000000000000
9.63927855711414 -0.85206913046698 0.00000000000000 -0.00607049490760 0.00000000000000
9.65531062124240 -0.82384673906511 0.00000000000000 -0.00946983584628 0.00000000000000
9.67134268537065 -0.79628343021658 0.00000000000000 -0.01260265234818 0.00000000000000
9.68737474949891 -0.76937999151561 0.00000000000000 -0.01548040258435 0.00000000000000
9.70340681362716 -0.74313600664950 0.00000000000000 -0.01811443918742 0.00000000000000
9.71943887775542 -0.71754993245019 0.00000000000000 -0.02051597852025 0.00000000000000
9.73547094188367 -0.69261917368930 0.00000000000000 -0.02269607300754 0.00000000000000
9.75150300601193 -0.66834015554961 0.00000000000000 -0.02466558639025 0.00000000000000
9.76753507014019 -0.64470839371926 0.00000000000000 -0.02643517176030 0.00000000000000
9.78356713426844 -0.62171856206740 0.00000000000000 -0.02801525223235 0.00000000000000
9.79959919839670 -0.59936455787187 0.00000000000000 -0.02941600410907 0.00000000000000
9.81563126252495 -0.57763956458014 0.00000000000000 -0.03064734239714 0.00000000000000
9.83166332665321 -0.55653611209483 0.00000000000000 -0.03171890853247 0.00000000000000
9.84769539078146 -0.53604613458424 0.00000000000000 -0.03264006017543 0.00000000000000
9.86372745490972 -0.51616102582690 0.00000000000000 -0.03341986293924 0.00000000000000
9.87975951903798 -0.49687169210669 0.00000000000000 -0.03406708391791 0.00000000000000
9.89579158316623 -0.47816860268213 0.00000000000000 -0.03459018688375 0.00000000000000
9.91182364729449 -0.46004183785997 0.00000000000000 -0.03499732902813 0.00000000000000
9.92785571142274 -0.44248113470858 0.00000000000000 -0.03529635912369 0.00000000000000
9.94388777555100 -0.42547593045199 0.00000000000000 -0.03549481699034 0.00000000000000
9.95991983967925 -0.40901540358992 0.00000000000000 -0.03559993415225 0.00000000000000
9.97595190380751 -0.39308851279305 0.00000000000000 -0.03561863557785 0.00000000000000
9.99198396793576 -0.37768403362623 0.00000000000000 -0.03555754239948 0.00000000000000
10.00801603206402 -0.36279059315562 0.00000000000000 -0.03542297551472 0.00000000000000
10.02404809619228 -0.34839670249770 0.00000000000000 -0.03522095997605 0.00000000000000
10.04008016032053 -0.33449078737099 0.00000000000000 -0.03495723008071 0.00000000000000
10.05611222444879 -0.32106121671230 0.00000000000000 -0.03463723507752 0.00000000000000
10.07214428857704 -0.30809632942119 0.00000000000000 -0.03426614541234 0.00000000000000
10.08817635270530 -0.29558445929713 0.00000000000000 -0.03384885943875 0.00000000000000
10.10420841683355 -0.28351395823459 0.00000000000000 -0.03339001052505 0.00000000000000
10.12024048096181 -0.27187321774174 0.00000000000000 -0.03289397449368 0.00000000000000
10.13627254509007 -0.26065068884840 0.00000000000000 -0.03236487733325 0.00000000000000
10.15230460921832 -0.24983490046920 0.00000000000000 -0.03180660312808 0.00000000000000
10.16833667334658 -0.23941447628698 0.00000000000000 -0.03122280215394 0.00000000000000
10.18436873747483 -0.22937815022150 0.00000000000000 -0.03061689909336 0.00000000000000
10.20040080160309 -0.21971478054749 0.00000000000000 -0.02999210132695 0.00000000000000
10.21643286573134 -0.21041336272522 0.00000000000000 -0.02935140726171 0.00000000000000
10.23246492985960 -0.20146304100593 0.00000000000000 -0.02869761466013 0.00000000000000
10.24849699398785 -0.19285311887307 0.00000000000000 -0.02803332893788 0.00000000000000
10.26452905811611 -0.18457306837914 0.00000000000000 -0.02736097140052 0.00000000000000
10.28056112224437 -0.17661253843662 0.00000000000000 -0.02668278739320 0.00000000000000
10.29659318637262 -0.16896136211991 0.00000000000000 -0.02600085433974 0.00000000000000
10.31262525050088 -0.16160956303364 0.00000000000000 -0.02531708965047 0.00000000000000
10.32865731462913 -0.15454736080127 0.00000000000000 -0.02463325848059 0.00000000000000
10.34468937875739 -0.14776517572621 0.00000000000000 -0.02395098132317 0.00000000000000
10.36072144288564 -0.14125363267580 0.00000000000000 -0.02327174142315 0.00000000000000
10.37675350701390 -0.13500356423720 0.00000000000000 -0.02259689200073 0.00000000000000
10.39278557114216 -0.12900601319200 0.00000000000000 -0.02192766327448 0.00000000000000
10.40881763527041 -0.12325223435510 0.00000000000000 -0.02126516927611 0.00000000000000
10.42484969939867 -0.11773369582135 0.00000000000000 -0.02061041445071 0.00000000000000
10.44088176352692 -0.11244207966169 0.00000000000000 -0.01996430003752 0.00000000000000
10.45691382765518 -0.10736928210914 0.00000000000000 -0.01932763022775 0.00000000000000
10.47294589178343 -0.10250741327269 0.00000000000000 -0.01870111809732 0.00000000000000
10.48897795591169 -0.09784879641604 0.00000000000000 -0.01808539131329 0.00000000000000
10.50501002003995 -0.09338596683599 0.00000000000000 -0.01748099761397 0.00000000000000
10.52104208416820 -0.08911167037386 0.00000000000000 -0.01688841006360 0.00000000000000
10.53707414829646 -0.08501886159173 0.00000000000000 -0.01630803208321 0.00000000000000
10.55310621242471 -0.08110070164341 0.00000000000000 -0.01574020226006 0.00000000000000
10.56913827655297 -0.07735055586897 0.00000000000000 -0.01518519893888 0.00000000000000
10.58517034068122 -0.07376199113962 0.00000000000000 -0.01464324459837 0.00000000000000
10.60120240480948 -0.07032877297869 0.00000000000000 -0.01411451001723 0.00000000000000
10.61723446893773 -0.06704486248279 0.00000000000000 -0.01359911823428 0.00000000000000
10.63326653306599 -0.06390441306593 0.00000000000000 -0.01309714830766 0.00000000000000
10.64929859719425 -0.06090176704793 0.00000000000000 -0.01260863887830 0.00000000000000
10.66533066132250 -0.05803145210742 0.00000000000000 -0.01213359154329 0.00000000000000
10.68136272545076 -0.05528817761811 0.00000000000000 -0.01167197404487 0.00000000000000
10.69739478957901 -0.05266683088620 0.00000000000000 -0.01122372328090 0.00000000000000
10.71342685370727 -0.05016247330520 0.00000000000000 -0.01078874814285 0.00000000000000
10.72945891783552 -0.04777033644388 0.00000000000000 -0.01036693218754 0.00000000000000
10.74549098196378 -0.04548581808134 0.00000000000000 -0.00995813614863 0.00000000000000
10.76152304609204 -0.04330447820290 0.00000000000000 -0.00956220029415 0.00000000000000
10.77755511022029 -0.04122203496885 0.00000000000000 -0.00917894663621 0.00000000000000
10.79358717434855 -0.03923436066766 0.00000000000000 -0.00880818099911 0.00000000000000
10.80961923847680 -0.03733747766420 0.00000000000000 -0.00844969495178 0.00000000000000
10.82565130260506 -0.03552755435257 0.00000000000000 -0.00810326761072 0.00000000000000
10.84168336673331 -0.03380090112258 0.00000000000000 -0.00776866731933 0.00000000000000
10.85771543086157 -0.03215396634792 0.00000000000000 -0.00744565320933 0.00000000000000
10.87374749498982 -0.03058333240348 0.00000000000000 -0.00713397665017 0.00000000000000
10.88977955911808 -0.02908571171870 0.00000000000000 -0.00683338259171 0.00000000000000
10.90581162324634 -0.02765794287283 0.00000000000000 -0.00654361080592 0.00000000000000
10.92184368737459 -0.02629698673780 0.00000000000000 -0.00626439703257 0.00000000000000
10.93787575150285 -0.02499992267361 0.00000000000000 -0.00599547403422 0.00000000000000
10.95390781563110 -0.02376394478052 0.00000000000000 -0.00573657256533 0.00000000000000
10.96993987975936 -0.02258635821207 0.00000000000000 -0.00548742226045 0.00000000000000
10.98597194388761 -0.02146457555240 0.00000000000000 -0.00524775244588 0.00000000000000
11.00200400801587 -0.02039611326059 0.00000000000000 -0.00501729287945 0.00000000000000
11.01803607214413 -0.01937858818497 0.00000000000000 -0.00479577442259 0.00000000000000
11.03406813627238 -0.01840971414926 0.00000000000000 -0.00458292964888 0.00000000000000
11.05010020040064 -0.01748729861258 0.00000000000000 -0.00437849339293 0.00000000000000
11.06613226452889 -0.01660923940470 0.00000000000000 -0.00418220324346 0.00000000000000
11.08216432865715 -0.01577352153782 0.00000000000000 -0.00399379998411 0.00000000000000
11.09819639278540 -0.01497821409569 0.00000000000000 -0.00381302798552 0.00000000000000
11.11422845691366 -0.01422146720076 0.00000000000000 -0.00363963555183 0.00000000000000
11.13026052104192 -0.01350150905977 0.00000000000000 -0.00347337522487 0.00000000000000
11.14629258517017 -0.01281664308786 0.00000000000000 -0.00331400404898 0.00000000000000
11.16232464929843 -0.01216524511126 0.00000000000000 -0.00316128379919 0.00000000000000
11.17835671342668 -0.01154576064830 0.00000000000000 -0.00301498117555 0.00000000000000
11.19438877755494 -0.01095670226832 0.00000000000000 -0.00287486796615 0.00000000000000
11.21042084168319 -0.01039664702796 0.00000000000000 -0.00274072118118 0.00000000000000
11.22645290581145 -0.00986423398410 0.00000000000000 -0.00261232316028 0.00000000000000
11.24248496993970 -0.00935816178271 0.00000000000000 -0.00248946165545 0.00000000000000
11.25851703406796 -0.00887718632256 0.00000000000000 -0.00237192989140 0.00000000000000
11.27454909819622 -0.00842011849285 0.00000000000000 -0.00225952660536 0.00000000000000
11.29058116232447 -0.00798582198358 0.00000000000000 -0.00215205606800 0.00000000000000
11.30661322645273 -0.00757321116749 0.00000000000000 -0.00204932808733 0.00000000000000
11.32264529058098 -0.00718124905226 0.00000000000000 -0.00195115799697 0.00000000000000
11.33867735470924 -0.00680894530163 0.00000000000000 -0.00185736663045 0.00000000000000
11.35470941883749 -0.00645535432415 0.00000000000000 -0.00176778028271 0.00000000000000
11.37074148296575 -0.00611957342795 0.00000000000000 -0.00168223066030 0.00000000000000
11.38677354709401 -0.00580074104023 0.00000000000000 -0.00160055482137 0.00000000000000
11.40280561122226 -0.00549803498989 0.00000000000000 -0.00152259510658 0.00000000000000
11.41883767535052 -0.00521067085180 0.00000000000000 -0.00144819906204 0.00000000000000
11.43486973947877 -0.00493790035115 0.00000000000000 -0.00137721935516 0.00000000000000
11.45090180360703 -0.00467900982639 0.00000000000000 -0.00130951368437 0.00000000000000
11.46693386773528 -0.00443331874913 0.00000000000000 -0.00124494468356 0.00000000000000
11.48296593186354 -0.00420017829952 0.00000000000000 -0.00118337982197 0.00000000000000
11.49899799599179 -0.00397896999549 0.00000000000000 -0.00112469130027 0.00000000000000
11.51503006012005 -0.00376910437433 0.00000000000000 -0.00106875594341 0.00000000000000
11.53106212424831 -0.00357001972510 0.00000000000000 -0.00101545509104 0.00000000000000
11.54709418837656 -0.00338118087031 0.00000000000000 -0.00096467448581 0.00000000000000
11.56312625250482 -0.00320207799529 0.00000000000000 -0.00091630416021 0.00000000000000
11.57915831663307 -0.00303222552396 0.00000000000000 -0.00087023832239 0.00000000000000
11.59519038076133 -0.00287116103929 0.00000000000000 -0.00082637524136 0.00000000000000
11.61122244488958 -0.00271844424716 0.00000000000000 -0.00078461713197 0.00000000000000
11.62725450901784 -0.00257365598211 0.00000000000000 -0.00074487003999 0.00000000000000
11.64328657314610 -0.00243639725361 0.00000000000000 -0.00070704372767 0.00000000000000
11.65931863727435 -0.00230628833152 0.00000000000000 -0.00067105155995 0.00000000000000
11.67535070140261 -0.00218296786926 0.00000000000000 -0.00063681039174 0.00000000000000
11.69138276553086 -0.00206609206349 0.00000000000000 -0.00060424045633 0.00000000000000
11.70741482965912 -0.00195533384902 0.00000000000000 -0.00057326525524 0.00000000000000
11.72344689378737 -0.00185038212754 0.00000000000000 -0.00054381144958 0.00000000000000
11.73947895791563 -0.00175094102915 0.00000000000000 -0.00051580875330 0.00000000000000
11.75551102204389 -0.00165672920530 0.00000000000000 -0.00048918982813 0.00000000000000
11.77154308617214 -0.00156747915209 0.00000000000000 -0.00046389018065 0.00000000000000
11.78757515030040 -0.00148293656279 0.00000000000000 -0.00043984806138 0.00000000000000
11.80360721442865 -0.00140285970839 0.00000000000000 -0.00041700436608 0.00000000000000
11.81963927855691 -0.00132701884517 0.00000000000000 -0.00039530253926 0.00000000000000
11.83567134268516 -0.00125519564830 0.00000000000000 -0.00037468848005 0.00000000000000
11.85170340681342 -0.00118718267032 0.00000000000000 -0.00035511045033 0.00000000000000
11.86773547094167 -0.00112278282367 0.00000000000000 -0.00033651898534 0.00000000000000
11.88376753506993 -0.00106180888614 0.00000000000000 -0.00031886680660 0.00000000000000
11.89979959919819 -0.00100408302860 0.00000000000000 -0.00030210873730 0.00000000000000
11.91583166332644 -0.00094943636375 0.00000000000000 -0.00028620162012 0.00000000000000
11.93186372745470 -0.00089770851537 0.00000000000000 -0.00027110423740 0.00000000000000
11.94789579158295 -0.00084874720707 0.00000000000000 -0.00025677723382 0.00000000000000
11.96392785571121 -0.00080240786968 0.00000000000000 -0.00024318304136 0.00000000000000
11.97995991983946 -0.00075855326670 0.00000000000000 -0.00023028580673 0.00000000000000
11.99599198396772 -0.00071705313683 0.00000000000000 -0.00021805132110 0.00000000000000
12.01202404809598 -0.00067778385311 0.00000000000000 -0.00020644695213 0.00000000000000
12.02805611222423 -0.00064062809767 0.00000000000000 -0.00019544157834 0.00000000000000
12.04408817635249 -0.00060547455173 0.00000000000000 -0.00018500552569 0.00000000000000
12.06012024048074 -0.00057221759998 0.00000000000000 -0.00017511050631 0.00000000000000
12.07615230460900 -0.00054075704880 0.00000000000000 -0.00016572955954 0.00000000000000
12.09218436873725 -0.00051099785774 0.00000000000000 -0.00015683699493 0.00000000000000
12.10821643286551 -0.00048284988366 0.00000000000000 -0.00014840833739 0.00000000000000
12.12424849699376 -0.00045622763693 0.00000000000000 -0.00014042027435 0.00000000000000
12.14028056112202 -0.00043105004926 0.00000000000000 -0.00013285060493 0.00000000000000
12.15631262525028 -0.00040724025254 0.00000000000000 -0.00012567819095 0.00000000000000
12.17234468937853 -0.00038472536827 0.00000000000000 -0.00011888290987 0.00000000000000
12.18837675350679 -0.00036343630709 0.00000000000000 -0.00011244560957 0.00000000000000
12.20440881763504 -0.00034330757797 0.00000000000000 -0.00010634806484 0.00000000000000
12.22044088176330 -0.00032427710650 0.00000000000000 -0.00010057293562 0.00000000000000
12.23647294589155 -0.00030628606214 0.00000000000000 -0.00009510372696 0.00000000000000
12.25250501001981 -0.00028927869368 0.00000000000000 -0.00008992475046 0.00000000000000
12.26853707414807 -0.00027320217288 0.00000000000000 -0.00008502108743 0.00000000000000
12.28456913827632 -0.00025800644557 0.00000000000000 -0.00008037855344 0.00000000000000
12.30060120240458 -0.00024364409018 0.00000000000000 -0.00007598366445 0.00000000000000
12.31663326653283 -0.00023007018314 0.00000000000000 -0.00007182360421 0.00000000000000
12.33266533066109 -0.00021724217093 0.00000000000000 -0.00006788619319 0.00000000000000
12.34869739478934 -0.00020511974842 0.00000000000000 -0.00006415985873 0.00000000000000
12.36472945891760 -0.00019366474326 0.00000000000000 -0.00006063360644 0.00000000000000
12.38076152304586 -0.00018284100601 0.00000000000000 -0.00005729699293 0.00000000000000
12.39679358717411 -0.00017261430570 0.00000000000000 -0.00005414009966 0.00000000000000
12.41282565130237 -0.00016295223061 0.00000000000000 -0.00005115350790 0.00000000000000
12.42885771543062 -0.00015382409404 0.00000000000000 -0.00004832827485 0.00000000000000
12.44488977955888 -0.00014520084474 0.00000000000000 -0.00004565591080 0.00000000000000
12.46092184368713 -0.00013705498192 0.00000000000000 -0.00004312835726 0.00000000000000
12.47695390781539 -0.00012936047445 0.00000000000000 -0.00004073796612 0.00000000000000
12.49298597194364 -0.00012209268421 0.00000000000000 -0.00003847747974 0.00000000000000
12.50901803607190 -0.00011522829328 0.00000000000000 -0.00003634001190 0.00000000000000
12.52505010020016 -0.00010874523481 0.00000000000000 -0.00003431902966 0.00000000000000
12.54108216432841 -0.00010262262742 0.00000000000000 -0.00003240833602 0.00000000000000
12.55711422845667 -0.00009684071297 0.00000000000000 -0.00003060205340 0.00000000000000
12.57314629258492 -0.00009138079740 0.00000000000000 -0.00002889460785 0.00000000000000
12.58917835671318 -0.00008622519475 0.00000000000000 -0.00002728071403 0.00000000000000
12.60521042084143 -0.00008135717387 0.00000000000000 -0.00002575536086 0.00000000000000
12.62124248496969 -0.00007676090804 0.00000000000000 -0.00002431379787 0.00000000000000
12.63727454909795 -0.00007242142702 0.00000000000000 -0.00002295152212 0.00000000000000
12.65330661322620 -0.00006832457169 0.00000000000000 -0.00002166426587 0.00000000000000
12.66933867735446 -0.00006445695098 0.00000000000000 -0.00002044798470 0.00000000000000
12.68537074148271 -0.00006080590102 0.00000000000000 -0.00001929884626 0.00000000000000
12.70140280561097 -0.00005735944642 0.00000000000000 -0.00001821321956 0.00000000000000
12.71743486973922 -0.00005410626360 0.00000000000000 -0.00001718766476 0.00000000000000
12.73346693386748 -0.00005103564590 0.00000000000000 -0.00001621892346 0.00000000000000
12.74949899799573 -0.00004813747069 0.00000000000000 -0.00001530390943 0.00000000000000
12.76553106212399 -0.00004540216802 0.00000000000000 -0.00001443969984 0.00000000000000
12.78156312625225 -0.00004282069105 0.00000000000000 -0.00001362352689 0.00000000000000
12.79759519038050 -0.00004038448791 0.00000000000000 -0.00001285276982 0.00000000000000
12.81362725450876 -0.00003808547512 0.00000000000000 -0.00001212494739 0.00000000000000
12.82965931863701 -0.00003591601240 0.00000000000000 -0.00001143771064 0.00000000000000
12.84569138276527 -0.00003386887872 0.00000000000000 -0.00001078883607 0.00000000000000
12.86172344689352 -0.00003193724972 0.00000000000000 -0.00001017621912 0.00000000000000
12.87775551102178 -0.00003011467626 0.00000000000000 -0.00000959786803 0.00000000000000
12.89378757515004 -0.00002839506413 0.00000000000000 -0.00000905189791 0.00000000000000
12.90981963927829 -0.00002677265480 0.00000000000000 -0.00000853652520 0.00000000000000
12.92585170340655 -0.00002524200723 0.00000000000000 -0.00000805006238 0.00000000000000
12.94188376753480 -0.00002379798062 0.00000000000000 -0.00000759091291 0.00000000000000
12.95791583166306 -0.00002243571809 0.00000000000000 -0.00000715756644 0.00000000000000
12.97394789579131 -0.00002115063122 0.00000000000000 -0.00000674859432 0.00000000000000
12.98997995991957 -0.00001993838540 0.00000000000000 -0.00000636264526 0.00000000000000
13.00601202404783 -0.00001879488601 0.00000000000000 -0.00000599844125 0.00000000000000
13.02204408817608 -0.00001771626529 0.00000000000000 -0.00000565477366 0.00000000000000
13.03807615230434 -0.00001669886992 0.00000000000000 -0.00000533049960 0.00000000000000
13.05410821643259 -0.00001573924928 0.00000000000000 -0.00000502453836 0.00000000000000
13.07014028056085 -0.00001483414435 0.00000000000000 -0.00000473586818 0.00000000000000
13.08617234468910 -0.00001398047717 0.00000000000000 -0.00000446352303 0.00000000000000
13.10220440881736 -0.00001317534088 0.00000000000000 -0.00000420658966 0.00000000000000
13.11823647294561 -0.00001241599033 0.00000000000000 -0.00000396420477 0.00000000000000
13.13426853707387 -0.00001169983313 0.00000000000000 -0.00000373555234 0.00000000000000
13.15030060120213 -0.00001102442125 0.00000000000000 -0.00000351986105 0.00000000000000
13.16633266533038 -0.00001038744302 0.00000000000000 -0.00000331640190 0.00000000000000
13.18236472945864 -0.00000978671560 0.00000000000000 -0.00000312448592 0.00000000000000
13.19839679358689 -0.00000922017782 0.00000000000000 -0.00000294346198 0.00000000000000
13.21442885771515 -0.00000868588347 0.00000000000000 -0.00000277271477 0.00000000000000
13.23046092184340 -0.00000818199484 0.00000000000000 -0.00000261166283 0.00000000000000
13.24649298597166 -0.00000770677674 0.00000000000000 -0.00000245975671 0.00000000000000
13.26252505009992 -0.00000725859078 0.00000000000000 -0.00000231647722 0.00000000000000
13.27855711422817 -0.00000683588993 0.00000000000000 -0.00000218133378 0.00000000000000
13.29458917835643 -0.00000643721341 0.00000000000000 -0.00000205386285 0.00000000000000
13.31062124248468 -0.00000606118190 0.00000000000000 -0.00000193362644 0.00000000000000
13.32665330661294 -0.00000570649291 0.00000000000000 -0.00000182021067 0.00000000000000
13.34268537074119 -0.00000537191649 0.00000000000000 -0.00000171322452 0.00000000000000
13.35871743486945 -0.00000505629113 0.00000000000000 -0.00000161229846 0.00000000000000
13.37474949899770 -0.00000475851987 0.00000000000000 -0.00000151708333 0.00000000000000
13.39078156312596 -0.00000447756666 0.00000000000000 -0.00000142724916 0.00000000000000
13.40681362725422 -0.00000421245288 0.00000000000000 -0.00000134248413 0.00000000000000
13.42284569138247 -0.00000396225408 0.00000000000000 -0.00000126249351 0.00000000000000
13.43887775551073 -0.00000372609686 0.00000000000000 -0.00000118699874 0.00000000000000
13.45490981963898 -0.00000350315596 0.00000000000000 -0.00000111573647 0.00000000000000
13.47094188376724 -0.00000329265144 0.00000000000000 -0.00000104845772 0.00000000000000
13.48697394789549 -0.00000309384611 0.00000000000000 -0.00000098492706 0.00000000000000
13.50300601202375 -0.00000290604298 0.00000000000000 -0.00000092492180 0.00000000000000
13.51903807615201 -0.00000272858296 0.00000000000000 -0.00000086823131 0.00000000000000
13.53507014028026 -0.00000256084257 0.00000000000000 -0.00000081465625 0.00000000000000
13.55110220440852 -0.00000240223187 0.00000000000000 -0.00000076400796 0.00000000000000
13.56713426853677 -0.00000225219244 0.00000000000000 -0.00000071610779 0.00000000000000
13.58316633266503 -0.00000211019548 0.00000000000000 -0.00000067078652 0.00000000000000
13.59919839679328 -0.00000197574000 0.00000000000000 -0.00000062788382 0.00000000000000
13.61523046092154 -0.00000184835112 0.00000000000000 -0.00000058724763 0.00000000000000
13.63126252504980 -0.00000172757845 0.00000000000000 -0.00000054873374 0.00000000000000
13.64729458917805 -0.00000161299450 0.00000000000000 -0.00000051220524 0.00000000000000
13.66332665330631 -0.00000150419331 0.00000000000000 -0.00000047753206 0.00000000000000
13.67935871743456 -0.00000140078893 0.00000000000000 -0.00000044459057 0.00000000000000
13.69539078156282 -0.00000130241421 0.00000000000000 -0.00000041326310 0.00000000000000
13.71142284569107 -0.00000120871943 0.00000000000000 -0.00000038343759 0.00000000000000
13.72745490981933 -0.00000111937117 0.00000000000000 -0.00000035500714 0.00000000000000
13.74348697394758 -0.00000103405111 0.00000000000000 -0.00000032786974 0.00000000000000
13.75951903807584 -0.00000095245494 0.00000000000000 -0.00000030192781 0.00000000000000
13.77555110220410 -0.00000087429129 0.00000000000000 -0.00000027708793 0.00000000000000
13.79158316633235 -0.00000079928075 0.00000000000000 -0.00000025326050 0.00000000000000
13.80761523046061 -0.00000072715482 0.00000000000000 -0.00000023035942 0.00000000000000
13.82364729458886 -0.00000065765506 0.00000000000000 -0.00000020830179 0.00000000000000
13.83967935871712 -0.00000059053213 0.00000000000000 -0.00000018700764 0.00000000000000
13.85571142284537 -0.00000052554490 0.00000000000000 -0.00000016639960 0.00000000000000
13.87174348697363 -0.00000046245964 0.00000000000000 -0.00000014640268 0.00000000000000
13.88777555110189 -0.00000040104918 0.00000000000000 -0.00000012694397 0.00000000000000
13.90380761523014 -0.00000034109210 0.00000000000000 -0.00000010795239 0.00000000000000
13.91983967935840 -0.00000028237193 0.00000000000000 -0.00000008935845 0.00000000000000
13.93587174348665 -0.00000022467641 0.00000000000000 -0.00000007109397 0.00000000000000
13.95190380761491 -0.00000016779670 0.00000000000000 -0.00000005309187 0.00000000000000
13.96793587174316 -0.00000011152665 0.00000000000000 -0.00000003528588 0.00000000000000
13.98396793587142 -0.00000005566208 0.00000000000000 -0.00000001761036 0.00000000000000
13.99999999999967 0.00000000000000 0.00000000000000 0.00000000000000 0.00000000000000
