6.00000000000000 0.00000000000000 0.00000000000000 0.00000000000000 0.00000000000000
6.01603206412826 0.02505053288269 0.00000000000000 -0.01580269972998 0.00000000000000
6.03206412825651 0.05057662772555 0.00000000000000 -0.03190517811279 0.00000000000000
6.04809619238477 0.07700343566448 0.00000000000000 -0.04857542566801 0.00000000000000
6.06412825651303 0.10470902683794 0.00000000000000 -0.06605172409209 0.00000000000000
6.08016032064128 0.13403063113582 0.00000000000000 -0.08454656805769 0.00000000000000
6.09619238476954 0.16526865921586 0.00000000000000 -0.10424919230555 0.00000000000000
6.11222444889780 0.19868894407393 0.00000000000000 -0.12532697916426 0.00000000000000
6.12825651302605 0.23452355917251 0.00000000000000 -0.14792596999870 0.00000000000000
6.14428857715431 0.27297050775461 0.00000000000000 -0.17217066605135 0.00000000000000
6.16032064128257 0.31419253345109 0.00000000000000 -0.19816327636836 0.00000000000000
6.17635270541082 0.35831527008983 0.00000000000000 -0.22598255033545 0.00000000000000
6.19238476953908 0.40542492527225 0.00000000000000 -0.25568231769037 0.00000000000000
6.20841683366733 0.45556567512646 0.00000000000000 -0.28728984808223 0.00000000000000
6.22444889779559 0.50873693459703 0.00000000000000 -0.32080413401774 0.00000000000000
6.24048096192385 0.56489065706436 0.00000000000000 -0.35619419435421 0.00000000000000
6.25651302605210 0.62392880773575 0.00000000000000 -0.39339748957244 0.00000000000000
6.27254509018036 0.68570114613532 0.00000000000000 -0.43231853427484 0.00000000000000
6.28857715430862 0.75000344340205 0.00000000000000 -0.47282778623947 0.00000000000000
6.30460921843687 0.81657624944707 0.00000000000000 -0.51476088458354 0.00000000000000
6.32064128256513 0.88510431296301 0.00000000000000 -0.55791830192357 0.00000000000000
6.33667334669339 0.95521671115552 0.00000000000000 -0.60206544628065 0.00000000000000
6.35270541082164 1.02648728926976 0.00000000000000 -0.64693296051168 0.00000000000000
6.36873747494990 1.09843425330542 0.00000000000000 -0.69221649021629 0.00000000000000
6.38476953907816 1.17052184027591 0.00000000000000 -0.73757776316993 0.00000000000000
6.40080160320641 1.24216349872561 0.00000000000000 -0.78264662213120 0.00000000000000
6.41683366733467 1.31272611429585 0.00000000000000 -0.82702371724557 0.00000000000000
6.43286573146293 1.38153524368258 0.00000000000000 -0.87028383433841 0.00000000000000
6.44889779559118 1.44788133875973 0.00000000000000 -0.91197984693851 0.00000000000000
6.46492985971944 1.51102692046569 0.00000000000000 -0.95164726583405 0.00000000000000
6.48096192384770 1.57021463986871 0.00000000000000 -0.98880934593417 0.00000000000000
6.49699398797595 1.62467614213394 0.00000000000000 -1.02298269650365 0.00000000000000
6.51302605210421 1.67364162841203 0.00000000000000 -1.05368332777571 0.00000000000000
6.52905811623247 1.71634999145795 0.00000000000000 -1.08043305484499 0.00000000000000
6.54509018036072 1.75205938354848 0.00000000000000 -1.10276616890401 0.00000000000000
6.56112224448898 1.78005806044386 0.00000000000000 -1.12023627659315 0.00000000000000
6.57715430861724 1.79967533313277 0.00000000000000 -1.13242320073891 0.00000000000000
6.59318637274549 1.81029245024763 0.00000000000000 -1.13893983026930 0.00000000000000
6.60921843687375 1.81135322860907 0.00000000000000 -1.13943880378919 0.00000000000000
6.62525050100200 1.80237424754326 0.00000000000000 -1.13361891028769 0.00000000000000
6.64128256513026 1.78295442452014 0.00000000000000 -1.12123109180115 0.00000000000000
6.65731462925852 1.75278379530196 0.00000000000000 -1.10208393657547 0.00000000000000
6.67334669338677 1.71165133109880 0.00000000000000 -1.07604855731356 0.00000000000000
6.68937875751503 1.65945163804417 0.00000000000000 -1.04306275735414 0.00000000000000
6.70541082164329 1.59619040038667 0.00000000000000 -1.00313439795086 0.00000000000000
6.72144288577154 1.52198844782760 0.00000000000000 -0.95634389200218 0.00000000000000
6.73747494989980 1.43708434903149 0.00000000000000 -0.90284576337422 0.00000000000000
6.75350701402806 1.34183545705474 0.00000000000000 -0.84286922607843 0.00000000000000
6.76953907815631 1.23671735778526 0.00000000000000 -0.77671775369863 0.00000000000000
6.78557114228457 1.12232169893933 0.00000000000000 -0.70476762627523 0.00000000000000
6.80160320641283 0.99935240417587 0.00000000000000 -0.62746545900033 0.00000000000000
6.81763527054108 0.86862030390977 0.00000000000000 -0.54532473420529 0.00000000000000
6.83366733466934 0.73103624089283 0.00000000000000 -0.45892137488650 0.00000000000000
6.84969939879760 0.58760273404337 0.00000000000000 -0.36888841408059 0.00000000000000
6.86573146292585 0.43940430787240 0.00000000000000 -0.27590982945512 0.00000000000000
6.88176352705411 0.28759661669050 0.00000000000000 -0.18071362623720 0.00000000000000
6.89779559118237 0.13339451220752 0.00000000000000 -0.08406426380869 0.00000000000000
6.91382765531062 -0.02194078034075 0.00000000000000 0.01324546840747 0.00000000000000
6.92985971943888 -0.17711520460537 0.00000000000000 0.11040301732567 0.00000000000000
6.94589178356714 -0.33081598831547 0.00000000000000 0.20658499620850 0.00000000000000
6.96192384769539 -0.48172611403255 0.00000000000000 0.30096633536109 0.00000000000000
6.97795591182365 -0.62853890715584 0.00000000000000 0.39272949254469 0.00000000000000
6.99398797595190 -0.76997253353180 0.00000000000000 0.48107358866522 0.00000000000000
7.01002004008016 -0.90478420691392 0.00000000000000 0.56522334114324 0.00000000000000
7.02605210420842 -1.03178391382888 0.00000000000000 0.64443768201793 0.00000000000000
7.04208416833667 -1.14984747338068 0.00000000000000 0.71801794432902 0.00000000000000
7.05811623246493 -1.25792876233082 0.00000000000000 0.78531551043782 0.00000000000000
7.07414829659319 -1.35507095107956 0.00000000000000 0.84573882613649 0.00000000000000
7.09018036072144 -1.44041661357207 0.00000000000000 0.89875969564802 0.00000000000000
7.10621242484970 -1.51321659328373 0.00000000000000 0.94391878496423 0.00000000000000
7.12224448897796 -1.57283752790462 0.00000000000000 0.98083027414732 0.00000000000000
7.13827655310621 -1.61876795673948 0.00000000000000 1.00918561297014 0.00000000000000
7.15430861723447 -1.65062295676043 0.00000000000000 1.02875634832993 0.00000000000000
7.17034068136273 -1.66814727530040 0.00000000000000 1.03939600598579 0.00000000000000
7.18637274549098 -1.67121694917552 0.00000000000000 1.04104102309535 0.00000000000000
7.20240480961924 -1.65983942121703 0.00000000000000 1.03371074153344 0.00000000000000
7.21843687374750 -1.63415218545193 0.00000000000000 1.01750648485170 0.00000000000000
7.23446893787575 -1.59442001120104 0.00000000000000 0.99260975379580 0.00000000000000
7.25050100200401 -1.54103081390841 0.00000000000000 0.95927958636912 0.00000000000000
7.26653306613227 -1.47449025636132 0.00000000000000 0.91784913838028 0.00000000000000
7.28256513026052 -1.39541517793210 0.00000000000000 0.86872154912400 0.00000000000000
7.29859719438878 -1.30452596144059 0.00000000000000 0.81236516423500 0.00000000000000
7.31462925851704 -1.20263795711223 0.00000000000000 0.74930819376707 0.00000000000000
7.33066132264529 -1.09065209084408 0.00000000000000 0.68013288815188 0.00000000000000
7.34669338677355 -0.96954478958351 0.00000000000000 0.60546931788093 0.00000000000000
7.36272545090180 -0.84035736010117 0.00000000000000 0.52598884454852 0.00000000000000
7.37875751503006 -0.70418495886611 0.00000000000000 0.44239737133474 0.00000000000000
7.39478957915832 -0.56216529020080 0.00000000000000 0.35542846015867 0.00000000000000
7.41082164328657 -0.41546716752741 0.00000000000000 0.26583640067124 0.00000000000000
7.42685370741483 -0.26527906845903 0.00000000000000 0.17438931308136 0.00000000000000
7.44288577154309 -0.11279780889989 0.00000000000000 0.08186236262391 0.00000000000000
7.45891783567134 0.04078254562606 0.00000000000000 -0.01096884159700 0.00000000000000
7.47494989979960 0.19428142131484 0.00000000000000 -0.10333459649753 0.00000000000000
7.49098196392786 0.34654202908358 0.00000000000000 -0.19447714322196 0.00000000000000
7.50701402805611 0.49644111811064 0.00000000000000 -0.28365634023643 0.00000000000000
7.52304609218437 0.64289810927489 0.00000000000000 -0.37015492523052 0.00000000000000
7.53907815631263 0.78488353874784 0.00000000000000 -0.45328332734596 0.00000000000000
7.55511022044088 0.92142675312050 0.00000000000000 -0.53238399896629 0.00000000000000
7.57114228456914 1.05162280863951 0.00000000000000 -0.60683524401367 0.00000000000000
7.58717434869740 1.17463853823034 0.00000000000000 -0.67605452729653 0.00000000000000
7.60320641282565 1.28971776085457 0.00000000000000 -0.73950125683123 0.00000000000000
7.61923847695391 1.39618561825777 0.00000000000000 -0.79667903812796 0.00000000000000
7.63527054108217 1.49345203420112 0.00000000000000 -0.84713740610262 0.00000000000000
7.65130260521042 1.58101430073822 0.00000000000000 -0.89047304647993 0.00000000000000
7.66733466933868 1.65845880491869 0.00000000000000 -0.92633052422717 0.00000000000000
7.68336673346694 1.72546191740873 0.00000000000000 -0.95440254165470 0.00000000000000
7.69939879759519 1.78179007186685 0.00000000000000 -0.97442975329917 0.00000000000000
7.71543086172345 1.82729907046834 0.00000000000000 -0.98620016854403 0.00000000000000
7.73146292585171 1.86193265671325 0.00000000000000 -0.98954817611231 0.00000000000000
7.74749498997996 1.88572040157554 0.00000000000000 -0.98435322708572 0.00000000000000
7.76352705410822 1.89877495315814 0.00000000000000 -0.97053821496624 0.00000000000000
7.77955911823647 1.90128870332721 0.00000000000000 -0.94806759251640 0.00000000000000
7.79559118236473 1.89352992733271 0.00000000000000 -0.91694526571556 0.00000000000000
7.81162324649299 1.87583845421377 0.00000000000000 -0.87721230518182 0.00000000000000
7.82765531062124 1.84862092687592 0.00000000000000 -0.82894451487057 0.00000000000000
7.84368737474950 1.81234571115632 0.00000000000000 -0.77224989681308 0.00000000000000
7.85971943887776 1.76753751301163 0.00000000000000 -0.70726604915024 0.00000000000000
7.87575150300601 1.71477176222216 0.00000000000000 -0.63415753279825 0.00000000000000
7.89178356713427 1.65466881975767 0.00000000000000 -0.55311323980894 0.00000000000000
7.90781563126253 1.58788806425033 0.00000000000000 -0.46434379391267 0.00000000000000
7.92384769539078 1.51512191092043 0.00000000000000 -0.36807901091349 0.00000000000000
7.93987975951904 1.43708981385638 0.00000000000000 -0.26456544359992 0.00000000000000
7.95591182364730 1.35453229981222 0.00000000000000 -0.15406403269678 0.00000000000000
7.97194388777555 1.26820507870469 0.00000000000000 -0.03684788216692 0.00000000000000
7.98797595190381 1.17887327281525 0.00000000000000 0.08679982607161 0.00000000000000
8.00400801603207 1.08730580337569 0.00000000000000 0.21658776616878 0.00000000000000
8.02004008016032 0.99426996978128 0.00000000000000 0.35221824241698 0.00000000000000
8.03607214428858 0.90052625317246 0.00000000000000 0.49338879773423 0.00000000000000
8.05210420841683 0.80682337259064 0.00000000000000 0.63979365381593 0.00000000000000
8.06813627254509 0.71389361837943 0.00000000000000 0.79112498294031 0.00000000000000
8.08416833667334 0.62244848399829 0.00000000000000 0.94707401393315 0.00000000000000
8.10020040080160 0.53317461396948 0.00000000000000 1.10733197709086 0.00000000000000
8.11623246492985 0.44673008231359 0.00000000000000 1.27159089490964 0.00000000000000
8.13226452905811 0.36374101256576 0.00000000000000 1.43954422725850 0.00000000000000
8.14829659318637 0.28479854732153 0.00000000000000 1.61088738115813 0.00000000000000
8.16432865731462 0.21045617225389 0.00000000000000 1.78531809658165 0.00000000000000
8.18036072144288 0.14122739668479 0.00000000000000 1.96253672067716 0.00000000000000
8.19639278557113 0.07758379009567 0.00000000000000 2.14224638353145 0.00000000000000
8.21242484969939 0.01995337143169 0.00000000000000 2.32415308905570 0.00000000000000
8.22845691382764 -0.03128065430017 0.00000000000000 2.50796573479033 0.00000000000000
8.24448897795590 -0.07578081981262 0.00000000000000 2.69339607441043 0.00000000000000
8.26052104208416 -0.11325598936238 0.00000000000000 2.88015863648290 0.00000000000000
8.27655310621241 -0.14346163408382 0.00000000000000 3.06797061259937 0.00000000000000
8.29258517034067 -0.16619980191527 0.00000000000000 3.25655172740687 0.00000000000000
8.30861723446892 -0.18131879663156 0.00000000000000 3.44562410230075 0.00000000000000
8.32464929859718 -0.18871258174234 0.00000000000000 3.63491212365546 0.00000000000000
8.34068136272543 -0.18831992608026 0.00000000000000 3.82414232547020 0.00000000000000
8.35671342685369 -0.18012330878900 0.00000000000000 4.01304329522111 0.00000000000000
8.37274549098194 -0.16414760213451 0.00000000000000 4.20134561056198 0.00000000000000
8.38877755511020 -0.14045855110772 0.00000000000000 4.38878181332325 0.00000000000000
8.40480961923846 -0.10916106917017 0.00000000000000 4.57508642604436 0.00000000000000
8.42084168336671 -0.07039736972240 0.00000000000000 4.75999601505883 0.00000000000000
8.43687374749497 -0.02434495295529 0.00000000000000 4.94324930295016 0.00000000000000
8.45290581162322 0.02878553231462 0.00000000000000 5.12458733202937 0.00000000000000
8.46893787575148 0.08875253241568 0.00000000000000 5.30375367936488 0.00000000000000
8.48496993987973 0.15528591910073 0.00000000000000 5.48049472283624 0.00000000000000
8.50100200400799 0.22808938766639 0.00000000000000 5.65455995669655 0.00000000000000
8.51703406813625 0.30684290477406 0.00000000000000 5.82570235422358 0.00000000000000
8.53306613226450 0.39120518846126 0.00000000000000 5.99367877422400 0.00000000000000
8.54909819639276 0.48081620354370 0.00000000000000 6.15825040743538 0.00000000000000
8.56513026052101 0.57529965639551 0.00000000000000 6.31918325824919 0.00000000000000
8.58116232464927 0.67426547394819 0.00000000000000 6.47624865665953 0.00000000000000
8.59719438877752 0.77731225265797 0.00000000000000 6.62922379492461 0.00000000000000
8.61322645290578 0.88402966414671 0.00000000000000 6.77789228311284 0.00000000000000
8.62925851703404 0.99400080521467 0.00000000000000 6.92204471748898 0.00000000000000
8.64529058116229 1.10680448094389 0.00000000000000 7.06147925557542 0.00000000000000
8.66132264529055 1.22201741065139 0.00000000000000 7.19600219169434 0.00000000000000
8.67735470941880 1.33921634750179 0.00000000000000 7.32542852685365 0.00000000000000
8.69338677354706 1.45798010364248 0.00000000000000 7.44958252697601 0.00000000000000
8.70941883767531 1.57789147377245 0.00000000000000 7.56829826367953 0.00000000000000
8.72545090180357 1.69853905109170 0.00000000000000 7.68142013209397 0.00000000000000
8.74148296593182 1.81951893059487 0.00000000000000 7.78880334052893 0.00000000000000
8.75751503006008 1.94043629566427 0.00000000000000 7.89031436719324 0.00000000000000
8.77354709418834 2.06090688487766 0.00000000000000 7.98583137958971 0.00000000000000
8.78957915831659 2.18055833687113 0.00000000000000 8.07524461266805 0.00000000000000
8.80561122244485 2.29903141198111 0.00000000000000 8.15845670230406 0.00000000000000
8.82164328657310 2.41598109022923 0.00000000000000 8.23538297117670 0.00000000000000
8.83767535070136 2.53107754600593 0.00000000000000 8.30595166463004 0.00000000000000
8.85370741482961 2.64400700054962 0.00000000000000 8.37010413462645 0.00000000000000
8.86973947895787 2.75447245400740 0.00000000000000 8.42779497041559 0.00000000000000
8.88577154308613 2.86219429949720 0.00000000000000 8.47899207505349 0.00000000000000
8.90180360721438 2.96691082217046 0.00000000000000 8.52367668740262 0.00000000000000
8.91783567134264 3.06837858679692 0.00000000000000 8.56184334972291 0.00000000000000
8.93386773547089 3.16637271785977 0.00000000000000 8.59349982141956 0.00000000000000
8.94989979959915 3.26068707655986 0.00000000000000 8.61866693994418 0.00000000000000
8.96593186372740 3.35113433948329 0.00000000000000 8.63737843024658 0.00000000000000
8.98196392785566 3.43754598398759 0.00000000000000 8.64968066454430 0.00000000000000
8.99799599198391 3.51977218561078 0.00000000000000 8.65563237451258 0.00000000000000
9.01402805611217 3.59768163300486 0.00000000000000 8.65530431829843 0.00000000000000
9.03006012024043 3.67116126604478 0.00000000000000 8.64877890502681 0.00000000000000
9.04609218436868 3.74011594286573 0.00000000000000 8.63614977969532 0.00000000000000
9.06212424849694 3.80446804164015 0.00000000000000 8.61752137154542 0.00000000000000
9.07815631262519 3.86415700292287 0.00000000000000 8.59300840915349 0.00000000000000
9.09418837675345 3.91913881837050 0.00000000000000 8.56273540560531 0.00000000000000
9.11022044088170 3.96938547158418 0.00000000000000 8.52683611720323 0.00000000000000
9.12625250500996 4.01488433673392 0.00000000000000 8.48545297920797 0.00000000000000
9.14228456913822 4.05563754050268 0.00000000000000 8.43873652213853 0.00000000000000
9.15831663326647 4.09166129274131 0.00000000000000 8.38684477214547 0.00000000000000
9.17434869739473 4.12298519105414 0.00000000000000 8.32994263893710 0.00000000000000
9.19038076152298 4.14965150434324 0.00000000000000 8.26820129467701 0.00000000000000
9.20641282565124 4.17171444012916 0.00000000000000 8.20179754718705 0.00000000000000
9.22244488977949 4.18923940024052 0.00000000000000 8.13091321068425 0.00000000000000
9.23847695390775 4.20230222922683 0.00000000000000 8.05573447715649 0.00000000000000
9.25450901803601 4.21098845960058 0.00000000000000 7.97645129134108 0.00000000000000
9.27054108216426 4.21539255775921 0.00000000000000 7.89325673211617 0.00000000000000
9.28657314629252 4.21561717417628 0.00000000000000 7.80634640294871 0.00000000000000
9.30260521042077 4.21177240118707 0.00000000000000 7.71591783386694 0.00000000000000
9.31863727454903 4.20397504142862 0.00000000000000 7.62216989724180 0.00000000000000
9.33466933867728 4.19234788972968 0.00000000000000 7.52530223947339 0.00000000000000
9.35070140280554 4.17701903098381 0.00000000000000 7.42551473048609 0.00000000000000
9.36673346693379 4.15812115628111 0.00000000000000 7.32300693274154 0.00000000000000
9.38276553106205 4.13579089932130 0.00000000000000 7.21797759128517 0.00000000000000
9.39879759519031 4.11016819488487 0.00000000000000 7.11062414614859 0.00000000000000
9.41482965931856 4.08139566090099 0.00000000000000 7.00114226824064 0.00000000000000
9.43086172344682 4.04961800542103 0.00000000000000 6.88972541967380 0.00000000000000
9.44689378757507 4.01498145958711 0.00000000000000 6.77656443929229 0.00000000000000
9.46292585170333 3.97763323747466 0.00000000000000 6.66184715399361 0.00000000000000
9.47895791583158 3.93772102348928 0.00000000000000 6.54575801626815 0.00000000000000
9.49498997995984 3.89539248781015 0.00000000000000 6.42847776822169 0.00000000000000
9.51102204408810 3.85079483019541 0.00000000000000 6.31018313219500 0.00000000000000
9.52705410821635 3.80407435230065 0.00000000000000 6.19104652795202 0.00000000000000
9.54308617234461 3.75537605850770 0.00000000000000 6.07123581627564 0.00000000000000
9.55911823647286 3.70484328512027 0.00000000000000 5.95091406868634 0.00000000000000
9.57515030060112 3.65261735765256 0.00000000000000 5.83023936288564 0.00000000000000
9.59118236472937 3.59883727581918 0.00000000000000 5.70936460342211 0.00000000000000
9.60721442885763 3.54363942572775 0.00000000000000 5.58843736698385 0.00000000000000
9.62324649298588 3.48715731867933 0.00000000000000 5.46759977163678 0.00000000000000
9.63927855711414 3.42952135589708 0.00000000000000 5.34698836925331 0.00000000000000
9.65531062124240 3.37085861842842 0.00000000000000 5.22673406031047 0.00000000000000
9.67134268537065 3.31129268140115 0.00000000000000 5.10696203018008 0.00000000000000
9.68737474949891 3.25094345175859 0.00000000000000 4.98779170598590 0.00000000000000
9.70340681362716 3.18992702855241 0.00000000000000 4.86933673306334 0.00000000000000
9.71943887775542 3.12835558483382 0.00000000000000 4.75170497002629 0.00000000000000
9.73547094188367 3.06633727015449 0.00000000000000 4.63499850142167 0.00000000000000
9.75150300601193 3.00397613266572 0.00000000000000 4.51931366693605 0.00000000000000
9.76753507014019 2.94137205978978 0.00000000000000 4.40474110610887 0.00000000000000
9.78356713426844 2.87862073642827 0.00000000000000 4.29136581750341 0.00000000000000
9.79959919839670 2.81581361967008 0.00000000000000 4.17926723128886 0.00000000000000
9.81563126252495 2.75303792896426 0.00000000000000 4.06851929419454 0.00000000000000
9.83166332665321 2.69037665073116 0.00000000000000 3.95919056581016 0.00000000000000
9.84769539078146 2.62790855639772 0.00000000000000 3.85134432522252 0.00000000000000
9.86372745490972 2.56570823285953 0.00000000000000 3.74503868700035 0.00000000000000
9.87975951903798 2.50384612439231 0.00000000000000 3.64032672556339 0.00000000000000
9.89579158316623 2.44238858505951 0.00000000000000 3.53725660699932 0.00000000000000
9.91182364729449 2.38139794068848 0.00000000000000 3.43587172742256 0.00000000000000
9.92785571142274 2.32093255951692 0.00000000000000 3.33621085700150 0.00000000000000
9.94388777555100 2.26104693064199 0.00000000000000 3.23830828881530 0.00000000000000
9.95991983967925 2.20179174943690 0.00000000000000 3.14219399173744 0.00000000000000
9.97595190380751 2.14321400913402 0.00000000000000 3.04789376658087 0.00000000000000
9.99198396793576 2.08535709780837 0.00000000000000 2.95542940477744 0.00000000000000
10.00801603206402 2.02826090003125 0.00000000000000 2.86481884890393 0.00000000000000
10.02404809619228 1.97196190250017 0.00000000000000 2.77607635440573 0.00000000000000
10.04008016032053 1.91649330298776 0.00000000000000 2.68921265190918 0.00000000000000
10.05611222444879 1.86188512198937 0.00000000000000 2.60423510955282 0.00000000000000
10.07214428857704 1.80816431648532 0.00000000000000 2.52114789480684 0.00000000000000
10.08817635270530 1.75535489527035 0.00000000000000 2.43995213528892 0.00000000000000
10.10420841683355 1.70347803533852 0.00000000000000 2.36064607812231 0.00000000000000
10.12024048096181 1.65255219884709 0.00000000000000 2.28322524741945 0.00000000000000
10.13627254509007 1.60259325021740 0.00000000000000 2.20768259951051 0.00000000000000
10.15230460921832 1.55361457296432 0.00000000000000 2.13400867557164 0.00000000000000
10.16833667334658 1.50562718587870 0.00000000000000 2.06219175134159 0.00000000000000
10.18436873747483 1.45863985821872 0.00000000000000 1.99221798364828 0.00000000000000
10.20040080160309 1.41265922359672 0.00000000000000 1.92407155349866 0.00000000000000
10.21643286573134 1.36768989227748 0.00000000000000 1.85773480551510 0.00000000000000
10.23246492985960 1.32373456163206 0.00000000000000 1.79318838353070 0.00000000000000
10.24849699398785 1.28079412451841 0.00000000000000 1.73041136218313 0.00000000000000
10.26452905811611 1.23886777538550 0.00000000000000 1.66938137437273 0.00000000000000
10.28056112224437 1.19795311392242 0.00000000000000 1.61007473447512 0.00000000000000
10.29659318637262 1.15804624609684 0.00000000000000 1.55246655722176 0.00000000000000
10.31262525050088 1.11914188244922 0.00000000000000 1.49653087218339 0.00000000000000
10.32865731462913 1.08123343352988 0.00000000000000 1.44224073381191 0.00000000000000
10.34468937875739 1.04431310238527 0.00000000000000 1.38956832701469 0.00000000000000
10.36072144288564 1.00837197401803 0.00000000000000 1.33848506825323 0.00000000000000
10.37675350701390 0.97340010176237 0.00000000000000 1.28896170217395 0.00000000000000
10.39278557114216 0.93938659053203 0.00000000000000 1.24096839379395 0.00000000000000
10.40881763527041 0.90631967691272 0.00000000000000 1.19447481627811 0.00000000000000
10.42484969939867 0.87418680608442 0.00000000000000 1.14945023435624 0.00000000000000
10.44088176352692 0.84297470557142 0.00000000000000 1.10586358344042 0.00000000000000
10.45691382765518 0.81266945582920 0.00000000000000 1.06368354451247 0.00000000000000
10.47294589178343 0.78325655768793 0.00000000000000 1.02287861486079 0.00000000000000
10.48897795591169 0.75472099668143 0.00000000000000 0.98341717475363 0.00000000000000
10.50501002003995 0.72704730429928 0.00000000000000 0.94526755014296 0.00000000000000
10.52104208416820 0.70021961620735 0.00000000000000 0.90839807149922 0.00000000000000
10.53707414829646 0.67422172748869 0.00000000000000 0.87277712888234 0.00000000000000
10.55310621242471 0.64903714496291 0.00000000000000 0.83837322335912 0.00000000000000
10.56913827655297 0.62464913664763 0.00000000000000 0.80515501488033 0.00000000000000
10.58517034068122 0.60104077842983 0.00000000000000 0.77309136673410 0.00000000000000
10.60120240480948 0.57819499801930 0.00000000000000 0.74215138669432 0.00000000000000
10.61723446893773 0.55609461625944 0.00000000000000 0.71230446498453 0.00000000000000
10.63326653306599 0.53472238587366 0.00000000000000 0.68352030917844 0.00000000000000
10.64929859719425 0.51406102772768 0.00000000000000 0.65576897615941 0.00000000000000
10.66533066132250 0.49409326469005 0.00000000000000 0.62902090126053 0.00000000000000
10.68136272545076 0.47480185317419 0.00000000000000 0.60324692470719 0.00000000000000
10.69739478957901 0.45616961244653 0.00000000000000 0.57841831548265 0.00000000000000
10.71342685370727 0.43817945178533 0.00000000000000 0.55450679273636 0.00000000000000
10.72945891783552 0.42081439557541 0.00000000000000 0.53148454485303 0.00000000000000
10.74549098196378 0.40405760642349 0.00000000000000 0.50932424629875 0.00000000000000
10.76152304609204 0.38789240637850 0.00000000000000 0.48799907235824 0.00000000000000
10.77755511022029 0.37230229634042 0.00000000000000 0.46748271187523 0.00000000000000
10.79358717434855 0.35727097374036 0.00000000000000 0.44774937810526 0.00000000000000
10.80961923847680 0.34278234857316 0.00000000000000 0.42877381778750 0.00000000000000
10.82565130260506 0.32882055786272 0.00000000000000 0.41053131853960 0.00000000000000
10.84168336673331 0.31536997863848 0.00000000000000 0.39299771467618 0.00000000000000
10.85771543086157 0.30241523949975 0.00000000000000 0.37614939154902 0.00000000000000
10.87374749498982 0.28994123084314 0.00000000000000 0.35996328850334 0.00000000000000
10.88977955911808 0.27793311382587 0.00000000000000 0.34441690054180 0.00000000000000
10.90581162324634 0.26637632813622 0.00000000000000 0.32948827878422 0.00000000000000
10.92184368737459 0.25525659864000 0.00000000000000 0.31515602980808 0.00000000000000
10.93787575150285 0.24455994096977 0.00000000000000 0.30139931395110 0.00000000000000
10.95390781563110 0.23427266612168 0.00000000000000 0.28819784265449 0.00000000000000
10.96993987975936 0.22438138412199 0.00000000000000 0.27553187492161 0.00000000000000
10.98597194388761 0.21487300682373 0.00000000000000 0.26338221296384 0.00000000000000
11.00200400801587 0.20573474989116 0.00000000000000 0.25173019710210 0.00000000000000
11.01803607214413 0.19695413402781 0.00000000000000 0.24055769998943 0.00000000000000
11.03406813627238 0.18851898550136 0.00000000000000 0.22984712021653 0.00000000000000
11.05010020040064 0.18041743601660 0.00000000000000 0.21958137535966 0.00000000000000
11.06613226452889 0.17263792198528 0.00000000000000 0.20974389452656 0.00000000000000
11.08216432865715 0.16516918323968 0.00000000000000 0.20031861045386 0.00000000000000
11.09819639278540 0.15800026123444 0.00000000000000 0.19128995120593 0.00000000000000
11.11422845691366 0.15112049677901 0.00000000000000 0.18264283152275 0.00000000000000
11.13026052104192 0.14451952734135 0.00000000000000 0.17436264386148 0.00000000000000
11.14629258517017 0.13818728396092 0.00000000000000 0.16643524917375 0.00000000000000
11.16232464929843 0.13211398780758 0.00000000000000 0.15884696745831 0.00000000000000
11.17835671342668 0.12629014642083 0.00000000000000 0.15158456812607 0.00000000000000
11.19438877755494 0.12070654966178 0.00000000000000 0.14463526021221 0.00000000000000
11.21042084168319 0.11535426540887 0.00000000000000 0.13798668246789 0.00000000000000
11.22645290581145 0.11022463502621 0.00000000000000 0.13162689336167 0.00000000000000
11.24248496993970 0.10530926863184 0.00000000000000 0.12554436101892 0.00000000000000
11.25851703406796 0.10060004019170 0.00000000000000 0.11972795312523 0.00000000000000
11.27454909819622 0.09608908246326 0.00000000000000 0.11416692681808 0.00000000000000
11.29058116232447 0.09176878181146 0.00000000000000 0.10885091858908 0.00000000000000
11.30661322645273 0.08763177291815 0.00000000000000 0.10376993421754 0.00000000000000
11.32264529058098 0.08367093340455 0.00000000000000 0.09891433875403 0.00000000000000
11.33867735470924 0.07987937838533 0.00000000000000 0.09427484657152 0.00000000000000
11.35470941883749 0.07625045497116 0.00000000000000 0.08984251149986 0.00000000000000
11.37074148296575 0.07277773673586 0.00000000000000 0.08560871705794 0.00000000000000
11.38677354709401 0.06945501816263 0.00000000000000 0.08156516679671 0.00000000000000
11.40280561122226 0.06627630908301 0.00000000000000 0.07770387476466 0.00000000000000
11.41883767535052 0.06323582912115 0.00000000000000 0.07401715610652 0.00000000000000
11.43486973947877 0.06032800215484 0.00000000000000 0.07049761780446 0.00000000000000
11.45090180360703 0.05754745080385 0.00000000000000 0.06713814957020 0.00000000000000
11.46693386773528 0.05488899095525 0.00000000000000 0.06393191489533 0.00000000000000
11.48296593186354 0.05234762633458 0.00000000000000 0.06087234226631 0.00000000000000
11.49899799599179 0.04991854313066 0.00000000000000 0.05795311654960 0.00000000000000
11.51503006012005 0.04759710468153 0.00000000000000 0.05516817055160 0.00000000000000
11.53106212424831 0.04537884622770 0.00000000000000 0.05251167675737 0.00000000000000
11.54709418837656 0.04325946973884 0.00000000000000 0.04997803925123 0.00000000000000
11.56312625250482 0.04123483881888 0.00000000000000 0.04756188582190 0.00000000000000
11.57915831663307 0.03930097369414 0.00000000000000 0.04525806025384 0.00000000000000
11.59519038076133 0.03745404628859 0.00000000000000 0.04306161480645 0.00000000000000
11.61122244488958 0.03569037538963 0.00000000000000 0.04096780288153 0.00000000000000
11.62725450901784 0.03400642190748 0.00000000000000 0.03897207187962 0.00000000000000
11.64328657314610 0.03239878423059 0.00000000000000 0.03707005624493 0.00000000000000
11.65931863727435 0.03086419367940 0.00000000000000 0.03525757069827 0.00000000000000
11.67535070140261 0.02939951005996 0.00000000000000 0.03353060365703 0.00000000000000
11.69138276553086 0.02800171731880 0.00000000000000 0.03188531084106 0.00000000000000
11.70741482965912 0.02666791930023 0.00000000000000 0.03031800906265 0.00000000000000
11.72344689378737 0.02539533560652 0.00000000000000 0.02882517019883 0.00000000000000
11.73947895791563 0.02418129756150 0.00000000000000 0.02740341534384 0.00000000000000
11.75551102204389 0.02302324427774 0.00000000000000 0.02604950913935 0.00000000000000
11.77154308617214 0.02191871882704 0.00000000000000 0.02476035427993 0.00000000000000
11.78757515030040 0.02086536451414 0.00000000000000 0.02353298619085 0.00000000000000
11.80360721442865 0.01986092125280 0.00000000000000 0.02236456787553 0.00000000000000
11.81963927855691 0.01890322204386 0.00000000000000 0.02125238492935 0.00000000000000
11.83567134268516 0.01799018955403 0.00000000000000 0.02019384071678 0.00000000000000
11.85170340681342 0.01711983279468 0.00000000000000 0.01918645170849 0.00000000000000
11.86773547094167 0.01629024389919 0.00000000000000 0.01822784297506 0.00000000000000
11.88376753506993 0.01549959499775 0.00000000000000 0.01731574383394 0.00000000000000
11.89979959919819 0.01474613518792 0.00000000000000 0.01644798364601 0.00000000000000
11.91583166332644 0.01402818759981 0.00000000000000 0.01562248775840 0.00000000000000
11.93186372745470 0.01334414655385 0.00000000000000 0.01483727358977 0.00000000000000
11.94789579158295 0.01269247480983 0.00000000000000 0.01409044685465 0.00000000000000
11.96392785571121 0.01207170090522 0.00000000000000 0.01338019792319 0.00000000000000
11.97995991983946 0.01148041658113 0.00000000000000 0.01270479831259 0.00000000000000
11.99599198396772 0.01091727429392 0.00000000000000 0.01206259730687 0.00000000000000
12.01202404809598 0.01038098481077 0.00000000000000 0.01145201870110 0.00000000000000
12.02805611222423 0.00987031488705 0.00000000000000 0.01087155766683 0.00000000000000
12.04408817635249 0.00938408502386 0.00000000000000 0.01031977773499 0.00000000000000
12.06012024048074 0.00892116730347 0.00000000000000 0.00979530789283 0.00000000000000
12.07615230460900 0.00848048330097 0.00000000000000 0.00929683979152 0.00000000000000
12.09218436873725 0.00806100206998 0.00000000000000 0.00882312506087 0.00000000000000
12.10821643286551 0.00766173820061 0.00000000000000 0.00837297272801 0.00000000000000
12.12424849699376 0.00728174994756 0.00000000000000 0.00794524673649 0.00000000000000
12.14028056112202 0.00692013742655 0.00000000000000 0.00753886356280 0.00000000000000
12.15631262525028 0.00657604087703 0.00000000000000 0.00715278992694 0.00000000000000
12.17234468937853 0.00624863898934 0.00000000000000 0.00678604059404 0.00000000000000
12.18837675350679 0.00593714729437 0.00000000000000 0.00643767626386 0.00000000000000
12.20440881763504 0.00564081661391 0.00000000000000 0.00610680154531 0.00000000000000
12.22044088176330 0.00535893156966 0.00000000000000 0.00579256301298 0.00000000000000
12.23647294589155 0.00509080914941 0.00000000000000 0.00549414734279 0.00000000000000
12.25250501001981 0.00483579732819 0.00000000000000 0.00521077952407 0.00000000000000
12.26853707414807 0.00459327374294 0.00000000000000 0.00494172114527 0.00000000000000
12.28456913827632 0.00436264441885 0.00000000000000 0.00468626875073 0.00000000000000
12.30060120240458 0.00414334254567 0.00000000000000 0.00444375226577 0.00000000000000
12.31663326653283 0.00393482730229 0.00000000000000 0.00421353348787 0.00000000000000
12.33266533066109 0.00373658272810 0.00000000000000 0.00399500464114 0.00000000000000
12.34869739478934 0.00354811663935 0.00000000000000 0.00378758699206 0.00000000000000
12.36472945891760 0.00336895958914 0.00000000000000 0.00359072952391 0.00000000000000
12.38076152304586 0.00319866386937 0.00000000000000 0.00340390766787 0.00000000000000
12.39679358717411 0.00303680255329 0.00000000000000 0.00322662208848 0.00000000000000
12.41282565130237 0.00288296857708 0.00000000000000 0.00305839752137 0.00000000000000
12.42885771543062 0.00273677385925 0.00000000000000 0.00289878166136 0.00000000000000
12.44488977955888 0.00259784845624 0.00000000000000 0.00274734409882 0.00000000000000
12.46092184368713 0.00246583975311 0.00000000000000 0.00260367530238 0.00000000000000
12.47695390781539 0.00234041168791 0.00000000000000 0.00246738564630 0.00000000000000
12.49298597194364 0.00222124400857 0.00000000000000 0.00233810448056 0.00000000000000
12.50901803607190 0.00210803156092 0.00000000000000 0.00221547924199 0.00000000000000
12.52505010020016 0.00200048360688 0.00000000000000 0.00209917460487 0.00000000000000
12.54108216432841 0.00189832317150 0.00000000000000 0.00198887166922 0.00000000000000
12.55711422845667 0.00180128641787 0.00000000000000 0.00188426718543 0.00000000000000
12.57314629258492 0.00170912204868 0.00000000000000 0.00178507281356 0.00000000000000
12.58917835671318 0.00162159073357 0.00000000000000 0.00169101441600 0.00000000000000
12.60521042084143 0.00153846456108 0.00000000000000 0.00160183138204 0.00000000000000
12.62124248496969 0.00145952651438 0.00000000000000 0.00151727598299 0.00000000000000
12.63727454909795 0.00138456996976 0.00000000000000 0.00143711275666 0.00000000000000
12.65330661322620 0.00131339821693 0.00000000000000 0.00136111791979 0.00000000000000
12.66933867735446 0.00124582400041 0.00000000000000 0.00128907880749 0.00000000000000
12.68537074148271 0.00118166908094 0.00000000000000 0.00122079333823 0.00000000000000
12.70140280561097 0.00112076381636 0.00000000000000 0.00115606950357 0.00000000000000
12.71743486973922 0.00106294676086 0.00000000000000 0.00109472488136 0.00000000000000
12.73346693386748 0.00100806428210 0.00000000000000 0.00103658617150 0.00000000000000
12.74949899799573 0.00095597019540 0.00000000000000 0.00098148875324 0.00000000000000
12.76553106212399 0.00090652541414 0.00000000000000 0.00092927626305 0.00000000000000
12.78156312625225 0.00085959761596 0.00000000000000 0.00087980019226 0.00000000000000
12.79759519038050 0.00081506092380 0.00000000000000 0.00083291950347 0.00000000000000
12.81362725450876 0.00077279560145 0.00000000000000 0.00078850026497 0.00000000000000
12.82965931863701 0.00073268776279 0.00000000000000 0.00074641530236 0.00000000000000
12.84569138276527 0.00069462909414 0.00000000000000 0.00070654386663 0.00000000000000
12.86172344689352 0.00065851658938 0.00000000000000 0.00066877131785 0.00000000000000
12.87775551102178 0.00062425229699 0.00000000000000 0.00063298882396 0.00000000000000
12.89378757515004 0.00059174307871 0.00000000000000 0.00059909307380 0.00000000000000
12.90981963927829 0.00056090037924 0.00000000000000 0.00056698600380 0.00000000000000
12.92585170340655 0.00053164000653 0.00000000000000 0.00053657453775 0.00000000000000
12.94188376753480 0.00050388192216 0.00000000000000 0.00050777033898 0.00000000000000
12.95791583166306 0.00047755004138 0.00000000000000 0.00048048957448 0.00000000000000
12.97394789579131 0.00045257204245 0.00000000000000 0.00045465269028 0.00000000000000
12.98997995991957 0.00042887918472 0.00000000000000 0.00043018419767 0.00000000000000
13.00601202404783 0.00040640613528 0.00000000000000 0.00040701246975 0.00000000000000
13.02204408817608 0.00038509080358 0.00000000000000 0.00038506954778 0.00000000000000
13.03807615230434 0.00036487418380 0.00000000000000 0.00036429095696 0.00000000000000
13.05410821643259 0.00034570020459 0.00000000000000 0.00034461553107 0.00000000000000
13.07014028056085 0.00032751558585 0.00000000000000 0.00032598524567 0.00000000000000
13.08617234468910 0.00031026970222 0.00000000000000 0.00030834505946 0.00000000000000
13.10220440881736 0.00029391445296 0.00000000000000 0.00029164276331 0.00000000000000
13.11823647294561 0.00027840413803 0.00000000000000 0.00027582883668 0.00000000000000
13.13426853707387 0.00026369533991 0.00000000000000 0.00026085631109 0.00000000000000
13.15030060120213 0.00024974681107 0.00000000000000 0.00024668064024 0.00000000000000
13.16633266533038 0.00023651936677 0.00000000000000 0.00023325957654 0.00000000000000
13.18236472945864 0.00022397578288 0.00000000000000 0.00022055305364 0.00000000000000
13.19839679358689 0.00021208069858 0.00000000000000 0.00020852307481 0.00000000000000
13.21442885771515 0.00020080052367 0.00000000000000 0.00019713360679 0.00000000000000
13.23046092184340 0.00019010335029 0.00000000000000 0.00018635047878 0.00000000000000
13.24649298597166 0.00017995886883 0.00000000000000 0.00017614128658 0.00000000000000
13.26252505009992 0.00017033828783 0.00000000000000 0.00016647530129 0.00000000000000
13.27855711422817 0.00016121425772 0.00000000000000 0.00015732338263 0.00000000000000
13.29458917835643 0.00015256079814 0.00000000000000 0.00014865789649 0.00000000000000
13.31062124248468 0.00014435322881 0.00000000000000 0.00014045263654 0.00000000000000
13.32665330661294 0.00013656810357 0.00000000000000 0.00013268274977 0.00000000000000
13.34268537074119 0.00012918314767 0.00000000000000 0.00012532466562 0.00000000000000
13.35871743486945 0.00012217719799 0.00000000000000 0.00011835602870 0.00000000000000
13.37474949899770 0.00011553014609 0.00000000000000 0.00011175563477 0.00000000000000
13.39078156312596 0.00010922288402 0.00000000000000 0.00010550336985 0.00000000000000
13.40681362725422 0.00010323725261 0.00000000000000 0.00009958015241 0.00000000000000
13.42284569138247 0.00009755599231 0.00000000000000 0.00009396787836 0.00000000000000
13.43887775551073 0.00009216269627 0.00000000000000 0.00008864936868 0.00000000000000
13.45490981963898 0.00008704176568 0.00000000000000 0.00008360831969 0.00000000000000
13.47094188376724 0.00008217836716 0.00000000000000 0.00007882925572 0.00000000000000
13.48697394789549 0.00007755839220 0.00000000000000 0.00007429748410 0.00000000000000
13.50300601202375 0.00007316841840 0.00000000000000 0.00006999905223 0.00000000000000
13.51903807615201 0.00006899567264 0.00000000000000 0.00006592070688 0.00000000000000
13.53507014028026 0.00006502799580 0.00000000000000 0.00006204985531 0.00000000000000
13.55110220440852 0.00006125380918 0.00000000000000 0.00005837452828 0.00000000000000
13.56713426853677 0.00005766208245 0.00000000000000 0.00005488334483 0.00000000000000
13.58316633266503 0.00005424230295 0.00000000000000 0.00005156547872 0.00000000000000
13.59919839679328 0.00005098444651 0.00000000000000 0.00004841062635 0.00000000000000
13.61523046092154 0.00004787894939 0.00000000000000 0.00004540897625 0.00000000000000
13.63126252504980 0.00004491668157 0.00000000000000 0.00004255117992 0.00000000000000
13.64729458917805 0.00004208892111 0.00000000000000 0.00003982832396 0.00000000000000
13.66332665330631 0.00003938732962 0.00000000000000 0.00003723190345 0.00000000000000
13.67935871743456 0.00003680392874 0.00000000000000 0.00003475379647 0.00000000000000
13.69539078156282 0.00003433107757 0.00000000000000 0.00003238623975 0.00000000000000
13.71142284569107 0.00003196145102 0.00000000000000 0.00003012180525 0.00000000000000
13.72745490981933 0.00002968801896 0.00000000000000 0.00002795337776 0.00000000000000
13.74348697394758 0.00002750402617 0.00000000000000 0.00002587413338 0.00000000000000
13.75951903807584 0.00002540297302 0.00000000000000 0.00002387751877 0.00000000000000
13.77555110220410 0.00002337859682 0.00000000000000 0.00002195723122 0.00000000000000
13.79158316633235 0.00002142485379 0.00000000000000 0.00002010719939 0.00000000000000
13.80761523046061 0.00001953590163 0.00000000000000 0.00001832156472 0.00000000000000
13.82364729458886 0.00001770608257 0.00000000000000 0.00001659466345 0.00000000000000
13.83967935871712 0.00001592990697 0.00000000000000 0.00001492100912 0.00000000000000
13.85571142284537 0.00001420203728 0.00000000000000 0.00001329527562 0.00000000000000
13.87174348697363 0.00001251727244 0.00000000000000 0.00001171228069 0.00000000000000
13.88777555110189 0.00001087053261 0.00000000000000 0.00001016696975 0.00000000000000
13.90380761523014 0.00000925684423 0.00000000000000 0.00000865440011 0.00000000000000
13.91983967935840 0.00000767132529 0.00000000000000 0.00000716972549 0.00000000000000
13.93587174348665 0.00000610917085 0.00000000000000 0.00000570818077 0.00000000000000
13.95190380761491 0.00000456563878 0.00000000000000 0.00000426506692 0.00000000000000
13.96793587174316 0.00000303603553 0.00000000000000 0.00000283573615 0.00000000000000
13.98396793587142 0.00000151570210 0.00000000000000 0.00000141557706 0.00000000000000
13.99999999999967 0.00000000000000 0.00000000000000 0.00000000000000 0.00000000000000
