5.50000000000000 0.00000000000000 0.00000000000000 0.00000000000000 0.00000000000000
5.53907815631263 0.00000000000000 0.00000000000801 0.00000000000000 -0.00000000000809
5.57815631262525 0.00000000000000 0.00000000003070 0.00000000000000 -0.00000000003101
5.61723446893788 0.00000000000000 0.00000000010505 0.00000000000000 -0.00000000010613
5.65631262525050 0.00000000000000 0.00000000034147 0.00000000000000 -0.00000000034508
5.69539078156313 0.00000000000000 0.00000000106069 0.00000000000000 -0.00000000107221
5.73446893787575 0.00000000000000 0.00000000315413 0.00000000000000 -0.00000000318924
5.77354709418838 0.00000000000000 0.00000000899144 0.00000000000000 -0.00000000909378
5.81262525050100 0.00000000000000 0.00000002460390 0.00000000000000 -0.00000002488954
5.85170340681363 0.00000000000000 0.00000006470694 0.00000000000000 -0.00000006547143
5.89078156312625 0.00000000000000 0.00000016375677 0.00000000000000 -0.00000016572145
5.92985971943888 0.00000000000000 0.00000039926615 0.00000000000000 -0.00000040412043
5.96893787575150 0.00000000000000 0.00000093894191 0.00000000000000 -0.00000095048679
6.00801603206413 0.00000000000000 0.00000213211968 0.00000000000000 -0.00000215857945
6.04709418837675 0.00000000000000 0.00000468005299 0.00000000000000 -0.00000473855844
6.08617234468938 0.00000000000000 0.00000994060229 0.00000000000000 -0.00001006553623
6.12525050100200 0.00000000000000 0.00002045224285 0.00000000000000 -0.00002071016002
6.16432865731463 0.00000000000000 0.00004080061506 0.00000000000000 -0.00004131586597
6.20340681362725 0.00000000000000 0.00007899675692 0.00000000000000 -0.00007999376945
6.24248496993988 0.00000000000000 0.00014858544628 0.00000000000000 -0.00015045574906
6.28156312625250 0.00000000000000 0.00027174663553 0.00000000000000 -0.00027515087521
6.32064128256513 0.00000000000000 0.00048368038824 0.00000000000000 -0.00048969729963
6.35971943887775 0.00000000000000 0.00083855725033 0.00000000000000 -0.00084889199433
6.39879759519038 0.00000000000000 0.00141722608428 0.00000000000000 -0.00143448820969
6.43787575150300 0.00000000000000 0.00233668155344 0.00000000000000 -0.00236473658229
6.47695390781563 0.00000000000000 0.00376112664732 0.00000000000000 -0.00380551518259
6.51603206412825 0.00000000000000 0.00591406379241 0.00000000000000 -0.00598246553533
6.55511022044088 0.00000000000000 0.00909042994426 0.00000000000000 -0.00919312782799
6.59418837675350 0.00000000000000 0.01366732832916 0.00000000000000 -0.01381760120465
6.63326653306613 0.00000000000000 0.02011146880551 0.00000000000000 -0.02032581238222
6.67234468937875 0.00000000000000 0.02898109546854 0.00000000000000 -0.02927914477968
6.71142284569138 0.00000000000000 0.04092004594242 0.00000000000000 -0.04132405406677
6.75050100200400 0.00000000000000 0.05664173740990 0.00000000000000 -0.05717546073612
6.78957915831663 0.00000000000000 0.07690137176914 0.00000000000000 -0.07758822726767
6.82865731462925 0.00000000000000 0.10245551763928 0.00000000000000 -0.10331591548779
6.86773547094188 0.00000000000000 0.13400942817020 0.00000000000000 -0.13505724197090
6.90681362725450 0.00000000000000 0.17215390037344 0.00000000000000 -0.17339210880451
6.94589178356713 0.00000000000000 0.21729502741772 0.00000000000000 -0.21871067289083
6.98496993987975 0.00000000000000 0.26958163194988 0.00000000000000 -0.27114065779812
7.02404809619238 0.00000000000000 0.32883630307336 0.00000000000000 -0.33047876054810
7.06312625250500 0.00000000000000 0.39449670707569 0.00000000000000 -0.39613274272320
7.10220440881763 0.00000000000000 0.46557362033920 0.00000000000000 -0.46708091512191
7.14128256513025 0.00000000000000 0.54063170682019 0.00000000000000 -0.54185499243942
7.18036072144288 0.00000000000000 0.61779771446242 0.00000000000000 -0.61855086006474
7.21943887775550 0.00000000000000 0.69479883150680 0.00000000000000 -0.69486976679239
7.25851703406813 0.00000000000000 0.76903162093800 0.00000000000000 -0.76819001880676
7.29759519038075 0.00000000000000 0.83765944932493 0.00000000000000 -0.83566663532060
7.33667334669338 0.00000000000000 0.89773389805876 0.00000000000000 -0.89435390153496
7.37575150300600 0.00000000000000 0.94633353855061 0.00000000000000 -0.94134358236962
7.41482965931863 0.00000000000000 0.98071187891020 0.00000000000000 -0.97390996607974
7.45390781563125 0.00000000000000 0.99844539647705 0.00000000000000 -0.98965205314395
7.49298597194388 0.00000000000000 0.99757242948708 0.00000000000000 -0.98662317586172
7.53206412825650 0.00000000000000 0.97671430170433 0.00000000000000 -0.96343912525920
7.57114228456913 0.00000000000000 0.93517131043576 0.00000000000000 -0.91935738980561
7.61022044088175 0.00000000000000 0.87298797559644 0.00000000000000 -0.85432222222146
7.64929859719438 0.00000000000000 0.79098404154010 0.00000000000000 -0.76897274469216
7.68837675350700 0.00000000000000 0.69074994576932 0.00000000000000 -0.66461395203394
7.72745490981963 0.00000000000000 0.57460762921942 0.00000000000000 -0.54315304820554
7.76653306613225 0.00000000000000 0.44553949876406 0.00000000000000 -0.40700584571624
7.80561122244488 0.00000000000000 0.30708994172586 0.00000000000000 -0.25897979963599
7.84468937875750 0.00000000000000 0.16324495948289 0.00000000000000 -0.10214151805877
7.88376753507013 0.00000000000000 0.01829620497874 0.00000000000000 0.06032277434122
7.92284569138275 0.00000000000000 -0.12330400882832 0.00000000000000 0.22524534973347
7.96192384769538 0.00000000000000 -0.25709026902336 0.00000000000000 0.38960579940019
8.00100200400800 0.00000000000000 -0.37872815758425 0.00000000000000 0.55064380337592
8.04008016032063 0.00000000000000 -0.48414951578871 0.00000000000000 0.70595057516829
8.07915831663325 0.00000000000000 -0.56967434385769 0.00000000000000 0.85353543968931
8.11823647294588 0.00000000000000 -0.63211572265229 0.00000000000000 0.99186582735526
8.15731462925850 0.00000000000000 -0.66886509513884 0.00000000000000 1.11988074663605
8.19639278557113 0.00000000000000 -0.67795617926030 0.00000000000000 1.23697940868085
8.23547094188375 0.00000000000000 -0.65810666751600 0.00000000000000 1.34298802389617
8.27454909819638 0.00000000000000 -0.60873768021431 0.00000000000000 1.43810880466070
8.31362725450900 0.00000000000000 -0.52997166606996 0.00000000000000 1.52285585598596
8.35270541082163 0.00000000000000 -0.42261007847600 0.00000000000000 1.59798291319701
8.39178356713425 0.00000000000000 -0.28809269461276 0.00000000000000 1.66440781651230
8.43086172344688 0.00000000000000 -0.12844088526678 0.00000000000000 1.72313824291273
8.46993987975950 0.00000000000000 0.05381251598665 0.00000000000000 1.77520260788414
8.50901803607213 0.00000000000000 0.25570385626427 0.00000000000000 1.82158927441905
8.54809619238475 0.00000000000000 0.47392679455235 0.00000000000000 1.86319633730126
8.58717434869738 0.00000000000000 0.70492486040404 0.00000000000000 1.90079335684484
8.62625250501000 0.00000000000000 0.94498544378388 0.00000000000000 1.93499555932818
8.66533066132263 0.00000000000000 1.19033237682343 0.00000000000000 1.96625025118932
8.70440881763525 0.00000000000000 1.43721450975377 0.00000000000000 1.99483454700716
8.74348697394788 0.00000000000000 1.68198799689835 0.00000000000000 2.02086300979604
8.78256513026050 0.00000000000000 1.92119037921451 0.00000000000000 2.04430345529129
8.82164328657313 0.00000000000000 2.15160496019248 0.00000000000000 2.06499897706925
8.86072144288575 0.00000000000000 2.37031440350683 0.00000000000000 2.08269419435294
8.89979959919838 0.00000000000000 2.57474291512696 0.00000000000000 2.09706379000347
8.93887775551100 0.00000000000000 2.76268679206799 0.00000000000000 2.10774156884049
8.97795591182363 0.00000000000000 2.93233350897065 0.00000000000000 2.11434850039998
9.01703406813625 0.00000000000000 3.08226985930049 0.00000000000000 2.11651848993630
9.05611222444888 0.00000000000000 3.21147996041050 0.00000000000000 2.11392092309035
9.09519038076150 0.00000000000000 3.31933416471903 0.00000000000000 2.10627933236562
9.13426853707413 0.00000000000000 3.40557008994977 0.00000000000000 2.09338582033906
9.17334669338675 0.00000000000000 3.47026709009734 0.00000000000000 2.07511113247559
9.21242484969938 0.00000000000000 3.51381553864888 0.00000000000000 2.05141049272659
9.25150300601200 0.00000000000000 3.53688229200884 0.00000000000000 2.02232549283516
9.29058116232463 0.00000000000000 3.54037365112195 0.00000000000000 1.98798245987115
9.32965931863725 0.00000000000000 3.52539705112705 0.00000000000000 1.94858781718045
9.36873747494988 0.00000000000000 3.49322259117332 0.00000000000000 1.90442100498319
9.40781563126250 0.00000000000000 3.44524537795652 0.00000000000000 1.85582554311387
9.44689378757513 0.00000000000000 3.38294950533107 0.00000000000000 1.80319880557481
9.48597194388775 0.00000000000000 3.30787433601298 0.00000000000000 1.74698104076521
9.52505010020038 0.00000000000000 3.22158359641531 0.00000000000000 1.68764411850204
9.56412825651300 0.00000000000000 3.12563764743875 0.00000000000000 1.62568042094432
9.60320641282563 0.00000000000000 3.02156915678900 0.00000000000000 1.56159222435273
9.64228456913825 0.00000000000000 2.91086227516934 0.00000000000000 1.49588184660226
9.68136272545088 0.00000000000000 2.79493531147904 0.00000000000000 1.42904276505077
9.72044088176350 0.00000000000000 2.67512681194269 0.00000000000000 1.36155184347184
9.75951903807613 0.00000000000000 2.55268487507946 0.00000000000000 1.29386274723305
9.79859719438875 0.00000000000000 2.42875947808715 0.00000000000000 1.22640057398889
9.83767535070138 0.00000000000000 2.30439754952991 0.00000000000000 1.15955768350372
9.87675350701400 0.00000000000000 2.18054049676085 0.00000000000000 1.09369067496481
9.91583166332663 0.00000000000000 2.05802388261277 0.00000000000000 1.02911843303391
9.95490981963925 0.00000000000000 1.93757894274871 0.00000000000000 0.96612114436612
9.99398797595188 0.00000000000000 1.81983564084094 0.00000000000000 0.90494017364544
10.03306613226450 0.00000000000000 1.70532697164737 0.00000000000000 0.84577868146778
10.07214428857713 0.00000000000000 1.59449424038647 0.00000000000000 0.78880286471372
10.11122244488975 0.00000000000000 1.48769306903123 0.00000000000000 0.73414370245791
10.15030060120238 0.00000000000000 1.38519990487676 0.00000000000000 0.68189909606436
10.18937875751500 0.00000000000000 1.28721883280327 0.00000000000000 0.63213630008728
10.22845691382763 0.00000000000000 1.19388851906238 0.00000000000000 0.58489455019585
10.26753507014025 0.00000000000000 1.10528914035705 0.00000000000000 0.54018780492304
10.30661322645288 0.00000000000000 1.02144917683296 0.00000000000000 0.49800752906431
10.34569138276550 0.00000000000000 0.94235197088360 0.00000000000000 0.45832545757750
10.38476953907813 0.00000000000000 0.86794197506565 0.00000000000000 0.42109628951589
10.42384769539075 0.00000000000000 0.79813063172085 0.00000000000000 0.38626027160010
10.46292585170338 0.00000000000000 0.73280184400573 0.00000000000000 0.35374564031813
10.50200400801600 0.00000000000000 0.67181701292387 0.00000000000000 0.32347089981772
10.54108216432863 0.00000000000000 0.61501962768804 0.00000000000000 0.29534692025917
10.58016032064125 0.00000000000000 0.56223940741256 0.00000000000000 0.26927884771139
10.61923847695388 0.00000000000000 0.51329600088756 0.00000000000000 0.24516782211651
10.65831663326650 0.00000000000000 0.46800225817829 0.00000000000000 0.22291250436400
10.69739478957913 0.00000000000000 0.42616709320163 0.00000000000000 0.20241041716549
10.73647294589175 0.00000000000000 0.38759796044019 0.00000000000000 0.18355910728356
10.77555110220438 0.00000000000000 0.35210297174321 0.00000000000000 0.16625713882383
10.81462925851700 0.00000000000000 0.31949268090927 0.00000000000000 0.15040492883588
10.85370741482963 0.00000000000000 0.28958156461389 0.00000000000000 0.13590543747012
10.89278557114225 0.00000000000000 0.26218922838878 0.00000000000000 0.12266472548718
10.93186372745488 0.00000000000000 0.23714136591992 0.00000000000000 0.11059239209015
10.97094188376750 0.00000000000000 0.21427049903190 0.00000000000000 0.09960190592040
11.01002004008013 0.00000000000000 0.19341652447805 0.00000000000000 0.08961084168751
11.04909819639275 0.00000000000000 0.17442709215424 0.00000000000000 0.08054103435022
11.08817635270538 0.00000000000000 0.15715783768118 0.00000000000000 0.07231866207870
11.12725450901800 0.00000000000000 0.14147249052360 0.00000000000000 0.06487426844919
11.16633266533063 0.00000000000000 0.12724287699245 0.00000000000000 0.05814273348798
11.20541082164325 0.00000000000000 0.11434883565330 0.00000000000000 0.05206320232095
11.24448897795588 0.00000000000000 0.10267806087745 0.00000000000000 0.04657897932161
11.28356713426850 0.00000000000000 0.09212588854953 0.00000000000000 0.04163739480389
11.32264529058113 0.00000000000000 0.08259503630750 0.00000000000000 0.03718965049031
11.36172344689375 0.00000000000000 0.07399530915270 0.00000000000000 0.03319064921175
11.40080160320638 0.00000000000000 0.06624327983805 0.00000000000000 0.02959881357013
11.43987975951900 0.00000000000000 0.05926195212712 0.00000000000000 0.02637589762403
11.47895791583163 0.00000000000000 0.05298041381732 0.00000000000000 0.02348679504233
11.51803607214425 0.00000000000000 0.04733348533574 0.00000000000000 0.02089934661354
11.55711422845688 0.00000000000000 0.04226136874311 0.00000000000000 0.01858414949698
11.59619238476950 0.00000000000000 0.03770930111556 0.00000000000000 0.01651437015606
11.63527054108213 0.00000000000000 0.03362721550858 0.00000000000000 0.01466556251943
11.67434869739475 0.00000000000000 0.02996941203766 0.00000000000000 0.01301549257105
11.71342685370738 0.00000000000000 0.02669424102658 0.00000000000000 0.01154397027105
11.75250501002000 0.00000000000000 0.02376379967172 0.00000000000000 0.01023268945183
11.79158316633263 0.00000000000000 0.02114364324051 0.00000000000000 0.00906507611524
11.83066132264525 0.00000000000000 0.01880251145755 0.00000000000000 0.00802614537185
11.86973947895788 0.00000000000000 0.01671207042638 0.00000000000000 0.00710236711029
11.90881763527050 0.00000000000000 0.01484667018078 0.00000000000000 0.00628154035818
11.94789579158313 0.00000000000000 0.01318311775251 0.00000000000000 0.00555267619441
11.98697394789575 0.00000000000000 0.01170046547442 0.00000000000000 0.00490588899158
12.02605210420838 0.00000000000000 0.01037981410619 0.00000000000000 0.00433229570498
12.06513026052100 0.00000000000000 0.00920413026750 0.00000000000000 0.00382392287717
12.10420841683363 0.00000000000000 0.00815807758770 0.00000000000000 0.00337362099430
12.14328657314625 0.00000000000000 0.00722786092669 0.00000000000000 0.00297498580731
12.18236472945888 0.00000000000000 0.00640108298651 0.00000000000000 0.00262228621899
12.22144288577150 0.00000000000000 0.00566661261293 0.00000000000000 0.00231039833219
12.26052104208413 0.00000000000000 0.00501446407910 0.00000000000000 0.00203474525616
12.29959919839675 0.00000000000000 0.00443568664651 0.00000000000000 0.00179124227399
12.33867735470938 0.00000000000000 0.00392226371001 0.00000000000000 0.00157624698476
12.37775551102200 0.00000000000000 0.00346702085153 0.00000000000000 0.00138651404701
12.41683366733463 0.00000000000000 0.00306354215047 0.00000000000000 0.00121915416614
12.45591182364725 0.00000000000000 0.00270609412524 0.00000000000000 0.00107159698533
12.49498997995988 0.00000000000000 0.00238955671038 0.00000000000000 0.00094155755808
12.53406813627250 0.00000000000000 0.00210936070439 0.00000000000000 0.00082700609919
12.57314629258513 0.00000000000000 0.00186143115600 0.00000000000000 0.00072614073011
12.61222444889775 0.00000000000000 0.00164213618910 0.00000000000000 0.00063736295382
12.65130260521038 0.00000000000000 0.00144824079891 0.00000000000000 0.00055925561258
12.69038076152300 0.00000000000000 0.00127686518393 0.00000000000000 0.00049056310060
12.72945891783563 0.00000000000000 0.00112544720940 0.00000000000000 0.00043017362063
12.76853707414825 0.00000000000000 0.00099170862769 0.00000000000000 0.00037710329049
12.80761523046088 0.00000000000000 0.00087362471000 0.00000000000000 0.00033048192131
12.84669338677350 0.00000000000000 0.00076939697106 0.00000000000000 0.00028954030413
12.88577154308613 0.00000000000000 0.00067742869411 0.00000000000000 0.00025359885573
12.92484969939875 0.00000000000000 0.00059630298827 0.00000000000000 0.00022205748760
12.96392785571138 0.00000000000000 0.00052476313272 0.00000000000000 0.00019438657415
13.00300601202400 0.00000000000000 0.00046169498386 0.00000000000000 0.00017011890775
13.04208416833663 0.00000000000000 0.00040611124119 0.00000000000000 0.00014884253857
13.08116232464925 0.00000000000000 0.00035713738618 0.00000000000000 0.00013019440690
13.12024048096188 0.00000000000000 0.00031399912543 0.00000000000000 0.00011385468449
13.15931863727450 0.00000000000000 0.00027601118494 0.00000000000000 0.00009954174970
13.19839679358713 0.00000000000000 0.00024256731697 0.00000000000000 0.00008700772850
13.23747494989975 0.00000000000000 0.00021313139404 0.00000000000000 0.00007603454035
13.27655310621238 0.00000000000000 0.00018722947683 0.00000000000000 0.00006643039415
13.31563126252500 0.00000000000000 0.00016444275374 0.00000000000000 0.00005802668482
13.35470941883763 0.00000000000000 0.00014440126001 0.00000000000000 0.00005067524661
13.39378757515025 0.00000000000000 0.00012677829360 0.00000000000000 0.00004424592338
13.43286573146288 0.00000000000000 0.00011128545317 0.00000000000000 0.00003862442070
13.47194388777550 0.00000000000000 0.00009766823113 0.00000000000000 0.00003371040791
13.51102204408813 0.00000000000000 0.00008570210193 0.00000000000000 0.00002941584218
13.55010020040075 0.00000000000000 0.00007518905139 0.00000000000000 0.00002566348919
13.58917835671338 0.00000000000000 0.00006595449900 0.00000000000000 0.00002238561819
13.62825651302600 0.00000000000000 0.00005784456988 0.00000000000000 0.00001952285126
13.66733466933863 0.00000000000000 0.00005072367791 0.00000000000000 0.00001702314923
13.70641282565125 0.00000000000000 0.00004447238523 0.00000000000000 0.00001484091828
13.74549098196388 0.00000000000000 0.00003898550759 0.00000000000000 0.00001293622326
13.78456913827650 0.00000000000000 0.00003417043783 0.00000000000000 0.00001127409541
13.82364729458913 0.00000000000000 0.00002994566299 0.00000000000000 0.00000982392316
13.86272545090175 0.00000000000000 0.00002623945330 0.00000000000000 0.00000855891646
13.90180360721438 0.00000000000000 0.00002298870341 0.00000000000000 0.00000745563591
13.94088176352700 0.00000000000000 0.00002013790873 0.00000000000000 0.00000649357897
13.97995991983963 0.00000000000000 0.00001763826125 0.00000000000000 0.00000565481644
14.01903807615225 0.00000000000000 0.00001544685141 0.00000000000000 0.00000492367336
14.05811623246488 0.00000000000000 0.00001352596356 0.00000000000000 0.00000428644881
14.09719438877750 0.00000000000000 0.00001184245445 0.00000000000000 0.00000373117015
14.13627254509013 0.00000000000000 0.00001036720506 0.00000000000000 0.00000324737734
14.17535070140275 0.00000000000000 0.00000907463718 0.00000000000000 0.00000282593391
14.21442885771538 0.00000000000000 0.00000794228740 0.00000000000000 0.00000245886119
14.25350701402800 0.00000000000000 0.00000695043168 0.00000000000000 0.00000213919307
14.29258517034063 0.00000000000000 0.00000608175451 0.00000000000000 0.00000186084877
14.33166332665325 0.00000000000000 0.00000532105775 0.00000000000000 0.00000161852137
14.37074148296588 0.00000000000000 0.00000465500404 0.00000000000000 0.00000140758026
14.40981963927850 0.00000000000000 0.00000407189111 0.00000000000000 0.00000122398572
14.44889779559113 0.00000000000000 0.00000356145309 0.00000000000000 0.00000106421419
14.48797595190375 0.00000000000000 0.00000311468574 0.00000000000000 0.00000092519288
14.52705410821638 0.00000000000000 0.00000272369268 0.00000000000000 0.00000080424260
14.56613226452900 0.00000000000000 0.00000238155021 0.00000000000000 0.00000069902772
14.60521042084163 0.00000000000000 0.00000208218847 0.00000000000000 0.00000060751250
14.64428857715425 0.00000000000000 0.00000182028695 0.00000000000000 0.00000052792287
14.68336673346688 0.00000000000000 0.00000159118266 0.00000000000000 0.00000045871304
14.72244488977950 0.00000000000000 0.00000139078953 0.00000000000000 0.00000039853636
14.76152304609213 0.00000000000000 0.00000121552749 0.00000000000000 0.00000034621983
14.80060120240475 0.00000000000000 0.00000106226027 0.00000000000000 0.00000030074187
14.83967935871738 0.00000000000000 0.00000092824078 0.00000000000000 0.00000026121293
14.87875751503000 0.00000000000000 0.00000081106312 0.00000000000000 0.00000022685851
14.91783567134263 0.00000000000000 0.00000070862048 0.00000000000000 0.00000019700439
14.95691382765525 0.00000000000000 0.00000061906820 0.00000000000000 0.00000017106373
14.99599198396788 0.00000000000000 0.00000054079136 0.00000000000000 0.00000014852582
15.03507014028050 0.00000000000000 0.00000047237633 0.00000000000000 0.00000012894624
15.07414829659313 0.00000000000000 0.00000041258584 0.00000000000000 0.00000011193833
15.11322645290575 0.00000000000000 0.00000036033709 0.00000000000000 0.00000009716574
15.15230460921838 0.00000000000000 0.00000031468258 0.00000000000000 0.00000008433587
15.19138276553100 0.00000000000000 0.00000027479331 0.00000000000000 0.00000007319426
15.23046092184363 0.00000000000000 0.00000023994403 0.00000000000000 0.00000006351962
15.26953907815625 0.00000000000000 0.00000020950030 0.00000000000000 0.00000005511955
15.30861723446888 0.00000000000000 0.00000018290723 0.00000000000000 0.00000004782675
15.34769539078150 0.00000000000000 0.00000015967950 0.00000000000000 0.00000004149581
15.38677354709413 0.00000000000000 0.00000013939272 0.00000000000000 0.00000003600031
15.42585170340675 0.00000000000000 0.00000012167580 0.00000000000000 0.00000003123040
15.46492985971938 0.00000000000000 0.00000010620428 0.00000000000000 0.00000002709061
15.50400801603200 0.00000000000000 0.00000009269452 0.00000000000000 0.00000002349798
15.54308617234463 0.00000000000000 0.00000008089857 0.00000000000000 0.00000002038043
15.58216432865725 0.00000000000000 0.00000007059970 0.00000000000000 0.00000001767533
15.62124248496988 0.00000000000000 0.00000006160850 0.00000000000000 0.00000001532830
15.66032064128250 0.00000000000000 0.00000005375942 0.00000000000000 0.00000001329208
15.69939879759513 0.00000000000000 0.00000004690781 0.00000000000000 0.00000001152564
15.73847695390775 0.00000000000000 0.00000004092728 0.00000000000000 0.00000000999335
15.77755511022038 0.00000000000000 0.00000003570740 0.00000000000000 0.00000000866425
15.81663326653300 0.00000000000000 0.00000003115169 0.00000000000000 0.00000000751148
15.85571142284563 0.00000000000000 0.00000002717586 0.00000000000000 0.00000000651171
15.89478957915825 0.00000000000000 0.00000002370631 0.00000000000000 0.00000000564469
15.93386773547088 0.00000000000000 0.00000002067873 0.00000000000000 0.00000000489284
15.97294589178350 0.00000000000000 0.00000001803696 0.00000000000000 0.00000000424091
16.01202404809613 0.00000000000000 0.00000001573196 0.00000000000000 0.00000000367564
16.05110220440876 0.00000000000000 0.00000001372091 0.00000000000000 0.00000000318555
16.09018036072138 0.00000000000000 0.00000001196641 0.00000000000000 0.00000000276067
16.12925851703401 0.00000000000000 0.00000001043580 0.00000000000000 0.00000000239233
16.16833667334664 0.00000000000000 0.00000000910058 0.00000000000000 0.00000000207304
16.20741482965926 0.00000000000000 0.00000000793587 0.00000000000000 0.00000000179627
16.24649298597189 0.00000000000000 0.00000000691994 0.00000000000000 0.00000000155638
16.28557114228452 0.00000000000000 0.00000000603382 0.00000000000000 0.00000000134847
16.32464929859714 0.00000000000000 0.00000000526097 0.00000000000000 0.00000000116827
16.36372745490977 0.00000000000000 0.00000000458693 0.00000000000000 0.00000000101211
16.40280561122240 0.00000000000000 0.00000000399910 0.00000000000000 0.00000000087679
16.44188376753502 0.00000000000000 0.00000000348647 0.00000000000000 0.00000000075952
16.48096192384765 0.00000000000000 0.00000000303944 0.00000000000000 0.00000000065791
16.52004008016028 0.00000000000000 0.00000000264964 0.00000000000000 0.00000000056987
16.55911823647291 0.00000000000000 0.00000000230974 0.00000000000000 0.00000000049359
16.59819639278553 0.00000000000000 0.00000000201338 0.00000000000000 0.00000000042750
16.63727454909816 0.00000000000000 0.00000000175498 0.00000000000000 0.00000000037025
16.67635270541079 0.00000000000000 0.00000000152970 0.00000000000000 0.00000000032065
16.71543086172341 0.00000000000000 0.00000000133329 0.00000000000000 0.00000000027769
16.75450901803604 0.00000000000000 0.00000000116206 0.00000000000000 0.00000000024047
16.79358717434867 0.00000000000000 0.00000000101280 0.00000000000000 0.00000000020824
16.83266533066129 0.00000000000000 0.00000000088267 0.00000000000000 0.00000000018031
16.87174348697392 0.00000000000000 0.00000000076924 0.00000000000000 0.00000000015613
16.91082164328655 0.00000000000000 0.00000000067037 0.00000000000000 0.00000000013519
16.94989979959917 0.00000000000000 0.00000000058419 0.00000000000000 0.00000000011705
16.98897795591180 0.00000000000000 0.00000000050908 0.00000000000000 0.00000000010134
17.02805611222443 0.00000000000000 0.00000000044361 0.00000000000000 0.00000000008773
17.06713426853705 0.00000000000000 0.00000000038655 0.00000000000000 0.00000000007595
17.10621242484968 0.00000000000000 0.00000000033682 0.00000000000000 0.00000000006575
17.14529058116231 0.00000000000000 0.00000000029348 0.00000000000000 0.00000000005692
17.18436873747493 0.00000000000000 0.00000000025571 0.00000000000000 0.00000000004927
17.22344689378756 0.00000000000000 0.00000000022279 0.00000000000000 0.00000000004265
17.26252505010019 0.00000000000000 0.00000000019411 0.00000000000000 0.00000000003692
17.30160320641281 0.00000000000000 0.00000000016911 0.00000000000000 0.00000000003196
17.34068136272544 0.00000000000000 0.00000000014733 0.00000000000000 0.00000000002766
17.37975951903807 0.00000000000000 0.00000000012836 0.00000000000000 0.00000000002394
17.41883767535069 0.00000000000000 0.00000000011182 0.00000000000000 0.00000000002072
17.45791583166332 0.00000000000000 0.00000000009741 0.00000000000000 0.00000000001793
17.49699398797595 0.00000000000000 0.00000000008486 0.00000000000000 0.00000000001552
17.53607214428857 0.00000000000000 0.00000000007392 0.00000000000000 0.00000000001343
17.57515030060120 0.00000000000000 0.00000000006439 0.00000000000000 0.00000000001162
17.61422845691383 0.00000000000000 0.00000000005609 0.00000000000000 0.00000000001006
17.65330661322646 0.00000000000000 0.00000000004886 0.00000000000000 0.00000000000870
17.69238476953908 0.00000000000000 0.00000000004256 0.00000000000000 0.00000000000753
17.73146292585171 0.00000000000000 0.00000000003707 0.00000000000000 0.00000000000652
17.77054108216434 0.00000000000000 0.00000000003229 0.00000000000000 0.00000000000564
17.80961923847696 0.00000000000000 0.00000000002812 0.00000000000000 0.00000000000488
17.84869739478959 0.00000000000000 0.00000000002449 0.00000000000000 0.00000000000422
17.88777555110222 0.00000000000000 0.00000000002133 0.00000000000000 0.00000000000365
17.92685370741484 0.00000000000000 0.00000000001858 0.00000000000000 0.00000000000316
17.96593186372747 0.00000000000000 0.00000000001618 0.00000000000000 0.00000000000274
18.00501002004010 0.00000000000000 0.00000000001409 0.00000000000000 0.00000000000237
18.04408817635272 0.00000000000000 0.00000000001227 0.00000000000000 0.00000000000205
18.08316633266535 0.00000000000000 0.00000000001069 0.00000000000000 0.00000000000177
18.12224448897798 0.00000000000000 0.00000000000931 0.00000000000000 0.00000000000153
18.16132264529060 0.00000000000000 0.00000000000811 0.00000000000000 0.00000000000133
18.20040080160323 0.00000000000000 0.00000000000706 0.00000000000000 0.00000000000115
18.23947895791586 0.00000000000000 0.00000000000615 0.00000000000000 0.00000000000099
18.27855711422848 0.00000000000000 0.00000000000535 0.00000000000000 0.00000000000086
18.31763527054111 0.00000000000000 0.00000000000466 0.00000000000000 0.00000000000074
18.35671342685374 0.00000000000000 0.00000000000406 0.00000000000000 0.00000000000064
18.39579158316636 0.00000000000000 0.00000000000353 0.00000000000000 0.00000000000056
18.43486973947899 0.00000000000000 0.00000000000308 0.00000000000000 0.00000000000048
18.47394789579162 0.00000000000000 0.00000000000268 0.00000000000000 0.00000000000042
18.51302605210424 0.00000000000000 0.00000000000233 0.00000000000000 0.00000000000036
18.55210420841687 0.00000000000000 0.00000000000203 0.00000000000000 0.00000000000031
18.59118236472950 0.00000000000000 0.00000000000177 0.00000000000000 0.00000000000027
18.63026052104212 0.00000000000000 0.00000000000154 0.00000000000000 0.00000000000023
18.66933867735475 0.00000000000000 0.00000000000134 0.00000000000000 0.00000000000020
18.70841683366738 0.00000000000000 0.00000000000117 0.00000000000000 0.00000000000017
18.74749498998001 0.00000000000000 0.00000000000102 0.00000000000000 0.00000000000015
18.78657314629263 0.00000000000000 0.00000000000089 0.00000000000000 0.00000000000013
18.82565130260526 0.00000000000000 0.00000000000077 0.00000000000000 0.00000000000011
18.86472945891789 0.00000000000000 0.00000000000067 0.00000000000000 0.00000000000010
18.90380761523051 0.00000000000000 0.00000000000058 0.00000000000000 0.00000000000008
18.94288577154314 0.00000000000000 0.00000000000051 0.00000000000000 0.00000000000007
18.98196392785577 0.00000000000000 0.00000000000044 0.00000000000000 0.00000000000006
19.02104208416839 0.00000000000000 0.00000000000039 0.00000000000000 0.00000000000005
19.06012024048102 0.00000000000000 0.00000000000034 0.00000000000000 0.00000000000005
19.09919839679365 0.00000000000000 0.00000000000029 0.00000000000000 0.00000000000004
19.13827655310627 0.00000000000000 0.00000000000025 0.00000000000000 0.00000000000004
19.17735470941890 0.00000000000000 0.00000000000022 0.00000000000000 0.00000000000003
19.21643286573153 0.00000000000000 0.00000000000019 0.00000000000000 0.00000000000003
19.25551102204415 0.00000000000000 0.00000000000017 0.00000000000000 0.00000000000002
19.29458917835678 0.00000000000000 0.00000000000015 0.00000000000000 0.00000000000002
19.33366733466941 0.00000000000000 0.00000000000013 0.00000000000000 0.00000000000002
19.37274549098203 0.00000000000000 0.00000000000011 0.00000000000000 0.00000000000001
19.41182364729466 0.00000000000000 0.00000000000010 0.00000000000000 0.00000000000001
19.45090180360729 0.00000000000000 0.00000000000008 0.00000000000000 0.00000000000001
19.48997995991991 0.00000000000000 0.00000000000007 0.00000000000000 0.00000000000001
19.52905811623254 0.00000000000000 0.00000000000006 0.00000000000000 0.00000000000001
19.56813627254517 0.00000000000000 0.00000000000006 0.00000000000000 0.00000000000001
19.60721442885779 0.00000000000000 0.00000000000005 0.00000000000000 0.00000000000001
19.64629258517042 0.00000000000000 0.00000000000004 0.00000000000000 0.00000000000001
19.68537074148305 0.00000000000000 0.00000000000004 0.00000000000000 0.00000000000000
19.72444889779567 0.00000000000000 0.00000000000003 0.00000000000000 0.00000000000000
19.76352705410830 0.00000000000000 0.00000000000003 0.00000000000000 0.00000000000000
19.80260521042093 0.00000000000000 0.00000000000002 0.00000000000000 0.00000000000000
19.84168336673356 0.00000000000000 0.00000000000002 0.00000000000000 0.00000000000000
19.88076152304618 0.00000000000000 0.00000000000002 0.00000000000000 0.00000000000000
19.91983967935881 0.00000000000000 0.00000000000002 0.00000000000000 0.00000000000000
19.95891783567144 0.00000000000000 0.00000000000001 0.00000000000000 0.00000000000000
19.99799599198406 0.00000000000000 0.00000000000001 0.00000000000000 0.00000000000000
20.03707414829669 0.00000000000000 0.00000000000001 0.00000000000000 0.00000000000000
20.07615230460932 0.00000000000000 0.00000000000001 0.00000000000000 0.00000000000000
20.11523046092194 0.00000000000000 0.00000000000001 0.00000000000000 0.00000000000000
20.15430861723457 0.00000000000000 0.00000000000001 0.00000000000000 0.00000000000000
20.19338677354720 0.00000000000000 0.00000000000001 0.00000000000000 0.00000000000000
20.23246492985982 0.00000000000000 0.00000000000001 0.00000000000000 0.00000000000000
20.27154308617245 0.00000000000000 0.00000000000000 0.00000000000000 0.00000000000000
20.31062124248508 0.00000000000000 0.00000000000000 0.00000000000000 0.00000000000000
20.34969939879770 0.00000000000000 0.00000000000000 0.00000000000000 0.00000000000000
20.38877755511033 0.00000000000000 0.00000000000000 0.00000000000000 0.00000000000000
20.42785571142296 0.00000000000000 0.00000000000000 0.00000000000000 0.00000000000000
20.46693386773558 0.00000000000000 0.00000000000000 0.00000000000000 0.00000000000000
20.50601202404821 0.00000000000000 0.00000000000000 0.00000000000000 0.00000000000000
20.54509018036084 0.00000000000000 0.00000000000000 0.00000000000000 0.00000000000000
20.58416833667346 0.00000000000000 0.00000000000000 0.00000000000000 0.00000000000000
20.62324649298609 0.00000000000000 0.00000000000000 0.00000000000000 0.00000000000000
20.66232464929872 0.00000000000000 0.00000000000000 0.00000000000000 0.00000000000000
20.70140280561134 0.00000000000000 0.00000000000000 0.00000000000000 0.00000000000000
20.74048096192397 0.00000000000000 0.00000000000000 0.00000000000000 0.00000000000000
20.77955911823660 0.00000000000000 0.00000000000000 0.00000000000000 0.00000000000000
20.81863727454922 0.00000000000000 0.00000000000000 0.00000000000000 0.00000000000000
20.85771543086185 0.00000000000000 0.00000000000000 0.00000000000000 0.00000000000000
20.89679358717448 0.00000000000000 0.00000000000000 0.00000000000000 0.00000000000000
20.93587174348711 0.00000000000000 0.00000000000000 0.00000000000000 0.00000000000000
20.97494989979973 0.00000000000000 0.00000000000000 0.00000000000000 0.00000000000000
21.01402805611236 0.00000000000000 0.00000000000000 0.00000000000000 0.00000000000000
21.05310621242499 0.00000000000000 0.00000000000000 0.00000000000000 0.00000000000000
21.09218436873761 0.00000000000000 0.00000000000000 0.00000000000000 0.00000000000000
21.13126252505024 0.00000000000000 0.00000000000000 0.00000000000000 0.00000000000000
21.17034068136287 0.00000000000000 0.00000000000000 0.00000000000000 0.00000000000000
21.20941883767549 0.00000000000000 0.00000000000000 0.00000000000000 0.00000000000000
21.24849699398812 0.00000000000000 0.00000000000000 0.00000000000000 0.00000000000000
21.28757515030075 0.00000000000000 0.00000000000000 0.00000000000000 0.00000000000000
21.32665330661337 0.00000000000000 0.00000000000000 0.00000000000000 0.00000000000000
21.36573146292600 0.00000000000000 0.00000000000000 0.00000000000000 0.00000000000000
21.40480961923863 0.00000000000000 0.00000000000000 0.00000000000000 0.00000000000000
21.44388777555125 0.00000000000000 0.00000000000000 0.00000000000000 0.00000000000000
21.48296593186388 0.00000000000000 0.00000000000000 0.00000000000000 0.00000000000000
21.52204408817651 0.00000000000000 0.00000000000000 0.00000000000000 0.00000000000000
21.56112224448913 0.00000000000000 0.00000000000000 0.00000000000000 0.00000000000000
21.60020040080176 0.00000000000000 0.00000000000000 0.00000000000000 0.00000000000000
21.63927855711439 0.00000000000000 0.00000000000000 0.00000000000000 0.00000000000000
21.67835671342701 0.00000000000000 0.00000000000000 0.00000000000000 0.00000000000000
21.71743486973964 0.00000000000000 0.00000000000000 0.00000000000000 0.00000000000000
21.75651302605227 0.00000000000000 0.00000000000000 0.00000000000000 0.00000000000000
21.79559118236489 0.00000000000000 0.00000000000000 0.00000000000000 0.00000000000000
21.83466933867752 0.00000000000000 0.00000000000000 0.00000000000000 0.00000000000000
21.87374749499015 0.00000000000000 0.00000000000000 0.00000000000000 0.00000000000000
21.91282565130278 0.00000000000000 0.00000000000000 0.00000000000000 0.00000000000000
21.95190380761540 0.00000000000000 0.00000000000000 0.00000000000000 0.00000000000000
21.99098196392803 0.00000000000000 0.00000000000000 0.00000000000000 0.00000000000000
22.03006012024066 0.00000000000000 0.00000000000000 0.00000000000000 0.00000000000000
22.06913827655328 0.00000000000000 0.00000000000000 0.00000000000000 0.00000000000000
22.10821643286591 0.00000000000000 0.00000000000000 0.00000000000000 0.00000000000000
22.14729458917854 0.00000000000000 0.00000000000000 0.00000000000000 0.00000000000000
22.18637274549116 0.00000000000000 0.00000000000000 0.00000000000000 0.00000000000000
22.22545090180379 0.00000000000000 0.00000000000000 0.00000000000000 0.00000000000000
22.26452905811642 0.00000000000000 0.00000000000000 0.00000000000000 0.00000000000000
22.30360721442904 0.00000000000000 0.00000000000000 0.00000000000000 0.00000000000000
22.34268537074167 0.00000000000000 0.00000000000000 0.00000000000000 0.00000000000000
22.38176352705430 0.00000000000000 0.00000000000000 0.00000000000000 0.00000000000000
22.42084168336692 0.00000000000000 0.00000000000000 0.00000000000000 0.00000000000000
22.45991983967955 0.00000000000000 0.00000000000000 0.00000000000000 0.00000000000000
22.49899799599218 0.00000000000000 0.00000000000000 0.00000000000000 0.00000000000000
22.53807615230480 0.00000000000000 0.00000000000000 0.00000000000000 0.00000000000000
22.57715430861743 0.00000000000000 0.00000000000000 0.00000000000000 0.00000000000000
22.61623246493006 0.00000000000000 0.00000000000000 0.00000000000000 0.00000000000000
22.65531062124268 0.00000000000000 0.00000000000000 0.00000000000000 0.00000000000000
22.69438877755531 0.00000000000000 0.00000000000000 0.00000000000000 0.00000000000000
22.73346693386794 0.00000000000000 0.00000000000000 0.00000000000000 0.00000000000000
22.77254509018056 0.00000000000000 0.00000000000000 0.00000000000000 0.00000000000000
22.81162324649319 0.00000000000000 0.00000000000000 0.00000000000000 0.00000000000000
22.85070140280582 0.00000000000000 0.00000000000000 0.00000000000000 0.00000000000000
22.88977955911844 0.00000000000000 0.00000000000000 0.00000000000000 0.00000000000000
22.92885771543107 0.00000000000000 0.00000000000000 0.00000000000000 0.00000000000000
22.96793587174370 0.00000000000000 0.00000000000000 0.00000000000000 0.00000000000000
23.00701402805633 0.00000000000000 0.00000000000000 0.00000000000000 0.00000000000000
23.04609218436895 0.00000000000000 0.00000000000000 0.00000000000000 0.00000000000000
23.08517034068158 0.00000000000000 0.00000000000000 0.00000000000000 0.00000000000000
23.12424849699421 0.00000000000000 0.00000000000000 0.00000000000000 0.00000000000000
23.16332665330683 0.00000000000000 0.00000000000000 0.00000000000000 0.00000000000000
23.20240480961946 0.00000000000000 0.00000000000000 0.00000000000000 0.00000000000000
23.24148296593209 0.00000000000000 0.00000000000000 0.00000000000000 0.00000000000000
23.28056112224471 0.00000000000000 0.00000000000000 0.00000000000000 0.00000000000000
23.31963927855734 0.00000000000000 0.00000000000000 0.00000000000000 0.00000000000000
23.35871743486997 0.00000000000000 0.00000000000000 0.00000000000000 0.00000000000000
23.39779559118259 0.00000000000000 0.00000000000000 0.00000000000000 0.00000000000000
23.43687374749522 0.00000000000000 0.00000000000000 0.00000000000000 0.00000000000000
23.47595190380785 0.00000000000000 0.00000000000000 0.00000000000000 0.00000000000000
23.51503006012047 0.00000000000000 0.00000000000000 0.00000000000000 0.00000000000000
23.55410821643310 0.00000000000000 0.00000000000000 0.00000000000000 0.00000000000000
23.59318637274573 0.00000000000000 0.00000000000000 0.00000000000000 0.00000000000000
23.63226452905835 0.00000000000000 0.00000000000000 0.00000000000000 0.00000000000000
23.67134268537098 0.00000000000000 0.00000000000000 0.00000000000000 0.00000000000000
23.71042084168361 0.00000000000000 0.00000000000000 0.00000000000000 0.00000000000000
23.74949899799623 0.00000000000000 0.00000000000000 0.00000000000000 0.00000000000000
23.78857715430886 0.00000000000000 0.00000000000000 0.00000000000000 0.00000000000000
23.82765531062149 0.00000000000000 0.00000000000000 0.00000000000000 0.00000000000000
23.86673346693411 0.00000000000000 0.00000000000000 0.00000000000000 0.00000000000000
23.90581162324674 0.00000000000000 0.00000000000000 0.00000000000000 0.00000000000000
23.94488977955937 0.00000000000000 0.00000000000000 0.00000000000000 0.00000000000000
23.98396793587199 0.00000000000000 0.00000000000000 0.00000000000000 0.00000000000000
24.02304609218462 0.00000000000000 0.00000000000000 0.00000000000000 0.00000000000000
24.06212424849725 0.00000000000000 0.00000000000000 0.00000000000000 0.00000000000000
24.10120240480988 0.00000000000000 0.00000000000000 0.00000000000000 0.00000000000000
24.14028056112250 0.00000000000000 0.00000000000000 0.00000000000000 0.00000000000000
24.17935871743513 0.00000000000000 0.00000000000000 0.00000000000000 0.00000000000000
24.21843687374776 0.00000000000000 0.00000000000000 0.00000000000000 0.00000000000000
24.25751503006038 0.00000000000000 0.00000000000000 0.00000000000000 0.00000000000000
24.29659318637301 0.00000000000000 0.00000000000000 0.00000000000000 0.00000000000000
24.33567134268564 0.00000000000000 0.00000000000000 0.00000000000000 0.00000000000000
24.37474949899826 0.00000000000000 0.00000000000000 0.00000000000000 0.00000000000000
24.41382765531089 0.00000000000000 0.00000000000000 0.00000000000000 0.00000000000000
24.45290581162352 0.00000000000000 0.00000000000000 0.00000000000000 0.00000000000000
24.49198396793614 0.00000000000000 0.00000000000000 0.00000000000000 0.00000000000000
24.53106212424877 0.00000000000000 0.00000000000000 0.00000000000000 0.00000000000000
24.57014028056140 0.00000000000000 0.00000000000000 0.00000000000000 0.00000000000000
24.60921843687402 0.00000000000000 0.00000000000000 0.00000000000000 0.00000000000000
24.64829659318665 0.00000000000000 0.00000000000000 0.00000000000000 0.00000000000000
24.68737474949928 0.00000000000000 0.00000000000000 0.00000000000000 0.00000000000000
24.72645290581190 0.00000000000000 0.00000000000000 0.00000000000000 0.00000000000000
24.76553106212453 0.00000000000000 0.00000000000000 0.00000000000000 0.00000000000000
24.80460921843716 0.00000000000000 0.00000000000000 0.00000000000000 0.00000000000000
24.84368737474978 0.00000000000000 0.00000000000000 0.00000000000000 0.00000000000000
24.88276553106241 0.00000000000000 0.00000000000000 0.00000000000000 0.00000000000000
24.92184368737504 0.00000000000000 0.00000000000000 0.00000000000000 0.00000000000000
24.96092184368766 0.00000000000000 0.00000000000000 0.00000000000000 0.00000000000000
25.00000000000029 0.00000000000000 0.00000000000000 0.00000000000000 0.00000000000000
