5.50000000000000 0.00000000000000 0.00000000000000 0.00000000000000 0.00000000000000
5.53907815631263 0.00000000000000 0.00000000001053 0.00000000000000 -0.00000000001063
5.57815631262525 0.00000000000000 0.00000000004027 0.00000000000000 -0.00000000004067
5.61723446893788 0.00000000000000 0.00000000013760 0.00000000000000 -0.00000000013902
5.65631262525050 0.00000000000000 0.00000000044663 0.00000000000000 -0.00000000045135
5.69539078156313 0.00000000000000 0.00000000138521 0.00000000000000 -0.00000000140026
5.73446893787575 0.00000000000000 0.00000000411266 0.00000000000000 -0.00000000415845
5.77354709418838 0.00000000000000 0.00000001170476 0.00000000000000 -0.00000001183799
5.81262525050100 0.00000000000000 0.00000003197429 0.00000000000000 -0.00000003234549
5.85170340681363 0.00000000000000 0.00000008394268 0.00000000000000 -0.00000008493442
5.89078156312625 0.00000000000000 0.00000021204901 0.00000000000000 -0.00000021459306
5.92985971943888 0.00000000000000 0.00000051602769 0.00000000000000 -0.00000052230150
5.96893787575150 0.00000000000000 0.00000121112665 0.00000000000000 -0.00000122601806
6.00801603206413 0.00000000000000 0.00000274452839 0.00000000000000 -0.00000277858791
6.04709418837675 0.00000000000000 0.00000601139603 0.00000000000000 -0.00000608654412
6.08617234468938 0.00000000000000 0.00001273992275 0.00000000000000 -0.00001290003791
6.12525050100200 0.00000000000000 0.00002615071326 0.00000000000000 -0.00002648049145
6.16432865731463 0.00000000000000 0.00005204206513 0.00000000000000 -0.00005269927969
6.20340681362725 0.00000000000000 0.00010050706470 0.00000000000000 -0.00010177556476
6.24248496993988 0.00000000000000 0.00018854492392 0.00000000000000 -0.00019091823972
6.28156312625250 0.00000000000000 0.00034387687600 0.00000000000000 -0.00034818479118
6.32064128256513 0.00000000000000 0.00061030023992 0.00000000000000 -0.00061789249750
6.35971943887775 0.00000000000000 0.00105488941661 0.00000000000000 -0.00106789085269
6.39879759519038 0.00000000000000 0.00177722327170 0.00000000000000 -0.00179887143316
6.43787575150300 0.00000000000000 0.00292056417839 0.00000000000000 -0.00295563210722
6.47695390781563 0.00000000000000 0.00468469306357 0.00000000000000 -0.00473998689833
6.51603206412825 0.00000000000000 0.00733959646750 0.00000000000000 -0.00742449682445
6.55511022044088 0.00000000000000 0.01123868821134 0.00000000000000 -0.01136567721431
6.59418837675350 0.00000000000000 0.01682969949891 0.00000000000000 -0.01701478353845
6.63326653306613 0.00000000000000 0.02466087551338 0.00000000000000 -0.02492378097421
6.67234468937875 0.00000000000000 0.03537978278042 0.00000000000000 -0.03574377367669
6.71142284569138 0.00000000000000 0.04972197246133 0.00000000000000 -0.05021312223740
6.75050100200400 0.00000000000000 0.06848705971860 0.00000000000000 -0.06913281195719
6.78957915831663 0.00000000000000 0.09250053218162 0.00000000000000 -0.09332741302410
6.82865731462925 0.00000000000000 0.12256079896222 0.00000000000000 -0.12359120078096
6.86773547094188 0.00000000000000 0.15937257312722 0.00000000000000 -0.16062061152179
6.90681362725450 0.00000000000000 0.20346950921860 0.00000000000000 -0.20493605299129
6.94589178356713 0.00000000000000 0.25513089074991 0.00000000000000 -0.25679800874038
6.98496993987975 0.00000000000000 0.31429881011827 0.00000000000000 -0.31612437822528
7.02404809619238 0.00000000000000 0.38050346221728 0.00000000000000 -0.38241659045656
7.06312625250500 0.00000000000000 0.45280477994268 0.00000000000000 -0.45470263243990
7.10220440881763 0.00000000000000 0.52975800936209 0.00000000000000 -0.53150490984502
7.14128256513025 0.00000000000000 0.60940987804939 0.00000000000000 -0.61083956415153
7.18036072144288 0.00000000000000 0.68932994884985 0.00000000000000 -0.69025173424417
7.21943887775550 0.00000000000000 0.76667902270666 0.00000000000000 -0.76688845085246
7.25851703406813 0.00000000000000 0.83831334093544 0.00000000000000 -0.83760765873041
7.29759519038075 0.00000000000000 0.90092013503046 0.00000000000000 -0.89911859511997
7.33667334669338 0.00000000000000 0.95117711639203 0.00000000000000 -0.94814575956303
7.37575150300600 0.00000000000000 0.98592610408194 0.00000000000000 -0.98160631018881
7.41482965931863 0.00000000000000 1.00234940882563 0.00000000000000 -0.99678917029414
7.45390781563125 0.00000000000000 0.99813698778435 0.00000000000000 -0.99152358607174
7.49298597194388 0.00000000000000 0.97163281142894 0.00000000000000 -0.96432538999044
7.53206412825650 0.00000000000000 0.92195028614963 0.00000000000000 -0.91451073034338
7.57114228456913 0.00000000000000 0.84904880144220 0.00000000000000 -0.84226936210197
7.61022044088175 0.00000000000000 0.75376629109209 0.00000000000000 -0.74869251833190
7.64929859719438 0.00000000000000 0.63780584083175 0.00000000000000 -0.63575361170560
7.68837675350700 0.00000000000000 0.50367755431252 0.00000000000000 -0.50624325797679
7.72745490981963 0.00000000000000 0.35459983589569 0.00000000000000 -0.36366309416680
7.76653306613225 0.00000000000000 0.19436673618515 0.00000000000000 -0.21208535649181
7.80561122244488 0.00000000000000 0.02718986821121 0.00000000000000 -0.05598702366692
7.84468937875750 0.00000000000000 -0.14247545764457 0.00000000000000 0.09993157006386
7.88376753507013 0.00000000000000 -0.31010983897583 0.00000000000000 0.25093340834051
7.92284569138275 0.00000000000000 -0.47130540090485 0.00000000000000 0.39242688032936
7.96192384769538 0.00000000000000 -0.62192863414169 0.00000000000000 0.52013439239971
8.00100200400800 0.00000000000000 -0.75826307065230 0.00000000000000 0.63024006892154
8.04008016032063 0.00000000000000 -0.87712616272628 0.00000000000000 0.71951087936875
8.07915831663325 0.00000000000000 -0.97595665111117 0.00000000000000 0.78538745825438
8.11823647294588 0.00000000000000 -1.05287065015101 0.00000000000000 0.82604282208797
8.15731462925850 0.00000000000000 -1.10668651057930 0.00000000000000 0.84040900570870
8.19639278557113 0.00000000000000 -1.13692013819214 0.00000000000000 0.82817323901036
8.23547094188375 0.00000000000000 -1.14375377390714 0.00000000000000 0.78974659515225
8.27454909819638 0.00000000000000 -1.12798223379411 0.00000000000000 0.72620902456829
8.31362725450900 0.00000000000000 -1.09094125205911 0.00000000000000 0.63923533532939
8.35270541082163 0.00000000000000 -1.03442287675594 0.00000000000000 0.53100700331920
8.39178356713425 0.00000000000000 -0.96058286869358 0.00000000000000 0.40411472722002
8.43086172344688 0.00000000000000 -0.87184479476837 0.00000000000000 0.26145642804857
8.46993987975950 0.00000000000000 -0.77080504280851 0.00000000000000 0.10613498261750
8.50901803607213 0.00000000000000 -0.66014237452582 0.00000000000000 -0.05864057123137
8.54809619238475 0.00000000000000 -0.54253493381898 0.00000000000000 -0.22964726023856
8.58717434869738 0.00000000000000 -0.42058689228842 0.00000000000000 -0.40373141665640
8.62625250501000 0.00000000000000 -0.29676618799669 0.00000000000000 -0.57788120135635
8.66533066132263 0.00000000000000 -0.17335413405062 0.00000000000000 -0.74928732580136
8.70440881763525 0.00000000000000 -0.05240706788829 0.00000000000000 -0.91539148184100
8.74348697394788 0.00000000000000 0.06427030165704 0.00000000000000 -1.07392250583572
8.78256513026050 0.00000000000000 0.17514060480538 0.00000000000000 -1.22292073640036
8.82164328657313 0.00000000000000 0.27893964284145 0.00000000000000 -1.36075136918786
8.86072144288575 0.00000000000000 0.37467361478534 0.00000000000000 -1.48610786875722
8.89979959919838 0.00000000000000 0.46160912960202 0.00000000000000 -1.59800667172187
8.93887775551100 0.00000000000000 0.53925743293413 0.00000000000000 -1.69577451487974
8.97795591182363 0.00000000000000 0.60735424916013 0.00000000000000 -1.77902975650846
9.01703406813625 0.00000000000000 0.66583655917665 0.00000000000000 -1.84765903902824
9.05611222444888 0.00000000000000 0.71481751549062 0.00000000000000 -1.90179057758776
9.09519038076150 0.00000000000000 0.75456055184123 0.00000000000000 -1.94176526229390
9.13426853707413 0.00000000000000 0.78545358607290 0.00000000000000 -1.96810664153927
9.17334669338675 0.00000000000000 0.80798405203697 0.00000000000000 -1.98149071893699
9.21242484969938 0.00000000000000 0.82271533674905 0.00000000000000 -1.98271635433928
9.25150300601200 0.00000000000000 0.83026504886702 0.00000000000000 -1.97267691664407
9.29058116232463 0.00000000000000 0.83128540804486 0.00000000000000 -1.95233369769436
9.32965931863725 0.00000000000000 0.82644592457567 0.00000000000000 -1.92269146647364
9.36873747494988 0.00000000000000 0.81641843634865 0.00000000000000 -1.88477642383552
9.40781563126250 0.00000000000000 0.80186448580587 0.00000000000000 -1.83961671204029
9.44689378757513 0.00000000000000 0.78342495274300 0.00000000000000 -1.78822554143460
9.48597194388775 0.00000000000000 0.76171180827523 0.00000000000000 -1.73158691902768
9.52505010020038 0.00000000000000 0.73730181948680 0.00000000000000 -1.67064390025270
9.56412825651300 0.00000000000000 0.71073201134991 0.00000000000000 -1.60628923517761
9.60320641282563 0.00000000000000 0.68249668048505 0.00000000000000 -1.53935824285352
9.64228456913825 0.00000000000000 0.65304575229134 0.00000000000000 -1.47062372114605
9.68136272545088 0.00000000000000 0.62278427705008 0.00000000000000 -1.40079268294885
9.72044088176350 0.00000000000000 0.59207287009135 0.00000000000000 -1.33050470173380
9.75951903807613 0.00000000000000 0.56122891449536 0.00000000000000 -1.26033164856373
9.79859719438875 0.00000000000000 0.53052836076482 0.00000000000000 -1.19077860764664
9.83767535070138 0.00000000000000 0.50020797534934 0.00000000000000 -1.12228576699933
9.87675350701400 0.00000000000000 0.47046790792946 0.00000000000000 -1.05523109367689
9.91583166332663 0.00000000000000 0.44147446526698 0.00000000000000 -0.98993361830347
9.95490981963925 0.00000000000000 0.41336299666267 0.00000000000000 -0.92665717043023
9.99398797595188 0.00000000000000 0.38624081224485 0.00000000000000 -0.86561442380358
10.03306613226450 0.00000000000000 0.36019007018277 0.00000000000000 -0.80697112833449
10.07214428857713 0.00000000000000 0.33527058232413 0.00000000000000 -0.75085042292129
10.11122244488975 0.00000000000000 0.31152249962875 0.00000000000000 -0.69733713991062
10.15030060120238 0.00000000000000 0.28896884910805 0.00000000000000 -0.64648202759730
10.18937875751500 0.00000000000000 0.26761790283283 0.00000000000000 -0.59830583156636
10.22845691382763 0.00000000000000 0.24746536702347 0.00000000000000 -0.55280318874452
10.26753507014025 0.00000000000000 0.22849638539633 0.00000000000000 -0.50994629969230
10.30661322645288 0.00000000000000 0.21068735593079 0.00000000000000 -0.46968835492025
10.34569138276550 0.00000000000000 0.19400756417156 0.00000000000000 -0.43196669988280
10.38476953907813 0.00000000000000 0.17842063922169 0.00000000000000 -0.39670573084995
10.42384769539075 0.00000000000000 0.16388584083706 0.00000000000000 -0.36381952016271
10.46292585170338 0.00000000000000 0.15035918762363 0.00000000000000 -0.33321417454054
10.50200400801600 0.00000000000000 0.13779443737261 0.00000000000000 -0.30478993423298
10.54108216432863 0.00000000000000 0.12614393114551 0.00000000000000 -0.27844302400565
10.58016032064125 0.00000000000000 0.11535931292968 0.00000000000000 -0.25406726933211
10.61923847695388 0.00000000000000 0.10539213660181 0.00000000000000 -0.23155549283686
10.65831663326650 0.00000000000000 0.09619437163036 0.00000000000000 -0.21080070710362
10.69739478957913 0.00000000000000 0.08771881847380 0.00000000000000 -0.19169712052286
10.73647294589175 0.00000000000000 0.07991944403852 0.00000000000000 -0.17414097299269
10.77555110220438 0.00000000000000 0.07275164688847 0.00000000000000 -0.15803121808674
10.81462925851700 0.00000000000000 0.06617246117903 0.00000000000000 -0.14327006783338
10.85370741482963 0.00000000000000 0.06014070754813 0.00000000000000 -0.12976341557527
10.89278557114225 0.00000000000000 0.05461709845723 0.00000000000000 -0.11742115155095
10.93186372745488 0.00000000000000 0.04956430474954 0.00000000000000 -0.10615738490817
10.97094188376750 0.00000000000000 0.04494698949494 0.00000000000000 -0.09589058486008
11.01002004008013 0.00000000000000 0.04073181452828 0.00000000000000 -0.08654365266420
11.04909819639275 0.00000000000000 0.03688742446567 0.00000000000000 -0.07804393506549
11.08817635270538 0.00000000000000 0.03338441240594 0.00000000000000 -0.07032318882130
11.12725450901800 0.00000000000000 0.03019527099289 0.00000000000000 -0.06331750493263
11.16633266533063 0.00000000000000 0.02729433202836 0.00000000000000 -0.05696720025713
11.20541082164325 0.00000000000000 0.02465769738654 0.00000000000000 -0.05121668328175
11.24448897795588 0.00000000000000 0.02226316358359 0.00000000000000 -0.04601429999466
11.28356713426850 0.00000000000000 0.02009014200272 0.00000000000000 -0.04131216501941
11.32264529058113 0.00000000000000 0.01811957645947 0.00000000000000 -0.03706598246164
11.36172344689375 0.00000000000000 0.01633385951386 0.00000000000000 -0.03323486026980
11.40080160320638 0.00000000000000 0.01471674869108 0.00000000000000 -0.02978112132483
11.43987975951900 0.00000000000000 0.01325328355846 0.00000000000000 -0.02667011394818
11.47895791583163 0.00000000000000 0.01192970442081 0.00000000000000 -0.02387002404912
11.51803607214425 0.00000000000000 0.01073337323514 0.00000000000000 -0.02135169071796
11.55711422845688 0.00000000000000 0.00965269720825 0.00000000000000 -0.01908842670874
11.59619238476950 0.00000000000000 0.00867705542273 0.00000000000000 -0.01705584493739
11.63527054108213 0.00000000000000 0.00779672873719 0.00000000000000 -0.01523169184746
11.67434869739475 0.00000000000000 0.00700283312261 0.00000000000000 -0.01359568825998
11.71342685370738 0.00000000000000 0.00628725652681 0.00000000000000 -0.01212937812349
11.75250501002000 0.00000000000000 0.00564259930105 0.00000000000000 -0.01081598541107
11.79158316633263 0.00000000000000 0.00506211817569 0.00000000000000 -0.00964027927043
11.83066132264525 0.00000000000000 0.00453967373357 0.00000000000000 -0.00858844741595
11.86973947895788 0.00000000000000 0.00406968129973 0.00000000000000 -0.00764797765729
11.90881763527050 0.00000000000000 0.00364706514244 0.00000000000000 -0.00680754738307
11.94789579158313 0.00000000000000 0.00326721586295 0.00000000000000 -0.00605692075833
11.98697394789575 0.00000000000000 0.00292595083824 0.00000000000000 -0.00538685334947
12.02605210420838 0.00000000000000 0.00261947757257 0.00000000000000 -0.00478900385683
12.06513026052100 0.00000000000000 0.00234435980783 0.00000000000000 -0.00425585261177
12.10420841683363 0.00000000000000 0.00209748624037 0.00000000000000 -0.00378062648081
12.14328657314625 0.00000000000000 0.00187604169148 0.00000000000000 -0.00335722981193
12.18236472945888 0.00000000000000 0.00167748058042 0.00000000000000 -0.00298018105641
12.22144288577150 0.00000000000000 0.00149950255155 0.00000000000000 -0.00264455470317
12.26052104208413 0.00000000000000 0.00134003011166 0.00000000000000 -0.00234592816933
12.29959919839675 0.00000000000000 0.00119718813837 0.00000000000000 -0.00208033330103
12.33867735470938 0.00000000000000 0.00106928512621 0.00000000000000 -0.00184421215077
12.37775551102200 0.00000000000000 0.00095479604305 0.00000000000000 -0.00163437671155
12.41683366733463 0.00000000000000 0.00085234667611 0.00000000000000 -0.00144797230356
12.45591182364725 0.00000000000000 0.00076069935321 0.00000000000000 -0.00128244432472
12.49498997995988 0.00000000000000 0.00067873993156 0.00000000000000 -0.00113550809331
12.53406813627250 0.00000000000000 0.00060546595290 0.00000000000000 -0.00100512152693
12.57314629258513 0.00000000000000 0.00053997587053 0.00000000000000 -0.00088946041877
12.61222444889775 0.00000000000000 0.00048145925965 0.00000000000000 -0.00078689608816
12.65130260521038 0.00000000000000 0.00042918792881 0.00000000000000 -0.00069597519803
12.69038076152300 0.00000000000000 0.00038250785615 0.00000000000000 -0.00061540154692
12.72945891783563 0.00000000000000 0.00034083187930 0.00000000000000 -0.00054401965790
12.76853707414825 0.00000000000000 0.00030363307375 0.00000000000000 -0.00048080000028
12.80761523046088 0.00000000000000 0.00027043875886 0.00000000000000 -0.00042482569312
12.84669338677350 0.00000000000000 0.00024082507591 0.00000000000000 -0.00037528055197
12.88577154308613 0.00000000000000 0.00021441208676 0.00000000000000 -0.00033143835165
12.92484969939875 0.00000000000000 0.00019085934610 0.00000000000000 -0.00029265318872
12.96392785571138 0.00000000000000 0.00016986190376 0.00000000000000 -0.00025835083753
13.00300601202400 0.00000000000000 0.00015114669764 0.00000000000000 -0.00022802100272
13.04208416833663 0.00000000000000 0.00013446930095 0.00000000000000 -0.00020121038015
13.08116232464925 0.00000000000000 0.00011961099045 0.00000000000000 -0.00017751644593
13.12024048096188 0.00000000000000 0.00010637610556 0.00000000000000 -0.00015658190066
13.15931863727450 0.00000000000000 0.00009458967068 0.00000000000000 -0.00013808970284
13.19839679358713 0.00000000000000 0.00008409525550 0.00000000000000 -0.00012175863166
13.23747494989975 0.00000000000000 0.00007475305050 0.00000000000000 -0.00010733932493
13.27655310621238 0.00000000000000 0.00006643813677 0.00000000000000 -0.00009461074329
13.31563126252500 0.00000000000000 0.00005903893126 0.00000000000000 -0.00008337701651
13.35470941883763 0.00000000000000 0.00005245579022 0.00000000000000 -0.00007346463204
13.39378757515025 0.00000000000000 0.00004659975538 0.00000000000000 -0.00006471992995
13.43286573146288 0.00000000000000 0.00004139142870 0.00000000000000 -0.00005700687192
13.47194388777550 0.00000000000000 0.00003675996286 0.00000000000000 -0.00005020505526
13.51102204408813 0.00000000000000 0.00003264215608 0.00000000000000 -0.00004420794583
13.55010020040075 0.00000000000000 0.00002898164060 0.00000000000000 -0.00003892130646
13.58917835671338 0.00000000000000 0.00002572815564 0.00000000000000 -0.00003426179980
13.62825651302600 0.00000000000000 0.00002283689602 0.00000000000000 -0.00003015574677
13.66733466933863 0.00000000000000 0.00002026792901 0.00000000000000 -0.00002653802371
13.70641282565125 0.00000000000000 0.00001798567226 0.00000000000000 -0.00002335108323
13.74549098196388 0.00000000000000 0.00001595842668 0.00000000000000 -0.00002054408494
13.78456913827650 0.00000000000000 0.00001415795859 0.00000000000000 -0.00001807212439
13.82364729458913 0.00000000000000 0.00001255912600 0.00000000000000 -0.00001589554899
13.86272545090175 0.00000000000000 0.00001113954456 0.00000000000000 -0.00001397935163
13.90180360721438 0.00000000000000 0.00000987928904 0.00000000000000 -0.00001229263311
13.94088176352700 0.00000000000000 0.00000876062651 0.00000000000000 -0.00001080812589
13.97995991983963 0.00000000000000 0.00000776777815 0.00000000000000 -0.00000950177220
14.01903807615225 0.00000000000000 0.00000688670646 0.00000000000000 -0.00000835235051
14.05811623246488 0.00000000000000 0.00000610492532 0.00000000000000 -0.00000734114479
14.09719438877750 0.00000000000000 0.00000541133050 0.00000000000000 -0.00000645165189
14.13627254509013 0.00000000000000 0.00000479604844 0.00000000000000 -0.00000566932261
14.17535070140275 0.00000000000000 0.00000425030127 0.00000000000000 -0.00000498133271
14.21442885771538 0.00000000000000 0.00000376628656 0.00000000000000 -0.00000437638037
14.25350701402800 0.00000000000000 0.00000333707002 0.00000000000000 -0.00000384450722
14.29258517034063 0.00000000000000 0.00000295648984 0.00000000000000 -0.00000337694013
14.33166332665325 0.00000000000000 0.00000261907156 0.00000000000000 -0.00000296595140
14.37074148296588 0.00000000000000 0.00000231995204 0.00000000000000 -0.00000260473530
14.40981963927850 0.00000000000000 0.00000205481189 0.00000000000000 -0.00000228729901
14.44889779559113 0.00000000000000 0.00000181981521 0.00000000000000 -0.00000200836632
14.48797595190375 0.00000000000000 0.00000161155596 0.00000000000000 -0.00000176329269
14.52705410821638 0.00000000000000 0.00000142701019 0.00000000000000 -0.00000154799015
14.56613226452900 0.00000000000000 0.00000126349357 0.00000000000000 -0.00000135886118
14.60521042084163 0.00000000000000 0.00000111862352 0.00000000000000 -0.00000119274029
14.64428857715425 0.00000000000000 0.00000099028563 0.00000000000000 -0.00000104684251
14.68336673346688 0.00000000000000 0.00000087660363 0.00000000000000 -0.00000091871800
14.72244488977950 0.00000000000000 0.00000077591287 0.00000000000000 -0.00000080621197
14.76152304609213 0.00000000000000 0.00000068673655 0.00000000000000 -0.00000070742942
14.80060120240475 0.00000000000000 0.00000060776474 0.00000000000000 -0.00000062070400
14.83967935871738 0.00000000000000 0.00000053783563 0.00000000000000 -0.00000054457061
14.87875751503000 0.00000000000000 0.00000047591889 0.00000000000000 -0.00000047774127
14.91783567134263 0.00000000000000 0.00000042110093 0.00000000000000 -0.00000041908380
14.95691382765525 0.00000000000000 0.00000037257173 0.00000000000000 -0.00000036760310
14.99599198396788 0.00000000000000 0.00000032961320 0.00000000000000 -0.00000032242468
15.03507014028050 0.00000000000000 0.00000029158879 0.00000000000000 -0.00000028278006
15.07414829659313 0.00000000000000 0.00000025793431 0.00000000000000 -0.00000024799407
15.11322645290575 0.00000000000000 0.00000022814974 0.00000000000000 -0.00000021747353
15.15230460921838 0.00000000000000 0.00000020179199 0.00000000000000 -0.00000019069735
15.19138276553100 0.00000000000000 0.00000017846844 0.00000000000000 -0.00000016720783
15.23046092184363 0.00000000000000 0.00000015783126 0.00000000000000 -0.00000014660298
15.26953907815625 0.00000000000000 0.00000013957227 0.00000000000000 -0.00000012852978
15.30861723446888 0.00000000000000 0.00000012341850 0.00000000000000 -0.00000011267823
15.34769539078150 0.00000000000000 0.00000010912817 0.00000000000000 -0.00000009877614
15.38677354709413 0.00000000000000 0.00000009648713 0.00000000000000 -0.00000008658455
15.42585170340675 0.00000000000000 0.00000008530574 0.00000000000000 -0.00000007589366
15.46492985971938 0.00000000000000 0.00000007541607 0.00000000000000 -0.00000006651933
15.50400801603200 0.00000000000000 0.00000006666943 0.00000000000000 -0.00000005829992
15.54308617234463 0.00000000000000 0.00000005893418 0.00000000000000 -0.00000005109356
15.58216432865725 0.00000000000000 0.00000005209376 0.00000000000000 -0.00000004477576
15.62124248496988 0.00000000000000 0.00000004604502 0.00000000000000 -0.00000003923727
15.66032064128250 0.00000000000000 0.00000004069662 0.00000000000000 -0.00000003438224
15.69939879759513 0.00000000000000 0.00000003596775 0.00000000000000 -0.00000003012654
15.73847695390775 0.00000000000000 0.00000003178687 0.00000000000000 -0.00000002639640
15.77755511022038 0.00000000000000 0.00000002809068 0.00000000000000 -0.00000002312708
15.81663326653300 0.00000000000000 0.00000002482316 0.00000000000000 -0.00000002026180
15.85571142284563 0.00000000000000 0.00000002193474 0.00000000000000 -0.00000001775075
15.89478957915825 0.00000000000000 0.00000001938156 0.00000000000000 -0.00000001555024
15.93386773547088 0.00000000000000 0.00000001712484 0.00000000000000 -0.00000001362196
15.97294589178350 0.00000000000000 0.00000001513025 0.00000000000000 -0.00000001193232
16.01202404809613 0.00000000000000 0.00000001336741 0.00000000000000 -0.00000001045184
16.05110220440876 0.00000000000000 0.00000001180949 0.00000000000000 -0.00000000915470
16.09018036072138 0.00000000000000 0.00000001043272 0.00000000000000 -0.00000000801823
16.12925851703401 0.00000000000000 0.00000000921609 0.00000000000000 -0.00000000702259
16.16833667334664 0.00000000000000 0.00000000814103 0.00000000000000 -0.00000000615035
16.20741482965926 0.00000000000000 0.00000000719110 0.00000000000000 -0.00000000538626
16.24649298597189 0.00000000000000 0.00000000635178 0.00000000000000 -0.00000000471693
16.28557114228452 0.00000000000000 0.00000000561022 0.00000000000000 -0.00000000413063
16.32464929859714 0.00000000000000 0.00000000495505 0.00000000000000 -0.00000000361709
16.36372745490977 0.00000000000000 0.00000000437624 0.00000000000000 -0.00000000316729
16.40280561122240 0.00000000000000 0.00000000386491 0.00000000000000 -0.00000000277333
16.44188376753502 0.00000000000000 0.00000000341321 0.00000000000000 -0.00000000242830
16.48096192384765 0.00000000000000 0.00000000301420 0.00000000000000 -0.00000000212613
16.52004008016028 0.00000000000000 0.00000000266174 0.00000000000000 -0.00000000186150
16.55911823647291 0.00000000000000 0.00000000235043 0.00000000000000 -0.00000000162976
16.59819639278553 0.00000000000000 0.00000000207546 0.00000000000000 -0.00000000142683
16.63727454909816 0.00000000000000 0.00000000183260 0.00000000000000 -0.00000000124913
16.67635270541079 0.00000000000000 0.00000000161810 0.00000000000000 -0.00000000109353
16.71543086172341 0.00000000000000 0.00000000142868 0.00000000000000 -0.00000000095729
16.75450901803604 0.00000000000000 0.00000000126138 0.00000000000000 -0.00000000083800
16.79358717434867 0.00000000000000 0.00000000111365 0.00000000000000 -0.00000000073355
16.83266533066129 0.00000000000000 0.00000000098319 0.00000000000000 -0.00000000064211
16.87174348697392 0.00000000000000 0.00000000086799 0.00000000000000 -0.00000000056205
16.91082164328655 0.00000000000000 0.00000000076627 0.00000000000000 -0.00000000049196
16.94989979959917 0.00000000000000 0.00000000067645 0.00000000000000 -0.00000000043060
16.98897795591180 0.00000000000000 0.00000000059714 0.00000000000000 -0.00000000037688
17.02805611222443 0.00000000000000 0.00000000052711 0.00000000000000 -0.00000000032986
17.06713426853705 0.00000000000000 0.00000000046529 0.00000000000000 -0.00000000028870
17.10621242484968 0.00000000000000 0.00000000041071 0.00000000000000 -0.00000000025267
17.14529058116231 0.00000000000000 0.00000000036252 0.00000000000000 -0.00000000022113
17.18436873747493 0.00000000000000 0.00000000031998 0.00000000000000 -0.00000000019352
17.22344689378756 0.00000000000000 0.00000000028242 0.00000000000000 -0.00000000016936
17.26252505010019 0.00000000000000 0.00000000024926 0.00000000000000 -0.00000000014821
17.30160320641281 0.00000000000000 0.00000000022000 0.00000000000000 -0.00000000012970
17.34068136272544 0.00000000000000 0.00000000019416 0.00000000000000 -0.00000000011349
17.37975951903807 0.00000000000000 0.00000000017136 0.00000000000000 -0.00000000009931
17.41883767535069 0.00000000000000 0.00000000015123 0.00000000000000 -0.00000000008691
17.45791583166332 0.00000000000000 0.00000000013346 0.00000000000000 -0.00000000007604
17.49699398797595 0.00000000000000 0.00000000011777 0.00000000000000 -0.00000000006654
17.53607214428857 0.00000000000000 0.00000000010393 0.00000000000000 -0.00000000005822
17.57515030060120 0.00000000000000 0.00000000009171 0.00000000000000 -0.00000000005094
17.61422845691383 0.00000000000000 0.00000000008093 0.00000000000000 -0.00000000004457
17.65330661322646 0.00000000000000 0.00000000007142 0.00000000000000 -0.00000000003900
17.69238476953908 0.00000000000000 0.00000000006302 0.00000000000000 -0.00000000003412
17.73146292585171 0.00000000000000 0.00000000005561 0.00000000000000 -0.00000000002985
17.77054108216434 0.00000000000000 0.00000000004906 0.00000000000000 -0.00000000002612
17.80961923847696 0.00000000000000 0.00000000004329 0.00000000000000 -0.00000000002285
17.84869739478959 0.00000000000000 0.00000000003820 0.00000000000000 -0.00000000001999
17.88777555110222 0.00000000000000 0.00000000003370 0.00000000000000 -0.00000000001749
17.92685370741484 0.00000000000000 0.00000000002974 0.00000000000000 -0.00000000001530
17.96593186372747 0.00000000000000 0.00000000002624 0.00000000000000 -0.00000000001339
18.00501002004010 0.00000000000000 0.00000000002315 0.00000000000000 -0.00000000001171
18.04408817635272 0.00000000000000 0.00000000002042 0.00000000000000 -0.00000000001025
18.08316633266535 0.00000000000000 0.00000000001802 0.00000000000000 -0.00000000000896
18.12224448897798 0.00000000000000 0.00000000001589 0.00000000000000 -0.00000000000784
18.16132264529060 0.00000000000000 0.00000000001402 0.00000000000000 -0.00000000000686
18.20040080160323 0.00000000000000 0.00000000001237 0.00000000000000 -0.00000000000600
18.23947895791586 0.00000000000000 0.00000000001091 0.00000000000000 -0.00000000000525
18.27855711422848 0.00000000000000 0.00000000000963 0.00000000000000 -0.00000000000459
18.31763527054111 0.00000000000000 0.00000000000849 0.00000000000000 -0.00000000000402
18.35671342685374 0.00000000000000 0.00000000000749 0.00000000000000 -0.00000000000351
18.39579158316636 0.00000000000000 0.00000000000661 0.00000000000000 -0.00000000000307
18.43486973947899 0.00000000000000 0.00000000000583 0.00000000000000 -0.00000000000269
18.47394789579162 0.00000000000000 0.00000000000514 0.00000000000000 -0.00000000000235
18.51302605210424 0.00000000000000 0.00000000000454 0.00000000000000 -0.00000000000206
18.55210420841687 0.00000000000000 0.00000000000400 0.00000000000000 -0.00000000000180
18.59118236472950 0.00000000000000 0.00000000000353 0.00000000000000 -0.00000000000157
18.63026052104212 0.00000000000000 0.00000000000311 0.00000000000000 -0.00000000000138
18.66933867735475 0.00000000000000 0.00000000000275 0.00000000000000 -0.00000000000120
18.70841683366738 0.00000000000000 0.00000000000242 0.00000000000000 -0.00000000000105
18.74749498998001 0.00000000000000 0.00000000000214 0.00000000000000 -0.00000000000092
18.78657314629263 0.00000000000000 0.00000000000188 0.00000000000000 -0.00000000000081
18.82565130260526 0.00000000000000 0.00000000000166 0.00000000000000 -0.00000000000070
18.86472945891789 0.00000000000000 0.00000000000147 0.00000000000000 -0.00000000000062
18.90380761523051 0.00000000000000 0.00000000000129 0.00000000000000 -0.00000000000054
18.94288577154314 0.00000000000000 0.00000000000114 0.00000000000000 -0.00000000000047
18.98196392785577 0.00000000000000 0.00000000000101 0.00000000000000 -0.00000000000041
19.02104208416839 0.00000000000000 0.00000000000089 0.00000000000000 -0.00000000000036
19.06012024048102 0.00000000000000 0.00000000000078 0.00000000000000 -0.00000000000032
19.09919839679365 0.00000000000000 0.00000000000069 0.00000000000000 -0.00000000000028
19.13827655310627 0.00000000000000 0.00000000000061 0.00000000000000 -0.00000000000024
19.17735470941890 0.00000000000000 0.00000000000054 0.00000000000000 -0.00000000000021
19.21643286573153 0.00000000000000 0.00000000000047 0.00000000000000 -0.00000000000018
19.25551102204415 0.00000000000000 0.00000000000042 0.00000000000000 -0.00000000000016
19.29458917835678 0.00000000000000 0.00000000000037 0.00000000000000 -0.00000000000014
19.33366733466941 0.00000000000000 0.00000000000032 0.00000000000000 -0.00000000000012
19.37274549098203 0.00000000000000 0.00000000000029 0.00000000000000 -0.00000000000011
19.41182364729466 0.00000000000000 0.00000000000025 0.00000000000000 -0.00000000000009
19.45090180360729 0.00000000000000 0.00000000000022 0.00000000000000 -0.00000000000008
19.48997995991991 0.00000000000000 0.00000000000020 0.00000000000000 -0.00000000000007
19.52905811623254 0.00000000000000 0.00000000000017 0.00000000000000 -0.00000000000006
19.56813627254517 0.00000000000000 0.00000000000015 0.00000000000000 -0.00000000000006
19.60721442885779 0.00000000000000 0.00000000000013 0.00000000000000 -0.00000000000005
19.64629258517042 0.00000000000000 0.00000000000012 0.00000000000000 -0.00000000000004
19.68537074148305 0.00000000000000 0.00000000000010 0.00000000000000 -0.00000000000004
19.72444889779567 0.00000000000000 0.00000000000009 0.00000000000000 -0.00000000000003
19.76352705410830 0.00000000000000 0.00000000000008 0.00000000000000 -0.00000000000003
19.80260521042093 0.00000000000000 0.00000000000007 0.00000000000000 -0.00000000000002
19.84168336673356 0.00000000000000 0.00000000000006 0.00000000000000 -0.00000000000002
19.88076152304618 0.00000000000000 0.00000000000006 0.00000000000000 -0.00000000000002
19.91983967935881 0.00000000000000 0.00000000000005 0.00000000000000 -0.00000000000002
19.95891783567144 0.00000000000000 0.00000000000004 0.00000000000000 -0.00000000000001
19.99799599198406 0.00000000000000 0.00000000000004 0.00000000000000 -0.00000000000001
20.03707414829669 0.00000000000000 0.00000000000003 0.00000000000000 -0.00000000000001
20.07615230460932 0.00000000000000 0.00000000000003 0.00000000000000 -0.00000000000001
20.11523046092194 0.00000000000000 0.00000000000003 0.00000000000000 -0.00000000000001
20.15430861723457 0.00000000000000 0.00000000000002 0.00000000000000 -0.00000000000001
20.19338677354720 0.00000000000000 0.00000000000002 0.00000000000000 -0.00000000000001
20.23246492985982 0.00000000000000 0.00000000000002 0.00000000000000 -0.00000000000001
20.27154308617245 0.00000000000000 0.00000000000002 0.00000000000000 -0.00000000000000
20.31062124248508 0.00000000000000 0.00000000000001 0.00000000000000 -0.00000000000000
20.34969939879770 0.00000000000000 0.00000000000001 0.00000000000000 -0.00000000000000
20.38877755511033 0.00000000000000 0.00000000000001 0.00000000000000 -0.00000000000000
20.42785571142296 0.00000000000000 0.00000000000001 0.00000000000000 -0.00000000000000
20.46693386773558 0.00000000000000 0.00000000000001 0.00000000000000 -0.00000000000000
20.50601202404821 0.00000000000000 0.00000000000001 0.00000000000000 -0.00000000000000
20.54509018036084 0.00000000000000 0.00000000000001 0.00000000000000 -0.00000000000000
20.58416833667346 0.00000000000000 0.00000000000001 0.00000000000000 -0.00000000000000
20.62324649298609 0.00000000000000 0.00000000000001 0.00000000000000 -0.00000000000000
20.66232464929872 0.00000000000000 0.00000000000000 0.00000000000000 -0.00000000000000
20.70140280561134 0.00000000000000 0.00000000000000 0.00000000000000 -0.00000000000000
20.74048096192397 0.00000000000000 0.00000000000000 0.00000000000000 -0.00000000000000
20.77955911823660 0.00000000000000 0.00000000000000 0.00000000000000 -0.00000000000000
20.81863727454922 0.00000000000000 0.00000000000000 0.00000000000000 -0.00000000000000
20.85771543086185 0.00000000000000 0.00000000000000 0.00000000000000 -0.00000000000000
20.89679358717448 0.00000000000000 0.00000000000000 0.00000000000000 -0.00000000000000
20.93587174348711 0.00000000000000 0.00000000000000 0.00000000000000 -0.00000000000000
20.97494989979973 0.00000000000000 0.00000000000000 0.00000000000000 -0.00000000000000
21.01402805611236 0.00000000000000 0.00000000000000 0.00000000000000 -0.00000000000000
21.05310621242499 0.00000000000000 0.00000000000000 0.00000000000000 -0.00000000000000
21.09218436873761 0.00000000000000 0.00000000000000 0.00000000000000 -0.00000000000000
21.13126252505024 0.00000000000000 0.00000000000000 0.00000000000000 -0.00000000000000
21.17034068136287 0.00000000000000 0.00000000000000 0.00000000000000 -0.00000000000000
21.20941883767549 0.00000000000000 0.00000000000000 0.00000000000000 -0.00000000000000
21.24849699398812 0.00000000000000 0.00000000000000 0.00000000000000 -0.00000000000000
21.28757515030075 0.00000000000000 0.00000000000000 0.00000000000000 -0.00000000000000
21.32665330661337 0.00000000000000 0.00000000000000 0.00000000000000 -0.00000000000000
21.36573146292600 0.00000000000000 0.00000000000000 0.00000000000000 -0.00000000000000
21.40480961923863 0.00000000000000 0.00000000000000 0.00000000000000 -0.00000000000000
21.44388777555125 0.00000000000000 0.00000000000000 0.00000000000000 -0.00000000000000
21.48296593186388 0.00000000000000 0.00000000000000 0.00000000000000 -0.00000000000000
21.52204408817651 0.00000000000000 0.00000000000000 0.00000000000000 -0.00000000000000
21.56112224448913 0.00000000000000 0.00000000000000 0.00000000000000 -0.00000000000000
21.60020040080176 0.00000000000000 0.00000000000000 0.00000000000000 -0.00000000000000
21.63927855711439 0.00000000000000 0.00000000000000 0.00000000000000 -0.00000000000000
21.67835671342701 0.00000000000000 0.00000000000000 0.00000000000000 -0.00000000000000
21.71743486973964 0.00000000000000 0.00000000000000 0.00000000000000 -0.00000000000000
21.75651302605227 0.00000000000000 0.00000000000000 0.00000000000000 -0.00000000000000
21.79559118236489 0.00000000000000 0.00000000000000 0.00000000000000 -0.00000000000000
21.83466933867752 0.00000000000000 0.00000000000000 0.00000000000000 -0.00000000000000
21.87374749499015 0.00000000000000 0.00000000000000 0.00000000000000 -0.00000000000000
21.91282565130278 0.00000000000000 0.00000000000000 0.00000000000000 -0.00000000000000
21.95190380761540 0.00000000000000 0.00000000000000 0.00000000000000 -0.00000000000000
21.99098196392803 0.00000000000000 0.00000000000000 0.00000000000000 -0.00000000000000
22.03006012024066 0.00000000000000 0.00000000000000 0.00000000000000 -0.00000000000000
22.06913827655328 0.00000000000000 0.00000000000000 0.00000000000000 -0.00000000000000
22.10821643286591 0.00000000000000 0.00000000000000 0.00000000000000 -0.00000000000000
22.14729458917854 0.00000000000000 0.00000000000000 0.00000000000000 -0.00000000000000
22.18637274549116 0.00000000000000 0.00000000000000 0.00000000000000 -0.00000000000000
22.22545090180379 0.00000000000000 0.00000000000000 0.00000000000000 -0.00000000000000
22.26452905811642 0.00000000000000 0.00000000000000 0.00000000000000 -0.00000000000000
22.30360721442904 0.00000000000000 0.00000000000000 0.00000000000000 -0.00000000000000
22.34268537074167 0.00000000000000 0.00000000000000 0.00000000000000 -0.00000000000000
22.38176352705430 0.00000000000000 0.00000000000000 0.00000000000000 -0.00000000000000
22.42084168336692 0.00000000000000 0.00000000000000 0.00000000000000 -0.00000000000000
22.45991983967955 0.00000000000000 0.00000000000000 0.00000000000000 -0.00000000000000
22.49899799599218 0.00000000000000 0.00000000000000 0.00000000000000 -0.00000000000000
22.53807615230480 0.00000000000000 0.00000000000000 0.00000000000000 -0.00000000000000
22.57715430861743 0.00000000000000 0.00000000000000 0.00000000000000 -0.00000000000000
22.61623246493006 0.00000000000000 0.00000000000000 0.00000000000000 -0.00000000000000
22.65531062124268 0.00000000000000 0.00000000000000 0.00000000000000 -0.00000000000000
22.69438877755531 0.00000000000000 0.00000000000000 0.00000000000000 -0.00000000000000
22.73346693386794 0.00000000000000 0.00000000000000 0.00000000000000 -0.00000000000000
22.77254509018056 0.00000000000000 0.00000000000000 0.00000000000000 -0.00000000000000
22.81162324649319 0.00000000000000 0.00000000000000 0.00000000000000 -0.00000000000000
22.85070140280582 0.00000000000000 0.00000000000000 0.00000000000000 -0.00000000000000
22.88977955911844 0.00000000000000 0.00000000000000 0.00000000000000 -0.00000000000000
22.92885771543107 0.00000000000000 0.00000000000000 0.00000000000000 -0.00000000000000
22.96793587174370 0.00000000000000 0.00000000000000 0.00000000000000 -0.00000000000000
23.00701402805633 0.00000000000000 0.00000000000000 0.00000000000000 -0.00000000000000
23.04609218436895 0.00000000000000 0.00000000000000 0.00000000000000 -0.00000000000000
23.08517034068158 0.00000000000000 0.00000000000000 0.00000000000000 -0.00000000000000
23.12424849699421 0.00000000000000 0.00000000000000 0.00000000000000 -0.00000000000000
23.16332665330683 0.00000000000000 0.00000000000000 0.00000000000000 -0.00000000000000
23.20240480961946 0.00000000000000 0.00000000000000 0.00000000000000 -0.00000000000000
23.24148296593209 0.00000000000000 0.00000000000000 0.00000000000000 -0.00000000000000
23.28056112224471 0.00000000000000 0.00000000000000 0.00000000000000 -0.00000000000000
23.31963927855734 0.00000000000000 0.00000000000000 0.00000000000000 -0.00000000000000
23.35871743486997 0.00000000000000 0.00000000000000 0.00000000000000 -0.00000000000000
23.39779559118259 0.00000000000000 0.00000000000000 0.00000000000000 -0.00000000000000
23.43687374749522 0.00000000000000 0.00000000000000 0.00000000000000 -0.00000000000000
23.47595190380785 0.00000000000000 0.00000000000000 0.00000000000000 -0.00000000000000
23.51503006012047 0.00000000000000 0.00000000000000 0.00000000000000 -0.00000000000000
23.55410821643310 0.00000000000000 0.00000000000000 0.00000000000000 -0.00000000000000
23.59318637274573 0.00000000000000 0.00000000000000 0.00000000000000 -0.00000000000000
23.63226452905835 0.00000000000000 0.00000000000000 0.00000000000000 -0.00000000000000
23.67134268537098 0.00000000000000 0.00000000000000 0.00000000000000 -0.00000000000000
23.71042084168361 0.00000000000000 0.00000000000000 0.00000000000000 -0.00000000000000
23.74949899799623 0.00000000000000 0.00000000000000 0.00000000000000 -0.00000000000000
23.78857715430886 0.00000000000000 0.00000000000000 0.00000000000000 -0.00000000000000
23.82765531062149 0.00000000000000 0.00000000000000 0.00000000000000 -0.00000000000000
23.86673346693411 0.00000000000000 0.00000000000000 0.00000000000000 -0.00000000000000
23.90581162324674 0.00000000000000 0.00000000000000 0.00000000000000 -0.00000000000000
23.94488977955937 0.00000000000000 0.00000000000000 0.00000000000000 -0.00000000000000
23.98396793587199 0.00000000000000 0.00000000000000 0.00000000000000 -0.00000000000000
24.02304609218462 0.00000000000000 0.00000000000000 0.00000000000000 -0.00000000000000
24.06212424849725 0.00000000000000 0.00000000000000 0.00000000000000 -0.00000000000000
24.10120240480988 0.00000000000000 0.00000000000000 0.00000000000000 -0.00000000000000
24.14028056112250 0.00000000000000 0.00000000000000 0.00000000000000 -0.00000000000000
24.17935871743513 0.00000000000000 0.00000000000000 0.00000000000000 -0.00000000000000
24.21843687374776 0.00000000000000 0.00000000000000 0.00000000000000 -0.00000000000000
24.25751503006038 0.00000000000000 0.00000000000000 0.00000000000000 -0.00000000000000
24.29659318637301 0.00000000000000 0.00000000000000 0.00000000000000 -0.00000000000000
24.33567134268564 0.00000000000000 0.00000000000000 0.00000000000000 -0.00000000000000
24.37474949899826 0.00000000000000 0.00000000000000 0.00000000000000 -0.00000000000000
24.41382765531089 0.00000000000000 0.00000000000000 0.00000000000000 -0.00000000000000
24.45290581162352 0.00000000000000 0.00000000000000 0.00000000000000 -0.00000000000000
24.49198396793614 0.00000000000000 0.00000000000000 0.00000000000000 -0.00000000000000
24.53106212424877 0.00000000000000 0.00000000000000 0.00000000000000 -0.00000000000000
24.57014028056140 0.00000000000000 0.00000000000000 0.00000000000000 -0.00000000000000
24.60921843687402 0.00000000000000 0.00000000000000 0.00000000000000 -0.00000000000000
24.64829659318665 0.00000000000000 0.00000000000000 0.00000000000000 -0.00000000000000
24.68737474949928 0.00000000000000 0.00000000000000 0.00000000000000 -0.00000000000000
24.72645290581190 0.00000000000000 0.00000000000000 0.00000000000000 -0.00000000000000
24.76553106212453 0.00000000000000 0.00000000000000 0.00000000000000 -0.00000000000000
24.80460921843716 0.00000000000000 0.00000000000000 0.00000000000000 -0.00000000000000
24.84368737474978 0.00000000000000 0.00000000000000 0.00000000000000 -0.00000000000000
24.88276553106241 0.00000000000000 0.00000000000000 0.00000000000000 -0.00000000000000
24.92184368737504 0.00000000000000 0.00000000000000 0.00000000000000 -0.00000000000000
24.96092184368766 0.00000000000000 0.00000000000000 0.00000000000000 -0.00000000000000
25.00000000000029 0.00000000000000 0.00000000000000 0.00000000000000 0.00000000000000
