5 1.57138e-05
5.1 1.51036e-05
5.2 1.45283e-05
5.3 1.39852e-05
5.4 1.34721e-05
5.5 1.29866e-05
5.6 1.25269e-05
5.7 1.20913e-05
5.8 1.16779e-05
5.9 1.12854e-05
6 1.09124e-05
6.1 1.05575e-05
6.2 1.02197e-05
6.3 9.89783e-06
6.4 9.59094e-06
6.5 9.29811e-06
6.6 9.01848e-06
6.7 8.75128e-06
6.8 8.49578e-06
6.9 8.25131e-06
7 8.01724e-06
7.1 7.793e-06
7.2 7.57803e-06
7.3 7.37183e-06
7.4 7.17394e-06
7.5 6.98391e-06
7.6 6.80133e-06
7.7 6.62582e-06
7.8 6.45702e-06
7.9 6.29458e-06
8 6.1382e-06
8.1 5.98758e-06
8.2 5.84243e-06
8.3 5.7025e-06
8.4 5.56753e-06
8.5 5.4373e-06
8.6 5.31159e-06
8.7 5.19018e-06
8.8 5.07289e-06
8.9 4.95954e-06
9 4.84994e-06
9.1 4.74393e-06
9.2 4.64136e-06
9.3 4.54209e-06
9.4 4.44596e-06
9.5 4.35285e-06
9.6 4.26264e-06
9.7 4.1752e-06
9.8 4.09043e-06
9.9 4.00821e-06
10 3.92845e-06
10.1 3.85104e-06
10.2 3.7759e-06
10.3 3.70294e-06
10.4 3.63207e-06
10.5 3.56322e-06
10.6 3.49631e-06
10.7 3.43126e-06
10.8 3.36801e-06
10.9 3.3065e-06
11 3.24665e-06
11.1 3.18842e-06
11.2 3.13174e-06
11.3 3.07655e-06
11.4 3.02281e-06
11.5 2.97047e-06
11.6 2.91948e-06
11.7 2.86979e-06
11.8 2.82135e-06
11.9 2.77413e-06
12 2.72809e-06
12.1 2.68318e-06
12.2 2.63938e-06
12.3 2.59664e-06
12.4 2.55492e-06
12.5 2.51421e-06
12.6 2.47446e-06
12.7 2.43564e-06
12.8 2.39774e-06
12.9 2.36071e-06
13 2.32453e-06
13.1 2.28917e-06
13.2 2.25462e-06
13.3 2.22084e-06
13.4 2.18782e-06
13.5 2.15553e-06
13.6 2.12395e-06
13.7 2.09305e-06
13.8 2.06283e-06
13.9 2.03325e-06
14 2.00431e-06
14.1 1.97598e-06
14.2 1.94825e-06
14.3 1.9211e-06
14.4 1.89451e-06
14.5 1.86847e-06
14.6 1.84296e-06
14.7 1.81797e-06
14.8 1.79349e-06
14.9 1.76949e-06
15 1.74598e-06
15.1 1.72293e-06
15.2 1.70033e-06
15.3 1.67818e-06
15.4 1.65646e-06
15.5 1.63515e-06
15.6 1.61425e-06
15.7 1.59376e-06
15.8 1.57365e-06
15.9 1.55391e-06
16 1.53455e-06
16.1 1.51555e-06
16.2 1.49689e-06
16.3 1.47858e-06
16.4 1.46061e-06
16.5 1.44296e-06
16.6 1.42562e-06
16.7 1.4086e-06
16.8 1.39188e-06
16.9 1.37546e-06
17 1.35933e-06
17.1 1.34347e-06
17.2 1.3279e-06
17.3 1.31259e-06
17.4 1.29755e-06
17.5 1.28276e-06
17.6 1.26822e-06
17.7 1.25393e-06
17.8 1.23988e-06
17.9 1.22607e-06
18 1.21248e-06
18.1 1.19912e-06
18.2 1.18598e-06
18.3 1.17306e-06
18.4 1.16034e-06
18.5 1.14783e-06
18.6 1.13552e-06
18.7 1.12341e-06
18.8 1.11149e-06
18.9 1.09976e-06
19 1.08821e-06
19.1 1.07685e-06
19.2 1.06566e-06
19.3 1.05465e-06
19.4 1.0438e-06
19.5 1.03312e-06
19.6 1.02261e-06
19.7 1.01225e-06
19.8 1.00205e-06
19.9 9.92008e-07
